1 28.5133 0.160451 1.79769e+308 1.79769e+308 inf inf
2 0.238921 0.0430504 1.79769e+308 1.79769e+308 inf inf
3 1.05446 0.0350781 0.0430504 0.001246 130.199 22.1503
4 0.0516005 0.0983896 0.0350781 0.0011002 117.527 20.8141
5 0.103545 0.0639071 0.0350781 0.0011002 117.527 20.8141
6 0.170163 0.10943 0.0350781 0.0011002 117.527 20.8141
7 0.12404 0.0375524 0.0350781 0.0011002 117.527 20.8141
8 0.608261 0.0933923 0.0350781 0.0011002 117.527 20.8141
9 0.0667608 0.0537754 0.0350781 0.0011002 117.527 20.8141
10 0.119728 0.0353948 0.0350781 0.0011002 117.527 20.8141
11 0.0809811 0.0358111 0.0350781 0.0011002 117.527 20.8141
12 0.086372 0.0159057 0.0350781 0.0011002 117.527 20.8141
13 0.142865 0.0797829 0.0159057 0.000455483 79.1401 13.3923
14 0.0645364 0.0207232 0.0159057 0.000455483 79.1401 13.3923
15 0.0660299 0.0288632 0.0159057 0.000455483 79.1401 13.3923
16 0.110575 0.0300623 0.0159057 0.000455483 79.1401 13.3923
17 0.02947 0.0109962 0.0159057 0.000455483 79.1401 13.3923
18 0.0787556 0.0124037 0.0109962 0.000378875 65.8024 12.2143
19 0.0413798 0.0267063 0.0109962 0.000378875 65.8024 12.2143
20 0.0657511 0.0419131 0.0109962 0.000378875 65.8024 12.2143
21 0.0655292 0.0128984 0.0109962 0.000378875 65.8024 12.2143
22 0.0472091 0.013265 0.0109962 0.000378875 65.8024 12.2143
23 0.138038 0.0568947 0.0109962 0.000378875 65.8024 12.2143
24 0.019317 0.0117982 0.0109962 0.000378875 65.8024 12.2143
25 0.0428322 0.00966593 0.0109962 0.000378875 65.8024 12.2143
26 0.0478672 0.00909446 0.00966593 0.000329427 61.6939 11.3894
27 0.0911051 0.00512261 0.00909446 0.000337378 59.8424 11.526
28 0.0501388 0.0071675 0.00512261 0.000328974 44.9124 11.3815
29 0.0460828 0.0155039 0.00512261 0.000328974 44.9124 11.3815
30 0.0296637 0.0128689 0.00512261 0.000328974 44.9124 11.3815
31 0.0367128 0.0254467 0.00512261 0.000328974 44.9124 11.3815
32 0.0436874 0.010506 0.00512261 0.000328974 44.9124 11.3815
33 0.113112 0.0312518 0.00512261 0.000328974 44.9124 11.3815
34 0.0241406 0.0184896 0.00512261 0.000328974 44.9124 11.3815
35 0.0299665 0.0108252 0.00512261 0.000328974 44.9124 11.3815
36 0.0381884 0.0304044 0.00512261 0.000328974 44.9124 11.3815
37 0.0348995 0.0225149 0.00512261 0.000328974 44.9124 11.3815
38 0.0414844 0.506227 0.00512261 0.000328974 44.9124 11.3815
39 0.0867762 0.00469192 0.00512261 0.000328974 44.9124 11.3815
40 0.0219495 0.0339967 0.00469192 0.00030606 42.9829 10.978
41 0.0381028 0.00919192 0.00469192 0.00030606 42.9829 10.978
42 0.0739762 0.00467811 0.00469192 0.00030606 42.9829 10.978
43 0.0128238 0.00704161 0.00467811 0.000307937 42.9196 11.0116
44 0.0862355 0.0199316 0.00467811 0.000307937 42.9196 11.0116
45 0.0106625 0.0227099 0.00467811 0.000307937 42.9196 11.0116
46 0.0444501 0.0186441 0.00467811 0.000307937 42.9196 11.0116
47 0.0704256 0.00425207 0.00467811 0.000307937 42.9196 11.0116
48 0.0162263 0.00967696 0.00425207 0.000304588 40.9186 10.9516
49 0.0303275 0.0108213 0.00425207 0.000304588 40.9186 10.9516
50 0.0426923 0.732413 0.00425207 0.000304588 40.9186 10.9516
51 0.0381052 0.018267 0.00425207 0.000304588 40.9186 10.9516
52 0.0332982 0.348251 0.00425207 0.000304588 40.9186 10.9516
53 0.127342 0.024281 0.00425207 0.000304588 40.9186 10.9516
54 0.00923348 0.0150702 0.00425207 0.000304588 40.9186 10.9516
55 0.0274991 0.0338084 0.00425207 0.000304588 40.9186 10.9516
56 0.0532045 0.0110564 0.00425207 0.000304588 40.9186 10.9516
57 0.0199397 0.0356127 0.00425207 0.000304588 40.9186 10.9516
58 0.0365186 0.231227 0.00425207 0.000304588 40.9186 10.9516
59 0.0299286 0.0219717 0.00425207 0.000304588 40.9186 10.9516
60 0.0330765 0.0269531 0.00425207 0.000304588 40.9186 10.9516
61 0.0385184 0.00490989 0.00425207 0.000304588 40.9186 10.9516
62 0.0327015 0.00450944 0.00425207 0.000304588 40.9186 10.9516
63 0.0209566 0.168053 0.00425207 0.000304588 40.9186 10.9516
64 0.0335027 0.0960294 0.00425207 0.000304588 40.9186 10.9516
65 0.0581591 0.0134521 0.00425207 0.000304588 40.9186 10.9516
66 0.0133282 0.0292785 0.00425207 0.000304588 40.9186 10.9516
67 0.0308056 0.00650438 0.00425207 0.000304588 40.9186 10.9516
68 0.0263743 0.00432613 0.00425207 0.000304588 40.9186 10.9516
69 0.0556314 0.00821297 0.00425207 0.000304588 40.9186 10.9516
70 0.0234149 0.025307 0.00425207 0.000304588 40.9186 10.9516
71 0.0325711 0.0131809 0.00425207 0.000304588 40.9186 10.9516
72 0.0465259 0.00673477 0.00425207 0.000304588 40.9186 10.9516
73 0.0262991 0.019697 0.00425207 0.000304588 40.9186 10.9516
74 0.0389421 0.00589035 0.00425207 0.000304588 40.9186 10.9516
75 0.0347902 0.00420363 0.00425207 0.000304588 40.9186 10.9516
76 0.019127 0.041606 0.00420363 0.000295236 40.6848 10.7821
77 0.038009 0.0107795 0.00420363 0.000295236 40.6848 10.7821
78 0.0313331 0.00813514 0.00420363 0.000295236 40.6848 10.7821
79 0.0260002 0.0133315 0.00420363 0.000295236 40.6848 10.7821
80 0.0645982 0.00687196 0.00420363 0.000295236 40.6848 10.7821
81 0.0159388 0.00527447 0.00420363 0.000295236 40.6848 10.7821
82 0.0314905 0.0294509 0.00420363 0.000295236 40.6848 10.7821
83 0.0707895 0.00453995 0.00420363 0.000295236 40.6848 10.7821
84 0.00995857 0.00466607 0.00420363 0.000295236 40.6848 10.7821
85 0.023443 0.00698036 0.00420363 0.000295236 40.6848 10.7821
86 0.0274571 0.00867028 0.00420363 0.000295236 40.6848 10.7821
87 0.0689456 0.00561114 0.00420363 0.000295236 40.6848 10.7821
88 0.0132167 0.00542829 0.00420363 0.000295236 40.6848 10.7821
89 0.0281095 0.0304519 0.00420363 0.000295236 40.6848 10.7821
90 0.0210405 0.0342113 0.00420363 0.000295236 40.6848 10.7821
91 0.0298675 0.0569069 0.00420363 0.000295236 40.6848 10.7821
92 0.0550432 0.00679328 0.00420363 0.000295236 40.6848 10.7821
93 0.016477 0.00445171 0.00420363 0.000295236 40.6848 10.7821
94 0.0330034 0.129814 0.00420363 0.000295236 40.6848 10.7821
95 0.0342827 0.00400357 0.00420363 0.000295236 40.6848 10.7821
96 0.0232402 0.00928407 0.00400357 0.00029283 39.7049 10.7381
97 0.0245244 0.011982 0.00400357 0.00029283 39.7049 10.7381
98 0.0322744 0.00730884 0.00400357 0.00029283 39.7049 10.7381
99 0.0249733 0.0457715 0.00400357 0.00029283 39.7049 10.7381
100 0.0222073 0.0126794 0.00400357 0.00029283 39.7049 10.7381
101 0.0327797 0.00595268 0.00400357 0.00029283 39.7049 10.7381
102 0.0309859 0.0043889 0.00400357 0.00029283 39.7049 10.7381
103 0.0414131 0.0323709 0.00400357 0.00029283 39.7049 10.7381
104 0.0206695 0.00757882 0.00400357 0.00029283 39.7049 10.7381
105 0.0695735 0.00591377 0.00400357 0.00029283 39.7049 10.7381
106 0.0127636 0.00521884 0.00400357 0.00029283 39.7049 10.7381
107 0.023525 0.0179642 0.00400357 0.00029283 39.7049 10.7381
108 0.0360773 0.0136764 0.00400357 0.00029283 39.7049 10.7381
109 0.0211371 0.00485826 0.00400357 0.00029283 39.7049 10.7381
110 0.0513502 0.00406022 0.00400357 0.00029283 39.7049 10.7381
111 0.0161985 0.00866158 0.00400357 0.00029283 39.7049 10.7381
112 0.0291817 0.0337354 0.00400357 0.00029283 39.7049 10.7381
113 0.111921 0.00893326 0.00400357 0.00029283 39.7049 10.7381
114 0.00721161 0.00383115 0.00400357 0.00029283 39.7049 10.7381
115 0.0246698 0.0277865 0.00383115 0.000294521 38.8405 10.7691
116 0.0179826 0.0144462 0.00383115 0.000294521 38.8405 10.7691
117 0.0970667 0.00596618 0.00383115 0.000294521 38.8405 10.7691
118 0.00784433 0.00518553 0.00383115 0.000294521 38.8405 10.7691
119 0.0425252 0.00302597 0.00383115 0.000294521 38.8405 10.7691
120 0.0135226 0.0272246 0.00302597 0.000297489 34.5185 10.8232
121 0.0256195 0.0135278 0.00302597 0.000297489 34.5185 10.8232
122 0.0534691 0.016124 0.00302597 0.000297489 34.5185 10.8232
123 0.0240676 0.0042534 0.00302597 0.000297489 34.5185 10.8232
124 0.0226834 0.00450939 0.00302597 0.000297489 34.5185 10.8232
125 0.0587381 0.0214092 0.00302597 0.000297489 34.5185 10.8232
126 0.0212315 0.0129062 0.00302597 0.000297489 34.5185 10.8232
127 0.0215406 0.00797843 0.00302597 0.000297489 34.5185 10.8232
128 0.0232131 0.114153 0.00302597 0.000297489 34.5185 10.8232
129 0.0471094 0.0159792 0.00302597 0.000297489 34.5185 10.8232
130 0.0312143 0.0115309 0.00302597 0.000297489 34.5185 10.8232
131 0.023444 0.0509951 0.00302597 0.000297489 34.5185 10.8232
132 0.0379304 0.00364721 0.00302597 0.000297489 34.5185 10.8232
133 0.0767071 0.154087 0.00302597 0.000297489 34.5185 10.8232
134 0.00983964 0.00719396 0.00302597 0.000297489 34.5185 10.8232
135 0.0201098 0.00393792 0.00302597 0.000297489 34.5185 10.8232
136 0.028355 0.00407774 0.00302597 0.000297489 34.5185 10.8232
137 0.0252376 0.0941949 0.00302597 0.000297489 34.5185 10.8232
138 0.0776015 0.0100668 0.00302597 0.000297489 34.5185 10.8232
139 0.0157104 0.0151093 0.00302597 0.000297489 34.5185 10.8232
140 0.0229442 0.00880181 0.00302597 0.000297489 34.5185 10.8232
141 0.0315906 0.0153677 0.00302597 0.000297489 34.5185 10.8232
142 0.0244055 0.0115759 0.00302597 0.000297489 34.5185 10.8232
143 0.0287189 0.111388 0.00302597 0.000297489 34.5185 10.8232
144 0.0284893 0.00557748 0.00302597 0.000297489 34.5185 10.8232
145 0.0296322 0.00314366 0.00302597 0.000297489 34.5185 10.8232
146 0.0247182 0.00557982 0.00302597 0.000297489 34.5185 10.8232
147 0.0266984 0.00451157 0.00302597 0.000297489 34.5185 10.8232
148 0.0332472 0.00858339 0.00302597 0.000297489 34.5185 10.8232
149 0.0278505 0.0716672 0.00302597 0.000297489 34.5185 10.8232
150 0.0464598 0.00517648 0.00302597 0.000297489 34.5185 10.8232
151 0.0128235 0.00498784 0.00302597 0.000297489 34.5185 10.8232
152 0.0474678 0.0208558 0.00302597 0.000297489 34.5185 10.8232
153 0.0143059 0.00423696 0.00302597 0.000297489 34.5185 10.8232
154 0.0426406 0.00449237 0.00302597 0.000297489 34.5185 10.8232
155 0.00864173 0.00796326 0.00302597 0.000297489 34.5185 10.8232
156 0.0315571 0.429178 0.00302597 0.000297489 34.5185 10.8232
157 0.0359674 0.0144844 0.00302597 0.000297489 34.5185 10.8232
158 0.175911 0.018082 0.00302597 0.000297489 34.5185 10.8232
159 0.00717251 0.00488288 0.00302597 0.000297489 34.5185 10.8232
160 0.00894224 0.00437494 0.00302597 0.000297489 34.5185 10.8232
161 0.0189019 0.0157044 0.00302597 0.000297489 34.5185 10.8232
162 0.0303976 0.0347027 0.00302597 0.000297489 34.5185 10.8232
163 0.0261901 0.00896002 0.00302597 0.000297489 34.5185 10.8232
164 0.030265 0.00518825 0.00302597 0.000297489 34.5185 10.8232
165 0.0241713 0.0226896 0.00302597 0.000297489 34.5185 10.8232
166 0.0300051 0.0170501 0.00302597 0.000297489 34.5185 10.8232
167 0.0182041 0.00516579 0.00302597 0.000297489 34.5185 10.8232
168 0.0361042 0.00755916 0.00302597 0.000297489 34.5185 10.8232
169 0.0210327 0.0210292 0.00302597 0.000297489 34.5185 10.8232
170 0.0279369 0.00952069 0.00302597 0.000297489 34.5185 10.8232
171 0.0235633 0.0232278 0.00302597 0.000297489 34.5185 10.8232
172 0.0443133 0.00408162 0.00302597 0.000297489 34.5185 10.8232
173 0.011573 0.00789631 0.00302597 0.000297489 34.5185 10.8232
174 0.0355007 0.00743027 0.00302597 0.000297489 34.5185 10.8232
175 0.036022 0.0262924 0.00302597 0.000297489 34.5185 10.8232
176 0.0182757 0.0040666 0.00302597 0.000297489 34.5185 10.8232
177 0.0290524 0.00394797 0.00302597 0.000297489 34.5185 10.8232
178 0.0229868 0.117469 0.00302597 0.000297489 34.5185 10.8232
179 0.0391515 0.0114202 0.00302597 0.000297489 34.5185 10.8232
180 0.014503 0.0145547 0.00302597 0.000297489 34.5185 10.8232
181 0.0407276 0.00534055 0.00302597 0.000297489 34.5185 10.8232
182 0.0232088 0.0277972 0.00302597 0.000297489 34.5185 10.8232
183 0.066145 0.349194 0.00302597 0.000297489 34.5185 10.8232
184 0.0177942 0.00309706 0.00302597 0.000297489 34.5185 10.8232
185 0.0165682 0.489088 0.00302597 0.000297489 34.5185 10.8232
186 0.034908 0.00518981 0.00302597 0.000297489 34.5185 10.8232
187 0.0221931 0.0153734 0.00302597 0.000297489 34.5185 10.8232
188 0.0199093 0.0211714 0.00302597 0.000297489 34.5185 10.8232
189 0.110148 0.00348883 0.00302597 0.000297489 34.5185 10.8232
190 0.00558695 0.00910864 0.00302597 0.000297489 34.5185 10.8232
191 0.016771 0.00501067 0.00302597 0.000297489 34.5185 10.8232
192 0.0235518 0.010051 0.00302597 0.000297489 34.5185 10.8232
193 0.0377266 0.00477188 0.00302597 0.000297489 34.5185 10.8232
194 0.018721 0.0185941 0.00302597 0.000297489 34.5185 10.8232
195 0.0241683 0.00453461 0.00302597 0.000297489 34.5185 10.8232
196 0.0268878 0.00539936 0.00302597 0.000297489 34.5185 10.8232
197 0.0361816 0.00417298 0.00302597 0.000297489 34.5185 10.8232
198 0.0319051 0.00341011 0.00302597 0.000297489 34.5185 10.8232
199 0.0126628 0.0195557 0.00302597 0.000297489 34.5185 10.8232
200 0.107152 0.0031999 0.00302597 0.000297489 34.5185 10.8232
201 0.00586384 0.0259628 0.00302597 0.000297489 34.5185 10.8232
202 0.00993573 0.00823613 0.00302597 0.000297489 34.5185 10.8232
203 0.0257391 0.00549906 0.00302597 0.000297489 34.5185 10.8232
204 0.0288602 0.173377 0.00302597 0.000297489 34.5185 10.8232
205 0.0351262 0.00873779 0.00302597 0.000297489 34.5185 10.8232
206 0.0319609 0.0386409 0.00302597 0.000297489 34.5185 10.8232
207 0.0318054 0.00901679 0.00302597 0.000297489 34.5185 10.8232
208 0.0229751 0.00684155 0.00302597 0.000297489 34.5185 10.8232
209 0.0242848 0.0141823 0.00302597 0.000297489 34.5185 10.8232
210 0.0219056 0.0229 0.00302597 0.000297489 34.5185 10.8232
211 0.0292877 0.00529974 0.00302597 0.000297489 34.5185 10.8232
212 0.0252472 0.00560683 0.00302597 0.000297489 34.5185 10.8232
213 0.0350518 0.00840492 0.00302597 0.000297489 34.5185 10.8232
214 0.0228752 0.00658719 0.00302597 0.000297489 34.5185 10.8232
215 0.0423282 0.0133393 0.00302597 0.000297489 34.5185 10.8232
216 0.0249299 0.0236842 0.00302597 0.000297489 34.5185 10.8232
217 0.0351413 0.00375039 0.00302597 0.000297489 34.5185 10.8232
218 0.0356077 0.00553961 0.00302597 0.000297489 34.5185 10.8232
219 0.0197684 0.00438451 0.00302597 0.000297489 34.5185 10.8232
220 0.00296216 0.00458389 0.00302597 0.000297489 34.5185 10.8232
221 0.00377433 0.00408564 0.00302597 0.000297489 34.5185 10.8232
222 0.00482788 0.00388638 0.00302597 0.000297489 34.5185 10.8232
223 0.00714327 0.00761981 0.00302597 0.000297489 34.5185 10.8232
224 0.00799483 0.00435063 0.00302597 0.000297489 34.5185 10.8232
225 0.00648295 0.00336771 0.00302597 0.000297489 34.5185 10.8232
226 0.00673103 0.00472041 0.00302597 0.000297489 34.5185 10.8232
227 0.00746504 0.00328281 0.00302597 0.000297489 34.5185 10.8232
228 0.00805855 0.0100927 0.00302597 0.000297489 34.5185 10.8232
229 0.00594601 0.0112803 0.00302597 0.000297489 34.5185 10.8232
230 0.00966263 0.00537903 0.00302597 0.000297489 34.5185 10.8232
231 0.00642458 0.00474005 0.00302597 0.000297489 34.5185 10.8232
232 0.00804144 0.00536222 0.00302597 0.000297489 34.5185 10.8232
233 0.00664509 0.0111809 0.00302597 0.000297489 34.5185 10.8232
234 0.00702448 0.00300738 0.00302597 0.000297489 34.5185 10.8232
235 0.00893742 0.00371191 0.00300738 0.00029068 34.4124 10.6986
236 0.00709426 0.00842487 0.00300738 0.00029068 34.4124 10.6986
237 0.00691102 0.00682872 0.00300738 0.00029068 34.4124 10.6986
238 0.00700915 0.00401229 0.00300738 0.00029068 34.4124 10.6986
239 0.00680672 0.00419178 0.00300738 0.00029068 34.4124 10.6986
240 0.00858249 0.0062176 0.00300738 0.00029068 34.4124 10.6986
241 0.00761129 0.0075833 0.00300738 0.00029068 34.4124 10.6986
242 0.0075872 0.0166395 0.00300738 0.00029068 34.4124 10.6986
243 0.0091115 0.00575494 0.00300738 0.00029068 34.4124 10.6986
244 0.00671361 0.00486006 0.00300738 0.00029068 34.4124 10.6986
245 0.00802557 0.00413302 0.00300738 0.00029068 34.4124 10.6986
246 0.00645934 0.00556929 0.00300738 0.00029068 34.4124 10.6986
247 0.00763013 0.0047245 0.00300738 0.00029068 34.4124 10.6986
248 0.00729278 0.0158154 0.00300738 0.00029068 34.4124 10.6986
249 0.00723471 0.00621396 0.00300738 0.00029068 34.4124 10.6986
250 0.00804997 0.0178819 0.00300738 0.00029068 34.4124 10.6986
251 0.00780331 0.00665836 0.00300738 0.00029068 34.4124 10.6986
252 0.00672258 0.00382979 0.00300738 0.00029068 34.4124 10.6986
253 0.00925377 0.00493867 0.00300738 0.00029068 34.4124 10.6986
254 0.0082427 0.00653865 0.00300738 0.00029068 34.4124 10.6986
255 0.00720585 0.0133189 0.00300738 0.00029068 34.4124 10.6986
256 0.00766506 0.00435998 0.00300738 0.00029068 34.4124 10.6986
257 0.00754206 0.00693437 0.00300738 0.00029068 34.4124 10.6986
258 0.00786341 0.00498643 0.00300738 0.00029068 34.4124 10.6986
259 0.00755434 0.00448848 0.00300738 0.00029068 34.4124 10.6986
260 0.00713621 0.00742758 0.00300738 0.00029068 34.4124 10.6986
261 0.00845258 0.00911372 0.00300738 0.00029068 34.4124 10.6986
262 0.00651849 0.00831073 0.00300738 0.00029068 34.4124 10.6986
263 0.0080834 0.00684073 0.00300738 0.00029068 34.4124 10.6986
264 0.00682336 0.00497412 0.00300738 0.00029068 34.4124 10.6986
265 0.0107511 0.00438134 0.00300738 0.00029068 34.4124 10.6986
266 0.00849631 0.00390836 0.00300738 0.00029068 34.4124 10.6986
267 0.00647038 0.00568613 0.00300738 0.00029068 34.4124 10.6986
268 0.00863845 0.0174887 0.00300738 0.00029068 34.4124 10.6986
269 0.00848662 0.00621107 0.00300738 0.00029068 34.4124 10.6986
270 0.00811828 0.00651464 0.00300738 0.00029068 34.4124 10.6986
271 0.00716907 0.0162781 0.00300738 0.00029068 34.4124 10.6986
272 0.00987786 0.00295245 0.00300738 0.00029068 34.4124 10.6986
273 0.00827712 0.00826712 0.00295245 0.000288167 34.0966 10.6523
274 0.00613554 0.0065358 0.00295245 0.000288167 34.0966 10.6523
275 0.00865886 0.00361582 0.00295245 0.000288167 34.0966 10.6523
276 0.00709891 0.00401921 0.00295245 0.000288167 34.0966 10.6523
277 0.00895533 0.00333505 0.00295245 0.000288167 34.0966 10.6523
278 0.00785239 0.00787585 0.00295245 0.000288167 34.0966 10.6523
279 0.00757075 0.00508218 0.00295245 0.000288167 34.0966 10.6523
280 0.00913767 0.0109609 0.00295245 0.000288167 34.0966 10.6523
281 0.00705582 0.00886989 0.00295245 0.000288167 34.0966 10.6523
282 0.00821591 0.00515655 0.00295245 0.000288167 34.0966 10.6523
283 0.00803953 0.00809616 0.00295245 0.000288167 34.0966 10.6523
284 0.00874084 0.00327936 0.00295245 0.000288167 34.0966 10.6523
285 0.00568231 0.00418318 0.00295245 0.000288167 34.0966 10.6523
286 0.00995737 0.0246369 0.00295245 0.000288167 34.0966 10.6523
287 0.0073089 0.00903001 0.00295245 0.000288167 34.0966 10.6523
288 0.00843431 0.00960522 0.00295245 0.000288167 34.0966 10.6523
289 0.00754794 0.00440897 0.00295245 0.000288167 34.0966 10.6523
290 0.00947313 0.00825425 0.00295245 0.000288167 34.0966 10.6523
291 0.00953729 0.00348786 0.00295245 0.000288167 34.0966 10.6523
292 0.00704324 0.0119263 0.00295245 0.000288167 34.0966 10.6523
293 0.010565 0.00659803 0.00295245 0.000288167 34.0966 10.6523
294 0.00691114 0.00737379 0.00295245 0.000288167 34.0966 10.6523
295 0.00800346 0.00822736 0.00295245 0.000288167 34.0966 10.6523
296 0.00853658 0.00374077 0.00295245 0.000288167 34.0966 10.6523
297 0.00711045 0.00674231 0.00295245 0.000288167 34.0966 10.6523
298 0.00825702 0.00431172 0.00295245 0.000288167 34.0966 10.6523
299 0.00911354 0.0238262 0.00295245 0.000288167 34.0966 10.6523
300 0.00702454 0.00356505 0.00295245 0.000288167 34.0966 10.6523
301 0.00674962 0.0125063 0.00295245 0.000288167 34.0966 10.6523
302 0.00908267 0.00677939 0.00295245 0.000288167 34.0966 10.6523
303 0.00780369 0.00461122 0.00295245 0.000288167 34.0966 10.6523
304 0.00866003 0.00662199 0.00295245 0.000288167 34.0966 10.6523
305 0.00704824 0.00453475 0.00295245 0.000288167 34.0966 10.6523
306 0.00996485 0.0033737 0.00295245 0.000288167 34.0966 10.6523
307 0.0078917 0.00351512 0.00295245 0.000288167 34.0966 10.6523
308 0.00586032 0.00537771 0.00295245 0.000288167 34.0966 10.6523
309 0.0091245 0.00662048 0.00295245 0.000288167 34.0966 10.6523
310 0.00868852 0.00504707 0.00295245 0.000288167 34.0966 10.6523
311 0.00859988 0.0153091 0.00295245 0.000288167 34.0966 10.6523
312 0.00684972 0.0036446 0.00295245 0.000288167 34.0966 10.6523
313 0.00781843 0.00464109 0.00295245 0.000288167 34.0966 10.6523
314 0.00815316 0.00794088 0.00295245 0.000288167 34.0966 10.6523
315 0.00766616 0.00554498 0.00295245 0.000288167 34.0966 10.6523
316 0.00985656 0.0116751 0.00295245 0.000288167 34.0966 10.6523
317 0.00734284 0.00380667 0.00295245 0.000288167 34.0966 10.6523
318 0.00981644 0.00327901 0.00295245 0.000288167 34.0966 10.6523
319 0.0106579 0.00493884 0.00295245 0.000288167 34.0966 10.6523
320 0.00676873 0.00793946 0.00295245 0.000288167 34.0966 10.6523
321 0.00830121 0.00332748 0.00295245 0.000288167 34.0966 10.6523
322 0.00904454 0.00643208 0.00295245 0.000288167 34.0966 10.6523
323 0.00833016 0.00324908 0.00295245 0.000288167 34.0966 10.6523
324 0.00949746 0.00626719 0.00295245 0.000288167 34.0966 10.6523
325 0.00914401 0.00689112 0.00295245 0.000288167 34.0966 10.6523
326 0.00662473 0.0077424 0.00295245 0.000288167 34.0966 10.6523
327 0.00823095 0.00825888 0.00295245 0.000288167 34.0966 10.6523
328 0.00848396 0.00368955 0.00295245 0.000288167 34.0966 10.6523
329 0.00842053 0.008807 0.00295245 0.000288167 34.0966 10.6523
330 0.00975138 0.00358261 0.00295245 0.000288167 34.0966 10.6523
331 0.0070665 0.0156791 0.00295245 0.000288167 34.0966 10.6523
332 0.00766365 0.00391385 0.00295245 0.000288167 34.0966 10.6523
333 0.00878227 0.00494773 0.00295245 0.000288167 34.0966 10.6523
334 0.00821596 0.00722958 0.00295245 0.000288167 34.0966 10.6523
335 0.00917228 0.0110021 0.00295245 0.000288167 34.0966 10.6523
336 0.00784054 0.00405858 0.00295245 0.000288167 34.0966 10.6523
337 0.00943742 0.0118431 0.00295245 0.000288167 34.0966 10.6523
338 0.00756838 0.00774954 0.00295245 0.000288167 34.0966 10.6523
339 0.00887992 0.00479167 0.00295245 0.000288167 34.0966 10.6523
340 0.00902903 0.00519184 0.00295245 0.000288167 34.0966 10.6523
341 0.00756778 0.0100119 0.00295245 0.000288167 34.0966 10.6523
342 0.008329 0.00337896 0.00295245 0.000288167 34.0966 10.6523
343 0.00930505 0.00346056 0.00295245 0.000288167 34.0966 10.6523
344 0.00757907 0.0523659 0.00295245 0.000288167 34.0966 10.6523
345 0.00972154 0.0108812 0.00295245 0.000288167 34.0966 10.6523
346 0.0105535 0.00563834 0.00295245 0.000288167 34.0966 10.6523
347 0.0086995 0.00577458 0.00295245 0.000288167 34.0966 10.6523
348 0.00735049 0.00649361 0.00295245 0.000288167 34.0966 10.6523
349 0.00882549 0.00474126 0.00295245 0.000288167 34.0966 10.6523
350 0.00778428 0.0038918 0.00295245 0.000288167 34.0966 10.6523
351 0.0105773 0.00626378 0.00295245 0.000288167 34.0966 10.6523
352 0.0074447 0.00526752 0.00295245 0.000288167 34.0966 10.6523
353 0.00815912 0.025935 0.00295245 0.000288167 34.0966 10.6523
354 0.00852858 0.00685486 0.00295245 0.000288167 34.0966 10.6523
355 0.0105535 0.0033337 0.00295245 0.000288167 34.0966 10.6523
356 0.00652732 0.00358489 0.00295245 0.000288167 34.0966 10.6523
357 0.00883849 0.00588077 0.00295245 0.000288167 34.0966 10.6523
358 0.0075312 0.00338883 0.00295245 0.000288167 34.0966 10.6523
359 0.0104897 0.0153969 0.00295245 0.000288167 34.0966 10.6523
360 0.00845515 0.0040541 0.00295245 0.000288167 34.0966 10.6523
361 0.00763045 0.00481859 0.00295245 0.000288167 34.0966 10.6523
362 0.00899777 0.0129594 0.00295245 0.000288167 34.0966 10.6523
363 0.00922606 0.0059825 0.00295245 0.000288167 34.0966 10.6523
364 0.00856203 0.00358019 0.00295245 0.000288167 34.0966 10.6523
365 0.00865428 0.00531807 0.00295245 0.000288167 34.0966 10.6523
366 0.0071573 0.00661505 0.00295245 0.000288167 34.0966 10.6523
367 0.0103208 0.00559294 0.00295245 0.000288167 34.0966 10.6523
368 0.00835939 0.00555038 0.00295245 0.000288167 34.0966 10.6523
369 0.00897829 0.00476995 0.00295245 0.000288167 34.0966 10.6523
370 0.00900813 0.00683182 0.00295245 0.000288167 34.0966 10.6523
371 0.0095013 0.00582316 0.00295245 0.000288167 34.0966 10.6523
372 0.00783771 0.00685 0.00295245 0.000288167 34.0966 10.6523
373 0.00289838 0.00244467 0.00295245 0.000288167 34.0966 10.6523
374 0.00406685 0.0151631 0.00244467 0.000287951 31.0263 10.6483
375 0.00447784 0.00300191 0.00244467 0.000287951 31.0263 10.6483
376 0.00395904 0.00285407 0.00244467 0.000287951 31.0263 10.6483
377 0.00407128 0.00664001 0.00244467 0.000287951 31.0263 10.6483
378 0.00435444 0.00491798 0.00244467 0.000287951 31.0263 10.6483
379 0.00444271 0.00560013 0.00244467 0.000287951 31.0263 10.6483
380 0.00425247 0.00453842 0.00244467 0.000287951 31.0263 10.6483
381 0.00435541 0.00556409 0.00244467 0.000287951 31.0263 10.6483
382 0.00420274 0.00284143 0.00244467 0.000287951 31.0263 10.6483
383 0.00471766 0.00385733 0.00244467 0.000287951 31.0263 10.6483
384 0.00389688 0.00381536 0.00244467 0.000287951 31.0263 10.6483
385 0.00382244 0.00409211 0.00244467 0.000287951 31.0263 10.6483
386 0.00521663 0.00302037 0.00244467 0.000287951 31.0263 10.6483
387 0.00463137 0.00390852 0.00244467 0.000287951 31.0263 10.6483
388 0.00486461 0.00287183 0.00244467 0.000287951 31.0263 10.6483
389 0.00437475 0.00362927 0.00244467 0.000287951 31.0263 10.6483
390 0.00433612 0.00573777 0.00244467 0.000287951 31.0263 10.6483
391 0.00442521 0.00378142 0.00244467 0.000287951 31.0263 10.6483
392 0.00385725 0.00296952 0.00244467 0.000287951 31.0263 10.6483
393 0.00428105 0.0031476 0.00244467 0.000287951 31.0263 10.6483
394 0.0048486 0.00527238 0.00244467 0.000287951 31.0263 10.6483
395 0.00455491 0.00664786 0.00244467 0.000287951 31.0263 10.6483
396 0.00487141 0.00576994 0.00244467 0.000287951 31.0263 10.6483
397 0.00438364 0.00651731 0.00244467 0.000287951 31.0263 10.6483
398 0.00432548 0.00328384 0.00244467 0.000287951 31.0263 10.6483
399 0.00472978 0.00634698 0.00244467 0.000287951 31.0263 10.6483
400 0.00443963 0.00693228 0.00244467 0.000287951 31.0263 10.6483
401 0.00443466 0.00548262 0.00244467 0.000287951 31.0263 10.6483
402 0.00495398 0.00299319 0.00244467 0.000287951 31.0263 10.6483
403 0.00421996 0.00256441 0.00244467 0.000287951 31.0263 10.6483
404 0.00445434 0.0253155 0.00244467 0.000287951 31.0263 10.6483
405 0.0046857 0.00814054 0.00244467 0.000287951 31.0263 10.6483
406 0.00423608 0.00405952 0.00244467 0.000287951 31.0263 10.6483
407 0.00457853 0.0037023 0.00244467 0.000287951 31.0263 10.6483
408 0.00516032 0.00391467 0.00244467 0.000287951 31.0263 10.6483
409 0.00413255 0.00495819 0.00244467 0.000287951 31.0263 10.6483
410 0.00417852 0.00610335 0.00244467 0.000287951 31.0263 10.6483
411 0.00493555 0.00554001 0.00244467 0.000287951 31.0263 10.6483
412 0.00421923 0.00564525 0.00244467 0.000287951 31.0263 10.6483
413 0.00458267 0.00332758 0.00244467 0.000287951 31.0263 10.6483
414 0.00500783 0.00230554 0.00244467 0.000287951 31.0263 10.6483
415 0.00469889 0.0056277 0.00230554 0.000288477 30.1305 10.658
416 0.00424724 0.00658204 0.00230554 0.000288477 30.1305 10.658
417 0.00503639 0.0103027 0.00230554 0.000288477 30.1305 10.658
418 0.00448266 0.00305661 0.00230554 0.000288477 30.1305 10.658
419 0.00491254 0.00770128 0.00230554 0.000288477 30.1305 10.658
420 0.00516891 0.0162037 0.00230554 0.000288477 30.1305 10.658
421 0.00443086 0.00411485 0.00230554 0.000288477 30.1305 10.658
422 0.00508237 0.00475353 0.00230554 0.000288477 30.1305 10.658
423 0.00466951 0.00930906 0.00230554 0.000288477 30.1305 10.658
424 0.00466339 0.00494753 0.00230554 0.000288477 30.1305 10.658
425 0.00492225 0.00425692 0.00230554 0.000288477 30.1305 10.658
426 0.00530523 0.00710852 0.00230554 0.000288477 30.1305 10.658
427 0.0044493 0.00583282 0.00230554 0.000288477 30.1305 10.658
428 0.00450977 0.00599402 0.00230554 0.000288477 30.1305 10.658
429 0.00481831 0.00400455 0.00230554 0.000288477 30.1305 10.658
430 0.00526357 0.00729742 0.00230554 0.000288477 30.1305 10.658
431 0.00443667 0.0202615 0.00230554 0.000288477 30.1305 10.658
432 0.00489155 0.00582489 0.00230554 0.000288477 30.1305 10.658
433 0.00446757 0.00328174 0.00230554 0.000288477 30.1305 10.658
434 0.00535947 0.00369009 0.00230554 0.000288477 30.1305 10.658
435 0.00516549 0.00469415 0.00230554 0.000288477 30.1305 10.658
436 0.00450682 0.00334433 0.00230554 0.000288477 30.1305 10.658
437 0.00469722 0.00276281 0.00230554 0.000288477 30.1305 10.658
438 0.00501634 0.00892851 0.00230554 0.000288477 30.1305 10.658
439 0.0048863 0.00741635 0.00230554 0.000288477 30.1305 10.658
440 0.00561907 0.00409026 0.00230554 0.000288477 30.1305 10.658
441 0.00447279 0.00338247 0.00230554 0.000288477 30.1305 10.658
442 0.00499707 0.00329034 0.00230554 0.000288477 30.1305 10.658
443 0.00482389 0.00339501 0.00230554 0.000288477 30.1305 10.658
444 0.00488452 0.00351096 0.00230554 0.000288477 30.1305 10.658
445 0.00505687 0.00603429 0.00230554 0.000288477 30.1305 10.658
446 0.0045463 0.00279207 0.00230554 0.000288477 30.1305 10.658
447 0.00545121 0.00328637 0.00230554 0.000288477 30.1305 10.658
448 0.004404 0.00325165 0.00230554 0.000288477 30.1305 10.658
449 0.00496866 0.00286077 0.00230554 0.000288477 30.1305 10.658
450 0.00598548 0.00422495 0.00230554 0.000288477 30.1305 10.658
451 0.0043905 0.00381388 0.00230554 0.000288477 30.1305 10.658
452 0.0052506 0.00458333 0.00230554 0.000288477 30.1305 10.658
453 0.0046372 0.00428855 0.00230554 0.000288477 30.1305 10.658
454 0.00564564 0.00287827 0.00230554 0.000288477 30.1305 10.658
455 0.00524925 0.00405637 0.00230554 0.000288477 30.1305 10.658
456 0.00454952 0.0769196 0.00230554 0.000288477 30.1305 10.658
457 0.00635406 0.00627465 0.00230554 0.000288477 30.1305 10.658
458 0.00440551 0.00444224 0.00230554 0.000288477 30.1305 10.658
459 0.00466863 0.00347174 0.00230554 0.000288477 30.1305 10.658
460 0.00498779 0.00410753 0.00230554 0.000288477 30.1305 10.658
461 0.00528181 0.00465869 0.00230554 0.000288477 30.1305 10.658
462 0.00460956 0.00457439 0.00230554 0.000288477 30.1305 10.658
463 0.00471074 0.00582788 0.00230554 0.000288477 30.1305 10.658
464 0.00517707 0.0161964 0.00230554 0.000288477 30.1305 10.658
465 0.00552 0.00444569 0.00230554 0.000288477 30.1305 10.658
466 0.00492305 0.0031335 0.00230554 0.000288477 30.1305 10.658
467 0.00449481 0.00377963 0.00230554 0.000288477 30.1305 10.658
468 0.00676964 0.00564452 0.00230554 0.000288477 30.1305 10.658
469 0.00425539 0.00748556 0.00230554 0.000288477 30.1305 10.658
470 0.00578014 0.00786837 0.00230554 0.000288477 30.1305 10.658
471 0.00449031 0.00494003 0.00230554 0.000288477 30.1305 10.658
472 0.00538162 0.00436943 0.00230554 0.000288477 30.1305 10.658
473 0.00513087 0.00323622 0.00230554 0.000288477 30.1305 10.658
474 0.00586404 0.0108653 0.00230554 0.000288477 30.1305 10.658
475 0.00457522 0.00424833 0.00230554 0.000288477 30.1305 10.658
476 0.00504346 0.00538061 0.00230554 0.000288477 30.1305 10.658
477 0.00446705 0.00240697 0.00230554 0.000288477 30.1305 10.658
478 0.00439183 0.0124082 0.00230554 0.000288477 30.1305 10.658
479 0.00631796 0.00268932 0.00230554 0.000288477 30.1305 10.658
480 0.00469787 0.00327993 0.00230554 0.000288477 30.1305 10.658
481 0.0054421 0.00280562 0.00230554 0.000288477 30.1305 10.658
482 0.00591824 0.00396715 0.00230554 0.000288477 30.1305 10.658
483 0.0042706 0.00474541 0.00230554 0.000288477 30.1305 10.658
484 0.00523885 0.00519059 0.00230554 0.000288477 30.1305 10.658
485 0.00482314 0.0137961 0.00230554 0.000288477 30.1305 10.658
486 0.00485207 0.00445284 0.00230554 0.000288477 30.1305 10.658
487 0.0058219 0.0061004 0.00230554 0.000288477 30.1305 10.658
488 0.00459447 0.00318924 0.00230554 0.000288477 30.1305 10.658
489 0.00476147 0.0038349 0.00230554 0.000288477 30.1305 10.658
490 0.00434723 0.00460591 0.00230554 0.000288477 30.1305 10.658
491 0.0053082 0.00484834 0.00230554 0.000288477 30.1305 10.658
492 0.00472212 0.00479285 0.00230554 0.000288477 30.1305 10.658
493 0.00677632 0.00275357 0.00230554 0.000288477 30.1305 10.658
494 0.00438773 0.0124839 0.00230554 0.000288477 30.1305 10.658
495 0.00556176 0.00701603 0.00230554 0.000288477 30.1305 10.658
496 0.00497673 0.00511772 0.00230554 0.000288477 30.1305 10.658
497 0.00510381 0.00269296 0.00230554 0.000288477 30.1305 10.658
498 0.00539616 0.00622862 0.00230554 0.000288477 30.1305 10.658
499 0.00594736 0.0141728 0.00230554 0.000288477 30.1305 10.658
500 0.00440785 0.00479252 0.00230554 0.000288477 30.1305 10.658
501 0.00502078 0.0121681 0.00230554 0.000288477 30.1305 10.658
502 0.0052185 0.00284759 0.00230554 0.000288477 30.1305 10.658
503 0.00489312 0.00448641 0.00230554 0.000288477 30.1305 10.658
504 0.00553383 0.013712 0.00230554 0.000288477 30.1305 10.658
505 0.00618817 0.00659502 0.00230554 0.000288477 30.1305 10.658
506 0.0046937 0.00384558 0.00230554 0.000288477 30.1305 10.658
507 0.00497435 0.00299212 0.00230554 0.000288477 30.1305 10.658
508 0.00607019 0.00774538 0.00230554 0.000288477 30.1305 10.658
509 0.00458706 0.00768637 0.00230554 0.000288477 30.1305 10.658
510 0.00597388 0.00380302 0.00230554 0.000288477 30.1305 10.658
511 0.00481647 0.00550637 0.00230554 0.000288477 30.1305 10.658
512 0.00564418 0.00368294 0.00230554 0.000288477 30.1305 10.658
513 0.00501022 0.00687249 0.00230554 0.000288477 30.1305 10.658
514 0.00519753 0.00433363 0.00230554 0.000288477 30.1305 10.658
515 0.00289929 0.00405192 0.00230554 0.000288477 30.1305 10.658
516 0.00284423 0.00235472 0.00230554 0.000288477 30.1305 10.658
517 0.00348712 0.00370286 0.00230554 0.000288477 30.1305 10.658
518 0.00322669 0.00349933 0.00230554 0.000288477 30.1305 10.658
519 0.00319901 0.00506119 0.00230554 0.000288477 30.1305 10.658
520 0.00310883 0.00383526 0.00230554 0.000288477 30.1305 10.658
521 0.00312115 0.00306676 0.00230554 0.000288477 30.1305 10.658
522 0.00343418 0.00278816 0.00230554 0.000288477 30.1305 10.658
523 0.00329602 0.00273821 0.00230554 0.000288477 30.1305 10.658
524 0.00308764 0.00361353 0.00230554 0.000288477 30.1305 10.658
525 0.0032363 0.00278335 0.00230554 0.000288477 30.1305 10.658
526 0.00341713 0.00286672 0.00230554 0.000288477 30.1305 10.658
527 0.00319478 0.00253181 0.00230554 0.000288477 30.1305 10.658
528 0.00334994 0.00412895 0.00230554 0.000288477 30.1305 10.658
529 0.00325828 0.00444292 0.00230554 0.000288477 30.1305 10.658
530 0.00348534 0.00597879 0.00230554 0.000288477 30.1305 10.658
531 0.0031116 0.00286359 0.00230554 0.000288477 30.1305 10.658
532 0.00327609 0.00740331 0.00230554 0.000288477 30.1305 10.658
533 0.003459 0.00309644 0.00230554 0.000288477 30.1305 10.658
534 0.00358773 0.00325533 0.00230554 0.000288477 30.1305 10.658
535 0.00324469 0.00239214 0.00230554 0.000288477 30.1305 10.658
536 0.00305918 0.00276024 0.00230554 0.000288477 30.1305 10.658
537 0.00320105 0.00276955 0.00230554 0.000288477 30.1305 10.658
538 0.00338628 0.00251317 0.00230554 0.000288477 30.1305 10.658
539 0.00365923 0.00317646 0.00230554 0.000288477 30.1305 10.658
540 0.00337638 0.00590137 0.00230554 0.000288477 30.1305 10.658
541 0.00325224 0.00958617 0.00230554 0.000288477 30.1305 10.658
542 0.00357023 0.00424235 0.00230554 0.000288477 30.1305 10.658
543 0.00320722 0.00264766 0.00230554 0.000288477 30.1305 10.658
544 0.00346711 0.0031643 0.00230554 0.000288477 30.1305 10.658
545 0.00314368 0.00253914 0.00230554 0.000288477 30.1305 10.658
546 0.00368251 0.0030587 0.00230554 0.000288477 30.1305 10.658
547 0.00357403 0.00322864 0.00230554 0.000288477 30.1305 10.658
548 0.00340627 0.00474744 0.00230554 0.000288477 30.1305 10.658
549 0.00333649 0.00432041 0.00230554 0.000288477 30.1305 10.658
550 0.0033389 0.00437284 0.00230554 0.000288477 30.1305 10.658
551 0.00368418 0.00355165 0.00230554 0.000288477 30.1305 10.658
552 0.00342146 0.00289921 0.00230554 0.000288477 30.1305 10.658
553 0.00350472 0.00301542 0.00230554 0.000288477 30.1305 10.658
554 0.003431 0.00296248 0.00230554 0.000288477 30.1305 10.658
555 0.0033837 0.00347604 0.00230554 0.000288477 30.1305 10.658
556 0.00318405 0.00280861 0.00230554 0.000288477 30.1305 10.658
557 0.00354644 0.00933338 0.00230554 0.000288477 30.1305 10.658
558 0.00359427 0.00547998 0.00230554 0.000288477 30.1305 10.658
559 0.00350251 0.0030492 0.00230554 0.000288477 30.1305 10.658
560 0.00349569 0.00269392 0.00230554 0.000288477 30.1305 10.658
561 0.003652 0.00339034 0.00230554 0.000288477 30.1305 10.658
562 0.00344586 0.0023666 0.00230554 0.000288477 30.1305 10.658
563 0.0031445 0.00483822 0.00230554 0.000288477 30.1305 10.658
564 0.00345646 0.00291591 0.00230554 0.000288477 30.1305 10.658
565 0.00352711 0.00352562 0.00230554 0.000288477 30.1305 10.658
566 0.00354439 0.002999 0.00230554 0.000288477 30.1305 10.658
567 0.00350548 0.00610239 0.00230554 0.000288477 30.1305 10.658
568 0.00353396 0.00619794 0.00230554 0.000288477 30.1305 10.658
569 0.00362521 0.00316774 0.00230554 0.000288477 30.1305 10.658
570 0.00360943 0.00338991 0.00230554 0.000288477 30.1305 10.658
571 0.00398109 0.00228963 0.00230554 0.000288477 30.1305 10.658
572 0.00369035 0.00259152 0.00228963 0.000284659 30.0264 10.5872
573 0.00359353 0.00285509 0.00228963 0.000284659 30.0264 10.5872
574 0.00347939 0.0058591 0.00228963 0.000284659 30.0264 10.5872
575 0.00364155 0.00343652 0.00228963 0.000284659 30.0264 10.5872
576 0.0038542 0.00372908 0.00228963 0.000284659 30.0264 10.5872
577 0.00337367 0.00313029 0.00228963 0.000284659 30.0264 10.5872
578 0.00399842 0.00411763 0.00228963 0.000284659 30.0264 10.5872
579 0.00344171 0.00418563 0.00228963 0.000284659 30.0264 10.5872
580 0.00339652 0.00297811 0.00228963 0.000284659 30.0264 10.5872
581 0.00395229 0.00305957 0.00228963 0.000284659 30.0264 10.5872
582 0.00407068 0.00280719 0.00228963 0.000284659 30.0264 10.5872
583 0.00344903 0.00268193 0.00228963 0.000284659 30.0264 10.5872
584 0.00392416 0.00299156 0.00228963 0.000284659 30.0264 10.5872
585 0.00457475 0.00356266 0.00228963 0.000284659 30.0264 10.5872
586 0.00341982 0.00343234 0.00228963 0.000284659 30.0264 10.5872
587 0.00318975 0.00297846 0.00228963 0.000284659 30.0264 10.5872
588 0.00367834 0.00322171 0.00228963 0.000284659 30.0264 10.5872
589 0.00381002 0.00282235 0.00228963 0.000284659 30.0264 10.5872
590 0.00408906 0.00327821 0.00228963 0.000284659 30.0264 10.5872
591 0.00356691 0.00363332 0.00228963 0.000284659 30.0264 10.5872
592 0.00366594 0.00384998 0.00228963 0.000284659 30.0264 10.5872
593 0.00380986 0.00328143 0.00228963 0.000284659 30.0264 10.5872
594 0.00479407 0.00303999 0.00228963 0.000284659 30.0264 10.5872
595 0.00331879 0.00394758 0.00228963 0.000284659 30.0264 10.5872
596 0.00367861 0.00278963 0.00228963 0.000284659 30.0264 10.5872
597 0.00424995 0.00421645 0.00228963 0.000284659 30.0264 10.5872
598 0.00333533 0.0038683 0.00228963 0.000284659 30.0264 10.5872
599 0.00450154 0.00604343 0.00228963 0.000284659 30.0264 10.5872
600 0.00354448 0.00830448 0.00228963 0.000284659 30.0264 10.5872
601 0.0038837 0.0028058 0.00228963 0.000284659 30.0264 10.5872
602 0.00332039 0.00293207 0.00228963 0.000284659 30.0264 10.5872
603 0.00412053 0.0040929 0.00228963 0.000284659 30.0264 10.5872
604 0.00376442 0.00446421 0.00228963 0.000284659 30.0264 10.5872
605 0.00371286 0.00492291 0.00228963 0.000284659 30.0264 10.5872
606 0.00396994 0.00423009 0.00228963 0.000284659 30.0264 10.5872
607 0.00406302 0.00573994 0.00228963 0.000284659 30.0264 10.5872
608 0.00381161 0.00359853 0.00228963 0.000284659 30.0264 10.5872
609 0.00375751 0.00332484 0.00228963 0.000284659 30.0264 10.5872
610 0.00423588 0.00833737 0.00228963 0.000284659 30.0264 10.5872
611 0.00398682 0.00228066 0.00228963 0.000284659 30.0264 10.5872
612 0.00350103 0.00443441 0.00228066 0.000283327 29.9675 10.5624
613 0.00396414 0.0029071 0.00228066 0.000283327 29.9675 10.5624
614 0.00371806 0.00262961 0.00228066 0.000283327 29.9675 10.5624
615 0.00398821 0.00349998 0.00228066 0.000283327 29.9675 10.5624
616 0.00422552 0.00371841 0.00228066 0.000283327 29.9675 10.5624
617 0.00423194 0.00452545 0.00228066 0.000283327 29.9675 10.5624
618 0.00369522 0.00354735 0.00228066 0.000283327 29.9675 10.5624
619 0.00392106 0.00295067 0.00228066 0.000283327 29.9675 10.5624
620 0.00387006 0.00316511 0.00228066 0.000283327 29.9675 10.5624
621 0.0042332 0.00268588 0.00228066 0.000283327 29.9675 10.5624
622 0.00408457 0.00351629 0.00228066 0.000283327 29.9675 10.5624
623 0.00461289 0.00233691 0.00228066 0.000283327 29.9675 10.5624
624 0.00472824 0.00266396 0.00228066 0.000283327 29.9675 10.5624
625 0.00406521 0.00361533 0.00228066 0.000283327 29.9675 10.5624
626 0.00361757 0.00478596 0.00228066 0.000283327 29.9675 10.5624
627 0.0043096 0.00662903 0.00228066 0.000283327 29.9675 10.5624
628 0.00414621 0.00299315 0.00228066 0.000283327 29.9675 10.5624
629 0.00386113 0.00285178 0.00228066 0.000283327 29.9675 10.5624
630 0.00390236 0.00392861 0.00228066 0.000283327 29.9675 10.5624
631 0.00392773 0.00302553 0.00228066 0.000283327 29.9675 10.5624
632 0.00423865 0.00373403 0.00228066 0.000283327 29.9675 10.5624
633 0.00412483 0.0031745 0.00228066 0.000283327 29.9675 10.5624
634 0.00373193 0.00462924 0.00228066 0.000283327 29.9675 10.5624
635 0.0040767 0.00343218 0.00228066 0.000283327 29.9675 10.5624
636 0.00457166 0.00323421 0.00228066 0.000283327 29.9675 10.5624
637 0.00383107 0.00381617 0.00228066 0.000283327 29.9675 10.5624
638 0.00430906 0.00343394 0.00228066 0.000283327 29.9675 10.5624
639 0.00370019 0.00373729 0.00228066 0.000283327 29.9675 10.5624
640 0.00442299 0.00606748 0.00228066 0.000283327 29.9675 10.5624
641 0.0042085 0.0169781 0.00228066 0.000283327 29.9675 10.5624
642 0.00366097 0.00277911 0.00228066 0.000283327 29.9675 10.5624
643 0.00395716 0.00304807 0.00228066 0.000283327 29.9675 10.5624
644 0.00397447 0.00288023 0.00228066 0.000283327 29.9675 10.5624
645 0.004149 0.00349085 0.00228066 0.000283327 29.9675 10.5624
646 0.00377792 0.00262167 0.00228066 0.000283327 29.9675 10.5624
647 0.00385036 0.00225699 0.00228066 0.000283327 29.9675 10.5624
648 0.00406901 0.0068842 0.00225699 0.000284873 29.8116 10.5912
649 0.00491723 0.00347562 0.00225699 0.000284873 29.8116 10.5912
650 0.00418075 0.00542233 0.00225699 0.000284873 29.8116 10.5912
651 0.00405028 0.00469281 0.00225699 0.000284873 29.8116 10.5912
652 0.00439491 0.00277912 0.00225699 0.000284873 29.8116 10.5912
653 0.00368474 0.00391592 0.00225699 0.000284873 29.8116 10.5912
654 0.00403366 0.00541999 0.00225699 0.000284873 29.8116 10.5912
655 0.00412049 0.00269844 0.00225699 0.000284873 29.8116 10.5912
656 0.00442368 0.00365049 0.00225699 0.000284873 29.8116 10.5912
657 0.00379007 0.00725944 0.00225699 0.000284873 29.8116 10.5912
658 0.00437446 0.00297814 0.00225699 0.000284873 29.8116 10.5912
659 0.00391251 0.00268956 0.00225699 0.000284873 29.8116 10.5912
660 0.00471162 0.00545682 0.00225699 0.000284873 29.8116 10.5912
661 0.00383346 0.0042976 0.00225699 0.000284873 29.8116 10.5912
662 0.00399959 0.00316066 0.00225699 0.000284873 29.8116 10.5912
663 0.00417433 0.00319554 0.00225699 0.000284873 29.8116 10.5912
664 0.00427564 0.00250997 0.00225699 0.000284873 29.8116 10.5912
665 0.00378985 0.0028984 0.00225699 0.000284873 29.8116 10.5912
666 0.0044451 0.00372721 0.00225699 0.000284873 29.8116 10.5912
667 0.003887 0.00476312 0.00225699 0.000284873 29.8116 10.5912
668 0.00453792 0.00336477 0.00225699 0.000284873 29.8116 10.5912
669 0.00378237 0.00608495 0.00225699 0.000284873 29.8116 10.5912
670 0.00438067 0.0033163 0.00225699 0.000284873 29.8116 10.5912
671 0.004818 0.00514543 0.00225699 0.000284873 29.8116 10.5912
672 0.00456291 0.00325953 0.00225699 0.000284873 29.8116 10.5912
673 0.00373638 0.00288599 0.00225699 0.000284873 29.8116 10.5912
674 0.00441174 0.00259948 0.00225699 0.000284873 29.8116 10.5912
675 0.0035983 0.00295757 0.00225699 0.000284873 29.8116 10.5912
676 0.00416014 0.0151674 0.00225699 0.000284873 29.8116 10.5912
677 0.00445643 0.00294443 0.00225699 0.000284873 29.8116 10.5912
678 0.00421277 0.00276846 0.00225699 0.000284873 29.8116 10.5912
679 0.00401309 0.00385903 0.00225699 0.000284873 29.8116 10.5912
680 0.00448249 0.00494868 0.00225699 0.000284873 29.8116 10.5912
681 0.00498775 0.00305184 0.00225699 0.000284873 29.8116 10.5912
682 0.00389374 0.00559159 0.00225699 0.000284873 29.8116 10.5912
683 0.00463024 0.00695305 0.00225699 0.000284873 29.8116 10.5912
684 0.00416646 0.00271076 0.00225699 0.000284873 29.8116 10.5912
685 0.00402873 0.00241619 0.00225699 0.000284873 29.8116 10.5912
686 0.00392355 0.00777817 0.00225699 0.000284873 29.8116 10.5912
687 0.00440762 0.00461081 0.00225699 0.000284873 29.8116 10.5912
688 0.00416601 0.0064663 0.00225699 0.000284873 29.8116 10.5912
689 0.00431118 0.00468456 0.00225699 0.000284873 29.8116 10.5912
690 0.00431709 0.0046661 0.00225699 0.000284873 29.8116 10.5912
691 0.00549937 0.00323131 0.00225699 0.000284873 29.8116 10.5912
692 0.00390837 0.00265261 0.00225699 0.000284873 29.8116 10.5912
693 0.00491837 0.00528756 0.00225699 0.000284873 29.8116 10.5912
694 0.00417718 0.00325681 0.00225699 0.000284873 29.8116 10.5912
695 0.00420882 0.00267467 0.00225699 0.000284873 29.8116 10.5912
696 0.0048512 0.00552362 0.00225699 0.000284873 29.8116 10.5912
697 0.00392235 0.00569346 0.00225699 0.000284873 29.8116 10.5912
698 0.00423752 0.0034616 0.00225699 0.000284873 29.8116 10.5912
699 0.00459872 0.00426023 0.00225699 0.000284873 29.8116 10.5912
700 0.00451892 0.00541344 0.00225699 0.000284873 29.8116 10.5912
701 0.0046814 0.00335224 0.00225699 0.000284873 29.8116 10.5912
702 0.00511027 0.0043052 0.00225699 0.000284873 29.8116 10.5912
703 0.00396968 0.00291405 0.00225699 0.000284873 29.8116 10.5912
704 0.00474353 0.00421257 0.00225699 0.000284873 29.8116 10.5912
705 0.00399199 0.00318145 0.00225699 0.000284873 29.8116 10.5912
706 0.00503211 0.0152976 0.00225699 0.000284873 29.8116 10.5912
707 0.00387352 0.00311464 0.00225699 0.000284873 29.8116 10.5912
708 0.00430964 0.00247465 0.00225699 0.000284873 29.8116 10.5912
709 0.0039327 0.00517062 0.00225699 0.000284873 29.8116 10.5912
710 0.00443059 0.00656022 0.00225699 0.000284873 29.8116 10.5912
711 0.00430408 0.0028673 0.00225699 0.000284873 29.8116 10.5912
712 0.00426889 0.0038187 0.00225699 0.000284873 29.8116 10.5912
713 0.00409308 0.00679971 0.00225699 0.000284873 29.8116 10.5912
714 0.00452248 0.00272631 0.00225699 0.000284873 29.8116 10.5912
715 0.00403883 0.00488426 0.00225699 0.000284873 29.8116 10.5912
716 0.00466142 0.00365755 0.00225699 0.000284873 29.8116 10.5912
717 0.00471084 0.00319867 0.00225699 0.000284873 29.8116 10.5912
718 0.00428066 0.00354491 0.00225699 0.000284873 29.8116 10.5912
719 0.00419655 0.00436775 0.00225699 0.000284873 29.8116 10.5912
720 0.00460725 0.0030831 0.00225699 0.000284873 29.8116 10.5912
721 0.00408478 0.0114154 0.00225699 0.000284873 29.8116 10.5912
722 0.00427211 0.00312885 0.00225699 0.000284873 29.8116 10.5912
723 0.00475065 0.00265142 0.00225699 0.000284873 29.8116 10.5912
724 0.0045863 0.00282 0.00225699 0.000284873 29.8116 10.5912
725 0.00425085 0.00493584 0.00225699 0.000284873 29.8116 10.5912
726 0.00498729 0.00563483 0.00225699 0.000284873 29.8116 10.5912
727 0.0045909 0.00423329 0.00225699 0.000284873 29.8116 10.5912
728 0.00358795 0.0067782 0.00225699 0.000284873 29.8116 10.5912
729 0.00433132 0.00336635 0.00225699 0.000284873 29.8116 10.5912
730 0.00466398 0.00558954 0.00225699 0.000284873 29.8116 10.5912
731 0.00464228 0.00420345 0.00225699 0.000284873 29.8116 10.5912
732 0.00415306 0.00880202 0.00225699 0.000284873 29.8116 10.5912
733 0.00538569 0.00352448 0.00225699 0.000284873 29.8116 10.5912
734 0.00430721 0.0045038 0.00225699 0.000284873 29.8116 10.5912
735 0.00523439 0.00431031 0.00225699 0.000284873 29.8116 10.5912
736 0.00438246 0.00322683 0.00225699 0.000284873 29.8116 10.5912
737 0.0045924 0.00284777 0.00225699 0.000284873 29.8116 10.5912
738 0.00452874 0.003575 0.00225699 0.000284873 29.8116 10.5912
739 0.00420586 0.00434974 0.00225699 0.000284873 29.8116 10.5912
740 0.00538469 0.0118943 0.00225699 0.000284873 29.8116 10.5912
741 0.00427309 0.00354879 0.00225699 0.000284873 29.8116 10.5912
742 0.00409856 0.00549055 0.00225699 0.000284873 29.8116 10.5912
743 0.00523311 0.0041874 0.00225699 0.000284873 29.8116 10.5912
744 0.0046741 0.00378459 0.00225699 0.000284873 29.8116 10.5912
745 0.00407188 0.0124875 0.00225699 0.000284873 29.8116 10.5912
746 0.00519968 0.00259524 0.00225699 0.000284873 29.8116 10.5912
747 0.00468485 0.00267842 0.00225699 0.000284873 29.8116 10.5912
748 0.00245631 0.00245616 0.00225699 0.000284873 29.8116 10.5912
749 0.00260628 0.00339927 0.00225699 0.000284873 29.8116 10.5912
750 0.00277393 0.00226493 0.00225699 0.000284873 29.8116 10.5912
751 0.00280121 0.00286565 0.00225699 0.000284873 29.8116 10.5912
752 0.0029034 0.00427421 0.00225699 0.000284873 29.8116 10.5912
753 0.00267176 0.00383839 0.00225699 0.000284873 29.8116 10.5912
754 0.00298186 0.00337188 0.00225699 0.000284873 29.8116 10.5912
755 0.00309926 0.00475239 0.00225699 0.000284873 29.8116 10.5912
756 0.00280601 0.00291238 0.00225699 0.000284873 29.8116 10.5912
757 0.00281047 0.00281428 0.00225699 0.000284873 29.8116 10.5912
758 0.00312678 0.00292204 0.00225699 0.000284873 29.8116 10.5912
759 0.00307547 0.00336036 0.00225699 0.000284873 29.8116 10.5912
760 0.00302971 0.00705993 0.00225699 0.000284873 29.8116 10.5912
761 0.00319045 0.0039277 0.00225699 0.000284873 29.8116 10.5912
762 0.00289038 0.00320337 0.00225699 0.000284873 29.8116 10.5912
763 0.00305794 0.0036574 0.00225699 0.000284873 29.8116 10.5912
764 0.00291448 0.00412512 0.00225699 0.000284873 29.8116 10.5912
765 0.00360071 0.00250737 0.00225699 0.000284873 29.8116 10.5912
766 0.00263661 0.00318418 0.00225699 0.000284873 29.8116 10.5912
767 0.00302446 0.00560994 0.00225699 0.000284873 29.8116 10.5912
768 0.0030164 0.0056664 0.00225699 0.000284873 29.8116 10.5912
769 0.00305241 0.00310991 0.00225699 0.000284873 29.8116 10.5912
770 0.00287029 0.00377779 0.00225699 0.000284873 29.8116 10.5912
771 0.00325063 0.00449135 0.00225699 0.000284873 29.8116 10.5912
772 0.00288308 0.00225946 0.00225699 0.000284873 29.8116 10.5912
773 0.00359543 0.00338571 0.00225699 0.000284873 29.8116 10.5912
774 0.00317584 0.00268341 0.00225699 0.000284873 29.8116 10.5912
775 0.00291193 0.00302098 0.00225699 0.000284873 29.8116 10.5912
776 0.00310899 0.00256367 0.00225699 0.000284873 29.8116 10.5912
777 0.00298356 0.00254894 0.00225699 0.000284873 29.8116 10.5912
778 0.00311429 0.00376039 0.00225699 0.000284873 29.8116 10.5912
779 0.00339709 0.00422532 0.00225699 0.000284873 29.8116 10.5912
780 0.00330606 0.0035989 0.00225699 0.000284873 29.8116 10.5912
781 0.00312066 0.00300413 0.00225699 0.000284873 29.8116 10.5912
782 0.00311987 0.00306859 0.00225699 0.000284873 29.8116 10.5912
783 0.00316008 0.00374204 0.00225699 0.000284873 29.8116 10.5912
784 0.00324975 0.00355313 0.00225699 0.000284873 29.8116 10.5912
785 0.00298392 0.0040389 0.00225699 0.000284873 29.8116 10.5912
786 0.00295607 0.00344298 0.00225699 0.000284873 29.8116 10.5912
787 0.00330498 0.00415083 0.00225699 0.000284873 29.8116 10.5912
788 0.00290456 0.00574614 0.00225699 0.000284873 29.8116 10.5912
789 0.00301286 0.00266652 0.00225699 0.000284873 29.8116 10.5912
790 0.0029196 0.00389029 0.00225699 0.000284873 29.8116 10.5912
791 0.00391101 0.00523613 0.00225699 0.000284873 29.8116 10.5912
792 0.00306974 0.0029878 0.00225699 0.000284873 29.8116 10.5912
793 0.0032554 0.00475049 0.00225699 0.000284873 29.8116 10.5912
794 0.00317094 0.00289555 0.00225699 0.000284873 29.8116 10.5912
795 0.00339586 0.00246191 0.00225699 0.000284873 29.8116 10.5912
796 0.00295812 0.00287078 0.00225699 0.000284873 29.8116 10.5912
797 0.00396573 0.00395066 0.00225699 0.000284873 29.8116 10.5912
798 0.00371269 0.00344581 0.00225699 0.000284873 29.8116 10.5912
799 0.00279427 0.00264178 0.00225699 0.000284873 29.8116 10.5912
800 0.00316486 0.003213 0.00225699 0.000284873 29.8116 10.5912
801 0.00307775 0.00389713 0.00225699 0.000284873 29.8116 10.5912
802 0.00364119 0.00475535 0.00225699 0.000284873 29.8116 10.5912
803 0.00319661 0.00354812 0.00225699 0.000284873 29.8116 10.5912
804 0.00376877 0.0031565 0.00225699 0.000284873 29.8116 10.5912
805 0.00282513 0.00300182 0.00225699 0.000284873 29.8116 10.5912
806 0.00328891 0.0029183 0.00225699 0.000284873 29.8116 10.5912
807 0.00348295 0.00694012 0.00225699 0.000284873 29.8116 10.5912
808 0.00334173 0.0048776 0.00225699 0.000284873 29.8116 10.5912
809 0.00320421 0.00406424 0.00225699 0.000284873 29.8116 10.5912
810 0.00356756 0.00234712 0.00225699 0.000284873 29.8116 10.5912
811 0.00348267 0.00386633 0.00225699 0.000284873 29.8116 10.5912
812 0.00340279 0.00323566 0.00225699 0.000284873 29.8116 10.5912
813 0.00343653 0.00263618 0.00225699 0.000284873 29.8116 10.5912
814 0.00302398 0.00298749 0.00225699 0.000284873 29.8116 10.5912
815 0.00336534 0.00710547 0.00225699 0.000284873 29.8116 10.5912
816 0.00349505 0.00642278 0.00225699 0.000284873 29.8116 10.5912
817 0.00320283 0.00252029 0.00225699 0.000284873 29.8116 10.5912
818 0.00341581 0.002437 0.00225699 0.000284873 29.8116 10.5912
819 0.00345174 0.00351446 0.00225699 0.000284873 29.8116 10.5912
820 0.00346645 0.00622549 0.00225699 0.000284873 29.8116 10.5912
821 0.00368262 0.00433138 0.00225699 0.000284873 29.8116 10.5912
822 0.00323693 0.00222344 0.00225699 0.000284873 29.8116 10.5912
823 0.00346547 0.00357457 0.00222344 0.000277847 29.5892 10.4598
824 0.00323112 0.00344775 0.00222344 0.000277847 29.5892 10.4598
825 0.00337897 0.00430923 0.00222344 0.000277847 29.5892 10.4598
826 0.00345679 0.00311226 0.00222344 0.000277847 29.5892 10.4598
827 0.00322457 0.00452768 0.00222344 0.000277847 29.5892 10.4598
828 0.00347912 0.00273678 0.00222344 0.000277847 29.5892 10.4598
829 0.00330082 0.00514915 0.00222344 0.000277847 29.5892 10.4598
830 0.00347155 0.00879366 0.00222344 0.000277847 29.5892 10.4598
831 0.00337283 0.00244175 0.00222344 0.000277847 29.5892 10.4598
832 0.00349565 0.00376853 0.00222344 0.000277847 29.5892 10.4598
833 0.00392087 0.00272735 0.00222344 0.000277847 29.5892 10.4598
834 0.00323298 0.00482765 0.00222344 0.000277847 29.5892 10.4598
835 0.00350692 0.0044211 0.00222344 0.000277847 29.5892 10.4598
836 0.00334882 0.00260778 0.00222344 0.000277847 29.5892 10.4598
837 0.00325969 0.00330758 0.00222344 0.000277847 29.5892 10.4598
838 0.0037693 0.00443799 0.00222344 0.000277847 29.5892 10.4598
839 0.0040781 0.00530948 0.00222344 0.000277847 29.5892 10.4598
840 0.00322199 0.00396635 0.00222344 0.000277847 29.5892 10.4598
841 0.00368834 0.00262852 0.00222344 0.000277847 29.5892 10.4598
842 0.00322899 0.00239594 0.00222344 0.000277847 29.5892 10.4598
843 0.00400866 0.00296525 0.00222344 0.000277847 29.5892 10.4598
844 0.00361123 0.00281649 0.00222344 0.000277847 29.5892 10.4598
845 0.00328881 0.00521674 0.00222344 0.000277847 29.5892 10.4598
846 0.00374859 0.00411408 0.00222344 0.000277847 29.5892 10.4598
847 0.00373092 0.00396256 0.00222344 0.000277847 29.5892 10.4598
848 0.0032759 0.00322286 0.00222344 0.000277847 29.5892 10.4598
849 0.00376247 0.00300289 0.00222344 0.000277847 29.5892 10.4598
850 0.00355094 0.00498135 0.00222344 0.000277847 29.5892 10.4598
851 0.00369361 0.0030825 0.00222344 0.000277847 29.5892 10.4598
852 0.00395026 0.00421558 0.00222344 0.000277847 29.5892 10.4598
853 0.00359642 0.0036295 0.00222344 0.000277847 29.5892 10.4598
854 0.00382239 0.00259158 0.00222344 0.000277847 29.5892 10.4598
855 0.0038012 0.00270607 0.00222344 0.000277847 29.5892 10.4598
856 0.00356337 0.00245557 0.00222344 0.000277847 29.5892 10.4598
857 0.00390892 0.00371864 0.00222344 0.000277847 29.5892 10.4598
858 0.00353114 0.00275685 0.00222344 0.000277847 29.5892 10.4598
859 0.00351286 0.00296196 0.00222344 0.000277847 29.5892 10.4598
860 0.00401896 0.00308202 0.00222344 0.000277847 29.5892 10.4598
861 0.00375815 0.00800768 0.00222344 0.000277847 29.5892 10.4598
862 0.0036282 0.00366229 0.00222344 0.000277847 29.5892 10.4598
863 0.00352884 0.00468862 0.00222344 0.000277847 29.5892 10.4598
864 0.00366624 0.0037742 0.00222344 0.000277847 29.5892 10.4598
865 0.00373343 0.00642383 0.00222344 0.000277847 29.5892 10.4598
866 0.00372181 0.00285249 0.00222344 0.000277847 29.5892 10.4598
867 0.0034672 0.00341734 0.00222344 0.000277847 29.5892 10.4598
868 0.00338473 0.00633002 0.00222344 0.000277847 29.5892 10.4598
869 0.00435163 0.00451432 0.00222344 0.000277847 29.5892 10.4598
870 0.00395051 0.00388436 0.00222344 0.000277847 29.5892 10.4598
871 0.00409882 0.00386323 0.00222344 0.000277847 29.5892 10.4598
872 0.0034518 0.00251009 0.00222344 0.000277847 29.5892 10.4598
873 0.0038307 0.00616364 0.00222344 0.000277847 29.5892 10.4598
874 0.00357192 0.00448145 0.00222344 0.000277847 29.5892 10.4598
875 0.00385107 0.00485303 0.00222344 0.000277847 29.5892 10.4598
876 0.00360539 0.0053783 0.00222344 0.000277847 29.5892 10.4598
877 0.0037086 0.00309529 0.00222344 0.000277847 29.5892 10.4598
878 0.00408839 0.00355228 0.00222344 0.000277847 29.5892 10.4598
879 0.00360817 0.00415439 0.00222344 0.000277847 29.5892 10.4598
880 0.00346944 0.00698563 0.00222344 0.000277847 29.5892 10.4598
881 0.00399042 0.00300253 0.00222344 0.000277847 29.5892 10.4598
882 0.00387359 0.00255825 0.00222344 0.000277847 29.5892 10.4598
883 0.00357097 0.00467676 0.00222344 0.000277847 29.5892 10.4598
884 0.00383795 0.00304239 0.00222344 0.000277847 29.5892 10.4598
885 0.00378199 0.00617686 0.00222344 0.000277847 29.5892 10.4598
886 0.0040436 0.00495492 0.00222344 0.000277847 29.5892 10.4598
887 0.00365538 0.00792766 0.00222344 0.000277847 29.5892 10.4598
888 0.00356334 0.00266092 0.00222344 0.000277847 29.5892 10.4598
889 0.00393668 0.00305639 0.00222344 0.000277847 29.5892 10.4598
890 0.00362015 0.00546435 0.00222344 0.000277847 29.5892 10.4598
891 0.00355038 0.00767239 0.00222344 0.000277847 29.5892 10.4598
892 0.0038386 0.00314849 0.00222344 0.000277847 29.5892 10.4598
893 0.00382346 0.00300142 0.00222344 0.000277847 29.5892 10.4598
894 0.00350218 0.00311733 0.00222344 0.000277847 29.5892 10.4598
895 0.00383635 0.00479377 0.00222344 0.000277847 29.5892 10.4598
896 0.00366802 0.00305218 0.00222344 0.000277847 29.5892 10.4598
897 0.0042346 0.00465929 0.00222344 0.000277847 29.5892 10.4598
898 0.00374241 0.00335891 0.00222344 0.000277847 29.5892 10.4598
899 0.00359357 0.00587453 0.00222344 0.000277847 29.5892 10.4598
900 0.00407149 0.00858777 0.00222344 0.000277847 29.5892 10.4598
901 0.00447798 0.00325682 0.00222344 0.000277847 29.5892 10.4598
902 0.0034121 0.00382107 0.00222344 0.000277847 29.5892 10.4598
903 0.00360347 0.00866664 0.00222344 0.000277847 29.5892 10.4598
904 0.00431819 0.00368888 0.00222344 0.000277847 29.5892 10.4598
905 0.00388062 0.00378763 0.00222344 0.000277847 29.5892 10.4598
906 0.00394145 0.00491357 0.00222344 0.000277847 29.5892 10.4598
907 0.0037519 0.00562484 0.00222344 0.000277847 29.5892 10.4598
908 0.00459141 0.00312801 0.00222344 0.000277847 29.5892 10.4598
909 0.00377725 0.00437259 0.00222344 0.000277847 29.5892 10.4598
910 0.00377985 0.00525677 0.00222344 0.000277847 29.5892 10.4598
911 0.00409645 0.00487868 0.00222344 0.000277847 29.5892 10.4598
912 0.00369859 0.00267849 0.00222344 0.000277847 29.5892 10.4598
913 0.00405512 0.00471568 0.00222344 0.000277847 29.5892 10.4598
914 0.00375583 0.00608962 0.00222344 0.000277847 29.5892 10.4598
915 0.00397184 0.00541796 0.00222344 0.000277847 29.5892 10.4598
916 0.00397781 0.00287183 0.00222344 0.000277847 29.5892 10.4598
917 0.00396276 0.00469038 0.00222344 0.000277847 29.5892 10.4598
918 0.00406485 0.00327701 0.00222344 0.000277847 29.5892 10.4598
919 0.00385999 0.00762344 0.00222344 0.000277847 29.5892 10.4598
920 0.00422947 0.00372318 0.00222344 0.000277847 29.5892 10.4598
921 0.00446696 0.0032415 0.00222344 0.000277847 29.5892 10.4598
922 0.00386794 0.00283228 0.00222344 0.000277847 29.5892 10.4598
923 0.0022974 0.00246996 0.00222344 0.000277847 29.5892 10.4598
924 0.00244021 0.00271533 0.00222344 0.000277847 29.5892 10.4598
925 0.00295771 0.0024713 0.00222344 0.000277847 29.5892 10.4598
926 0.00264833 0.00254079 0.00222344 0.000277847 29.5892 10.4598
927 0.00259374 0.00369787 0.00222344 0.000277847 29.5892 10.4598
928 0.00286374 0.00250148 0.00222344 0.000277847 29.5892 10.4598
929 0.00280135 0.0026379 0.00222344 0.000277847 29.5892 10.4598
930 0.00256412 0.00229206 0.00222344 0.000277847 29.5892 10.4598
931 0.00284258 0.00230479 0.00222344 0.000277847 29.5892 10.4598
932 0.00301031 0.00565652 0.00222344 0.000277847 29.5892 10.4598
933 0.00284534 0.00283532 0.00222344 0.000277847 29.5892 10.4598
934 0.00308461 0.00444435 0.00222344 0.000277847 29.5892 10.4598
935 0.00280083 0.00230628 0.00222344 0.000277847 29.5892 10.4598
936 0.00274738 0.00340639 0.00222344 0.000277847 29.5892 10.4598
937 0.00284657 0.00268013 0.00222344 0.000277847 29.5892 10.4598
938 0.00282499 0.00251706 0.00222344 0.000277847 29.5892 10.4598
939 0.00268084 0.00299166 0.00222344 0.000277847 29.5892 10.4598
940 0.00291459 0.00285493 0.00222344 0.000277847 29.5892 10.4598
941 0.00275827 0.00291567 0.00222344 0.000277847 29.5892 10.4598
942 0.00303017 0.0026124 0.00222344 0.000277847 29.5892 10.4598
943 0.00284498 0.00333644 0.00222344 0.000277847 29.5892 10.4598
944 0.00284973 0.00236261 0.00222344 0.000277847 29.5892 10.4598
945 0.00283908 0.00279332 0.00222344 0.000277847 29.5892 10.4598
946 0.00285428 0.00324805 0.00222344 0.000277847 29.5892 10.4598
947 0.00294734 0.00233801 0.00222344 0.000277847 29.5892 10.4598
948 0.00305709 0.00276706 0.00222344 0.000277847 29.5892 10.4598
949 0.00315192 0.0034524 0.00222344 0.000277847 29.5892 10.4598
950 0.00285008 0.00240191 0.00222344 0.000277847 29.5892 10.4598
951 0.00285542 0.0023001 0.00222344 0.000277847 29.5892 10.4598
952 0.00297038 0.00314037 0.00222344 0.000277847 29.5892 10.4598
953 0.0026323 0.00234265 0.00222344 0.000277847 29.5892 10.4598
954 0.00291666 0.0033622 0.00222344 0.000277847 29.5892 10.4598
955 0.00321228 0.00298822 0.00222344 0.000277847 29.5892 10.4598
956 0.00326518 0.0035612 0.00222344 0.000277847 29.5892 10.4598
957 0.00292185 0.00696895 0.00222344 0.000277847 29.5892 10.4598
958 0.00315478 0.00253926 0.00222344 0.000277847 29.5892 10.4598
959 0.00312824 0.00286064 0.00222344 0.000277847 29.5892 10.4598
960 0.00291469 0.00327649 0.00222344 0.000277847 29.5892 10.4598
961 0.00302371 0.00293474 0.00222344 0.000277847 29.5892 10.4598
962 0.00314128 0.00257789 0.00222344 0.000277847 29.5892 10.4598
963 0.00281042 0.00310123 0.00222344 0.000277847 29.5892 10.4598
964 0.00300444 0.00336489 0.00222344 0.000277847 29.5892 10.4598
965 0.00320608 0.00393157 0.00222344 0.000277847 29.5892 10.4598
966 0.00301634 0.00358344 0.00222344 0.000277847 29.5892 10.4598
967 0.00313635 0.00266426 0.00222344 0.000277847 29.5892 10.4598
968 0.00288407 0.00454562 0.00222344 0.000277847 29.5892 10.4598
969 0.00324448 0.0027437 0.00222344 0.000277847 29.5892 10.4598
970 0.00309864 0.00294724 0.00222344 0.000277847 29.5892 10.4598
971 0.00306335 0.00400514 0.00222344 0.000277847 29.5892 10.4598
972 0.00329732 0.0028066 0.00222344 0.000277847 29.5892 10.4598
973 0.00297615 0.00254611 0.00222344 0.000277847 29.5892 10.4598
974 0.00308296 0.00325289 0.00222344 0.000277847 29.5892 10.4598
975 0.00325044 0.00249745 0.00222344 0.000277847 29.5892 10.4598
976 0.00318097 0.00361372 0.00222344 0.000277847 29.5892 10.4598
977 0.00314067 0.00335512 0.00222344 0.000277847 29.5892 10.4598
978 0.00306975 0.00258747 0.00222344 0.000277847 29.5892 10.4598
979 0.00306821 0.00292102 0.00222344 0.000277847 29.5892 10.4598
980 0.00329831 0.00262708 0.00222344 0.000277847 29.5892 10.4598
981 0.00320944 0.00242404 0.00222344 0.000277847 29.5892 10.4598
982 0.00326695 0.00276637 0.00222344 0.000277847 29.5892 10.4598
983 0.00306242 0.00246307 0.00222344 0.000277847 29.5892 10.4598
984 0.00344411 0.00535015 0.00222344 0.000277847 29.5892 10.4598
985 0.00326168 0.00256957 0.00222344 0.000277847 29.5892 10.4598
986 0.00344098 0.00230815 0.00222344 0.000277847 29.5892 10.4598
987 0.00326109 0.00223114 0.00222344 0.000277847 29.5892 10.4598
988 0.00318658 0.00431936 0.00222344 0.000277847 29.5892 10.4598
989 0.0030966 0.00248444 0.00222344 0.000277847 29.5892 10.4598
990 0.00372771 0.00495645 0.00222344 0.000277847 29.5892 10.4598
991 0.00299894 0.00266695 0.00222344 0.000277847 29.5892 10.4598
992 0.00321617 0.00436758 0.00222344 0.000277847 29.5892 10.4598
993 0.00322814 0.00746875 0.00222344 0.000277847 29.5892 10.4598
994 0.00299884 0.00242687 0.00222344 0.000277847 29.5892 10.4598
995 0.00340403 0.00694464 0.00222344 0.000277847 29.5892 10.4598
996 0.00326827 0.00668621 0.00222344 0.000277847 29.5892 10.4598
997 0.00338769 0.00250652 0.00222344 0.000277847 29.5892 10.4598
998 0.00331742 0.00672989 0.00222344 0.000277847 29.5892 10.4598
999 0.00320698 0.00391177 0.00222344 0.000277847 29.5892 10.4598
1000 0.00340633 0.00257926 0.00222344 0.000277847 29.5892 10.4598
1001 0.00348824 0.00497637 0.00222344 0.000277847 29.5892 10.4598
1002 0.00302933 0.00286516 0.00222344 0.000277847 29.5892 10.4598
1003 0.00330358 0.00297366 0.00222344 0.000277847 29.5892 10.4598
1004 0.00329727 0.0034487 0.00222344 0.000277847 29.5892 10.4598
1005 0.00317864 0.00264942 0.00222344 0.000277847 29.5892 10.4598
1006 0.00371081 0.00263732 0.00222344 0.000277847 29.5892 10.4598
1007 0.00328254 0.00323227 0.00222344 0.000277847 29.5892 10.4598
1008 0.00298721 0.00373305 0.00222344 0.000277847 29.5892 10.4598
1009 0.00363068 0.00337759 0.00222344 0.000277847 29.5892 10.4598
1010 0.00388893 0.0027279 0.00222344 0.000277847 29.5892 10.4598
1011 0.00342048 0.00252386 0.00222344 0.000277847 29.5892 10.4598
1012 0.00387087 0.00496393 0.00222344 0.000277847 29.5892 10.4598
1013 0.00336909 0.00405472 0.00222344 0.000277847 29.5892 10.4598
1014 0.00341882 0.0031011 0.00222344 0.000277847 29.5892 10.4598
1015 0.00344642 0.00503505 0.00222344 0.000277847 29.5892 10.4598
1016 0.00369217 0.00265627 0.00222344 0.000277847 29.5892 10.4598
1017 0.00335009 0.00595218 0.00222344 0.000277847 29.5892 10.4598
1018 0.00352817 0.00349717 0.00222344 0.000277847 29.5892 10.4598
1019 0.00323091 0.00298814 0.00222344 0.000277847 29.5892 10.4598
1020 0.0034724 0.00699032 0.00222344 0.000277847 29.5892 10.4598
1021 0.00385983 0.0029295 0.00222344 0.000277847 29.5892 10.4598
1022 0.00442259 0.00284513 0.00222344 0.000277847 29.5892 10.4598
1023 0.0023333 0.00256705 0.00222344 0.000277847 29.5892 10.4598
1024 0.00244649 0.00246877 0.00222344 0.000277847 29.5892 10.4598
1025 0.00249957 0.0023147 0.00222344 0.000277847 29.5892 10.4598
1026 0.00256349 0.00262844 0.00222344 0.000277847 29.5892 10.4598
1027 0.00250289 0.00251817 0.00222344 0.000277847 29.5892 10.4598
1028 0.00277367 0.00219026 0.00222344 0.000277847 29.5892 10.4598
1029 0.00262542 0.00254641 0.00219026 0.000263501 29.3676 10.1862
1030 0.0025381 0.0027421 0.00219026 0.000263501 29.3676 10.1862
1031 0.00282501 0.00249094 0.00219026 0.000263501 29.3676 10.1862
1032 0.00245895 0.00255887 0.00219026 0.000263501 29.3676 10.1862
1033 0.00248443 0.00386983 0.00219026 0.000263501 29.3676 10.1862
1034 0.00272682 0.00215516 0.00219026 0.000263501 29.3676 10.1862
1035 0.00281209 0.00283668 0.00215516 0.000264569 29.1313 10.2068
1036 0.00260584 0.00257765 0.00215516 0.000264569 29.1313 10.2068
1037 0.00281774 0.00262259 0.00215516 0.000264569 29.1313 10.2068
1038 0.00280182 0.00274299 0.00215516 0.000264569 29.1313 10.2068
1039 0.00272156 0.00295528 0.00215516 0.000264569 29.1313 10.2068
1040 0.00273765 0.00226326 0.00215516 0.000264569 29.1313 10.2068
1041 0.00271986 0.00260272 0.00215516 0.000264569 29.1313 10.2068
1042 0.00271741 0.00250008 0.00215516 0.000264569 29.1313 10.2068
1043 0.002593 0.00305103 0.00215516 0.000264569 29.1313 10.2068
1044 0.0027844 0.00253801 0.00215516 0.000264569 29.1313 10.2068
1045 0.00253471 0.00291543 0.00215516 0.000264569 29.1313 10.2068
1046 0.00274733 0.00363015 0.00215516 0.000264569 29.1313 10.2068
1047 0.00283269 0.00326664 0.00215516 0.000264569 29.1313 10.2068
1048 0.00264422 0.00329474 0.00215516 0.000264569 29.1313 10.2068
1049 0.00273468 0.00268471 0.00215516 0.000264569 29.1313 10.2068
1050 0.00288246 0.00280312 0.00215516 0.000264569 29.1313 10.2068
1051 0.00274098 0.00230465 0.00215516 0.000264569 29.1313 10.2068
1052 0.00267897 0.00250179 0.00215516 0.000264569 29.1313 10.2068
1053 0.00279911 0.00391969 0.00215516 0.000264569 29.1313 10.2068
1054 0.00282073 0.00349193 0.00215516 0.000264569 29.1313 10.2068
1055 0.0028464 0.00248342 0.00215516 0.000264569 29.1313 10.2068
1056 0.00280556 0.00271414 0.00215516 0.000264569 29.1313 10.2068
1057 0.0026473 0.00482696 0.00215516 0.000264569 29.1313 10.2068
1058 0.00282953 0.00253431 0.00215516 0.000264569 29.1313 10.2068
1059 0.00281474 0.00328402 0.00215516 0.000264569 29.1313 10.2068
1060 0.00299311 0.00267836 0.00215516 0.000264569 29.1313 10.2068
1061 0.00295428 0.00336596 0.00215516 0.000264569 29.1313 10.2068
1062 0.00291654 0.00272862 0.00215516 0.000264569 29.1313 10.2068
1063 0.00286085 0.00239533 0.00215516 0.000264569 29.1313 10.2068
1064 0.00295891 0.00259857 0.00215516 0.000264569 29.1313 10.2068
1065 0.00287673 0.00305401 0.00215516 0.000264569 29.1313 10.2068
1066 0.00292301 0.00447856 0.00215516 0.000264569 29.1313 10.2068
1067 0.00279605 0.00337369 0.00215516 0.000264569 29.1313 10.2068
1068 0.00295337 0.0093721 0.00215516 0.000264569 29.1313 10.2068
1069 0.00275154 0.00296669 0.00215516 0.000264569 29.1313 10.2068
1070 0.00297584 0.00248339 0.00215516 0.000264569 29.1313 10.2068
1071 0.00283755 0.0023909 0.00215516 0.000264569 29.1313 10.2068
1072 0.00278363 0.00298821 0.00215516 0.000264569 29.1313 10.2068
1073 0.00309435 0.00287012 0.00215516 0.000264569 29.1313 10.2068
1074 0.00293666 0.00243342 0.00215516 0.000264569 29.1313 10.2068
1075 0.00287574 0.002998 0.00215516 0.000264569 29.1313 10.2068
1076 0.00331786 0.00263945 0.00215516 0.000264569 29.1313 10.2068
1077 0.00287347 0.00363256 0.00215516 0.000264569 29.1313 10.2068
1078 0.00327382 0.00643102 0.00215516 0.000264569 29.1313 10.2068
1079 0.00293907 0.00267092 0.00215516 0.000264569 29.1313 10.2068
1080 0.00288101 0.00261828 0.00215516 0.000264569 29.1313 10.2068
1081 0.00306855 0.00271475 0.00215516 0.000264569 29.1313 10.2068
1082 0.00304185 0.00470317 0.00215516 0.000264569 29.1313 10.2068
1083 0.00308323 0.00226514 0.00215516 0.000264569 29.1313 10.2068
1084 0.00310255 0.00263644 0.00215516 0.000264569 29.1313 10.2068
1085 0.00334526 0.00245754 0.00215516 0.000264569 29.1313 10.2068
1086 0.00283902 0.0023317 0.00215516 0.000264569 29.1313 10.2068
1087 0.00297754 0.00246404 0.00215516 0.000264569 29.1313 10.2068
1088 0.00312495 0.00282427 0.00215516 0.000264569 29.1313 10.2068
1089 0.00305716 0.00251781 0.00215516 0.000264569 29.1313 10.2068
1090 0.00319369 0.00308945 0.00215516 0.000264569 29.1313 10.2068
1091 0.00307115 0.00258609 0.00215516 0.000264569 29.1313 10.2068
1092 0.00312278 0.00273689 0.00215516 0.000264569 29.1313 10.2068
1093 0.00324091 0.00264798 0.00215516 0.000264569 29.1313 10.2068
1094 0.00315148 0.00237199 0.00215516 0.000264569 29.1313 10.2068
1095 0.00318232 0.00242159 0.00215516 0.000264569 29.1313 10.2068
1096 0.00319317 0.00555127 0.00215516 0.000264569 29.1313 10.2068
1097 0.00304778 0.00290434 0.00215516 0.000264569 29.1313 10.2068
1098 0.00319004 0.00511921 0.00215516 0.000264569 29.1313 10.2068
1099 0.00363989 0.00249594 0.00215516 0.000264569 29.1313 10.2068
1100 0.00307619 0.00232796 0.00215516 0.000264569 29.1313 10.2068
1101 0.00309285 0.00291599 0.00215516 0.000264569 29.1313 10.2068
1102 0.00333841 0.00341541 0.00215516 0.000264569 29.1313 10.2068
1103 0.00313613 0.0028254 0.00215516 0.000264569 29.1313 10.2068
1104 0.00372732 0.00314012 0.00215516 0.000264569 29.1313 10.2068
1105 0.00348723 0.0026228 0.00215516 0.000264569 29.1313 10.2068
1106 0.00304633 0.00283454 0.00215516 0.000264569 29.1313 10.2068
1107 0.0035215 0.0028776 0.00215516 0.000264569 29.1313 10.2068
1108 0.00324881 0.00279633 0.00215516 0.000264569 29.1313 10.2068
1109 0.00343008 0.00389343 0.00215516 0.000264569 29.1313 10.2068
1110 0.00317868 0.00367416 0.00215516 0.000264569 29.1313 10.2068
1111 0.00329463 0.00258633 0.00215516 0.000264569 29.1313 10.2068
1112 0.00339057 0.00290078 0.00215516 0.000264569 29.1313 10.2068
1113 0.00325538 0.00244832 0.00215516 0.000264569 29.1313 10.2068
1114 0.00318452 0.00273217 0.00215516 0.000264569 29.1313 10.2068
1115 0.00369132 0.00508689 0.00215516 0.000264569 29.1313 10.2068
1116 0.00366664 0.0023657 0.00215516 0.000264569 29.1313 10.2068
1117 0.00349191 0.00352973 0.00215516 0.000264569 29.1313 10.2068
1118 0.00345276 0.00321781 0.00215516 0.000264569 29.1313 10.2068
1119 0.00347184 0.00383565 0.00215516 0.000264569 29.1313 10.2068
1120 0.00325508 0.00269933 0.00215516 0.000264569 29.1313 10.2068
1121 0.00334154 0.00301498 0.00215516 0.000264569 29.1313 10.2068
1122 0.00324566 0.00293074 0.00215516 0.000264569 29.1313 10.2068
1123 0.00359404 0.00739071 0.00215516 0.000264569 29.1313 10.2068
1124 0.00377744 0.00357733 0.00215516 0.000264569 29.1313 10.2068
1125 0.00340698 0.00244284 0.00215516 0.000264569 29.1313 10.2068
1126 0.00359359 0.00282572 0.00215516 0.000264569 29.1313 10.2068
1127 0.00353335 0.0031617 0.00215516 0.000264569 29.1313 10.2068
1128 0.00367912 0.00563716 0.00215516 0.000264569 29.1313 10.2068
1129 0.00340739 0.00387676 0.00215516 0.000264569 29.1313 10.2068
1130 0.00335603 0.00285024 0.00215516 0.000264569 29.1313 10.2068
1131 0.0036072 0.0171794 0.00215516 0.000264569 29.1313 10.2068
1132 0.00368359 0.00438599 0.00215516 0.000264569 29.1313 10.2068
1133 0.00338867 0.00294734 0.00215516 0.000264569 29.1313 10.2068
1134 0.00358751 0.00313778 0.00215516 0.000264569 29.1313 10.2068
