1 0.00384752 0.00014325 1.79769e+308 1.79769e+308 inf inf
2 0.000172723 0.000125949 1.79769e+308 1.79769e+308 inf inf
3 0.00525399 0.000138972 0.000125949 0.000282497 7.04234 10.547
4 0.00022357 7.45282e-05 0.000125949 0.000282497 7.04234 10.547
5 0.000121169 0.000139417 7.45282e-05 0.000328297 5.41727 11.3698
6 0.000890353 0.000195775 7.45282e-05 0.000328297 5.41727 11.3698
7 0.000119948 5.20806e-05 7.45282e-05 0.000328297 5.41727 11.3698
8 0.00010403 5.53762e-05 5.20806e-05 0.000208873 4.52854 9.06905
9 0.00033433 0.000164041 5.53762e-05 0.000162718 4.66962 8.00457
10 9.24802e-05 4.49536e-05 5.53762e-05 0.000162718 4.66962 8.00457
11 7.29721e-05 0.0001551 4.49536e-05 0.000163175 4.20729 8.0158
12 0.000120572 4.99076e-05 4.49536e-05 0.000163175 4.20729 8.0158
13 5.97848e-05 4.21311e-05 4.99076e-05 0.000132947 4.43306 7.23536
14 0.000208752 3.26095e-05 4.21311e-05 0.000117149 4.07307 6.79188
15 6.04376e-05 3.49242e-05 4.21311e-05 0.000117149 4.07307 6.79188
16 5.36859e-05 3.73662e-05 3.49242e-05 0.000114605 3.70837 6.71772
17 0.000194362 3.3821e-05 3.73662e-05 0.000106809 3.83583 6.48522
18 5.95639e-05 3.41956e-05 3.73662e-05 0.000106809 3.83583 6.48522
19 8.09634e-05 3.47901e-05 3.73662e-05 0.000106809 3.83583 6.48522
20 3.94843e-05 2.43376e-05 3.73662e-05 0.000106809 3.83583 6.48522
21 4.59047e-05 3.91815e-05 2.43376e-05 9.50054e-05 3.0957 6.11638
22 8.59698e-05 3.42494e-05 2.43376e-05 9.50054e-05 3.0957 6.11638
23 7.49349e-05 3.58048e-05 2.43376e-05 9.50054e-05 3.0957 6.11638
24 3.36786e-05 9.30896e-05 2.43376e-05 9.50054e-05 3.0957 6.11638
25 9.06892e-05 7.44564e-05 2.43376e-05 9.50054e-05 3.0957 6.11638
26 3.86589e-05 2.08917e-05 2.43376e-05 9.50054e-05 3.0957 6.11638
27 4.03713e-05 3.36885e-05 2.08917e-05 8.68328e-05 2.86819 5.84739
28 6.62866e-05 4.87397e-05 2.08917e-05 8.68328e-05 2.86819 5.84739
29 4.59086e-05 1.88371e-05 2.08917e-05 8.68328e-05 2.86819 5.84739
30 3.17154e-05 1.9557e-05 1.88371e-05 7.94308e-05 2.7235 5.59261
31 3.88641e-05 1.82826e-05 1.9557e-05 7.5225e-05 2.77506 5.44254
32 7.28317e-05 3.75347e-05 1.82826e-05 7.22045e-05 2.68311 5.33215
33 3.38219e-05 1.84096e-05 1.82826e-05 7.22045e-05 2.68311 5.33215
34 3.87013e-05 5.8571e-05 1.84096e-05 7.11773e-05 2.69242 5.29409
35 5.60269e-05 2.87495e-05 1.84096e-05 7.11773e-05 2.69242 5.29409
36 3.17087e-05 2.58259e-05 1.84096e-05 7.11773e-05 2.69242 5.29409
37 5.84704e-05 2.73706e-05 1.84096e-05 7.11773e-05 2.69242 5.29409
38 4.66621e-05 1.64123e-05 1.84096e-05 7.11773e-05 2.69242 5.29409
39 2.66439e-05 5.23944e-05 1.64123e-05 7.06231e-05 2.54217 5.27344
40 5.00709e-05 2.34495e-05 1.64123e-05 7.06231e-05 2.54217 5.27344
41 2.84639e-05 3.6094e-05 1.64123e-05 7.06231e-05 2.54217 5.27344
42 3.18983e-05 8.31385e-05 1.64123e-05 7.06231e-05 2.54217 5.27344
43 0.000171121 2.13616e-05 1.64123e-05 7.06231e-05 2.54217 5.27344
44 3.67465e-05 2.01393e-05 1.64123e-05 7.06231e-05 2.54217 5.27344
45 3.49669e-05 2.59935e-05 1.64123e-05 7.06231e-05 2.54217 5.27344
46 6.77338e-05 1.80722e-05 1.64123e-05 7.06231e-05 2.54217 5.27344
47 2.96592e-05 7.06037e-05 1.64123e-05 7.06231e-05 2.54217 5.27344
48 7.47258e-05 2.12594e-05 1.64123e-05 7.06231e-05 2.54217 5.27344
49 3.1354e-05 1.86814e-05 1.64123e-05 7.06231e-05 2.54217 5.27344
50 3.0159e-05 4.63254e-05 1.64123e-05 7.06231e-05 2.54217 5.27344
51 4.02156e-05 2.12999e-05 1.64123e-05 7.06231e-05 2.54217 5.27344
52 3.99801e-05 1.60631e-05 1.64123e-05 7.06231e-05 2.54217 5.27344
53 2.58416e-05 6.65081e-05 1.60631e-05 6.31631e-05 2.51498 4.98714
54 4.82226e-05 4.44752e-05 1.60631e-05 6.31631e-05 2.51498 4.98714
55 2.85302e-05 1.52209e-05 1.60631e-05 6.31631e-05 2.51498 4.98714
56 2.68369e-05 1.43919e-05 1.52209e-05 6.13859e-05 2.44816 4.91648
57 5.67177e-05 5.05195e-05 1.43919e-05 5.97078e-05 2.38056 4.84882
58 3.35301e-05 1.39427e-05 1.43919e-05 5.97078e-05 2.38056 4.84882
59 9.85066e-05 3.62526e-05 1.39427e-05 5.93745e-05 2.34312 4.83527
60 2.11131e-05 1.66004e-05 1.39427e-05 5.93745e-05 2.34312 4.83527
61 2.5773e-05 7.42496e-05 1.39427e-05 5.93745e-05 2.34312 4.83527
62 3.76799e-05 3.85675e-05 1.39427e-05 5.93745e-05 2.34312 4.83527
63 3.15249e-05 1.46663e-05 1.39427e-05 5.93745e-05 2.34312 4.83527
64 2.23998e-05 1.4846e-05 1.39427e-05 5.93745e-05 2.34312 4.83527
65 5.71135e-05 3.29032e-05 1.4846e-05 5.7309e-05 2.41783 4.75042
66 2.51699e-05 1.39852e-05 1.4846e-05 5.7309e-05 2.41783 4.75042
67 3.69421e-05 1.62343e-05 1.39852e-05 5.76384e-05 2.34669 4.76405
68 2.62316e-05 2.21409e-05 1.39852e-05 5.76384e-05 2.34669 4.76405
69 7.77794e-05 1.97277e-05 1.39852e-05 5.76384e-05 2.34669 4.76405
70 2.8173e-05 1.51163e-05 1.39852e-05 5.76384e-05 2.34669 4.76405
71 0.000151694 2.11327e-05 1.39852e-05 5.76384e-05 2.34669 4.76405
72 2.90724e-05 1.92496e-05 1.39852e-05 5.76384e-05 2.34669 4.76405
73 5.91866e-05 1.63447e-05 1.39852e-05 5.76384e-05 2.34669 4.76405
74 2.38028e-05 1.54799e-05 1.39852e-05 5.76384e-05 2.34669 4.76405
75 3.69799e-05 1.52112e-05 1.39852e-05 5.76384e-05 2.34669 4.76405
76 2.09997e-05 4.30395e-05 1.39852e-05 5.76384e-05 2.34669 4.76405
77 3.78902e-05 1.34476e-05 1.39852e-05 5.76384e-05 2.34669 4.76405
78 4.23567e-05 1.49793e-05 1.34476e-05 5.59543e-05 2.30113 4.69393
79 2.01435e-05 2.54414e-05 1.34476e-05 5.59543e-05 2.30113 4.69393
80 8.74502e-05 2.0419e-05 1.34476e-05 5.59543e-05 2.30113 4.69393
81 2.34423e-05 1.97655e-05 1.34476e-05 5.59543e-05 2.30113 4.69393
82 2.46931e-05 1.56313e-05 1.34476e-05 5.59543e-05 2.30113 4.69393
83 3.33082e-05 5.2125e-05 1.34476e-05 5.59543e-05 2.30113 4.69393
84 9.27055e-05 3.65531e-05 1.34476e-05 5.59543e-05 2.30113 4.69393
85 3.30371e-05 0.000117077 1.34476e-05 5.59543e-05 2.30113 4.69393
86 0.000125871 2.14452e-05 1.34476e-05 5.59543e-05 2.30113 4.69393
87 2.77995e-05 5.40562e-05 1.34476e-05 5.59543e-05 2.30113 4.69393
88 2.79217e-05 1.6741e-05 1.34476e-05 5.59543e-05 2.30113 4.69393
89 4.30487e-05 1.70462e-05 1.34476e-05 5.59543e-05 2.30113 4.69393
90 2.45727e-05 1.64084e-05 1.34476e-05 5.59543e-05 2.30113 4.69393
91 4.42073e-05 1.29124e-05 1.34476e-05 5.59543e-05 2.30113 4.69393
92 2.49473e-05 1.47769e-05 1.29124e-05 5.49685e-05 2.25488 4.6524
93 8.88712e-05 1.62888e-05 1.29124e-05 5.49685e-05 2.25488 4.6524
94 2.42066e-05 1.79844e-05 1.29124e-05 5.49685e-05 2.25488 4.6524
95 5.35545e-05 1.58806e-05 1.29124e-05 5.49685e-05 2.25488 4.6524
96 2.25529e-05 9.98056e-05 1.29124e-05 5.49685e-05 2.25488 4.6524
97 4.89079e-05 2.17117e-05 1.29124e-05 5.49685e-05 2.25488 4.6524
98 2.37489e-05 1.29223e-05 1.29124e-05 5.49685e-05 2.25488 4.6524
99 5.59042e-05 3.30944e-05 1.29223e-05 5.42028e-05 2.25575 4.61988
100 2.35536e-05 2.4874e-05 1.29223e-05 5.42028e-05 2.25575 4.61988
101 4.0865e-05 1.34976e-05 1.29223e-05 5.42028e-05 2.25575 4.61988
102 2.33031e-05 1.28755e-05 1.29223e-05 5.42028e-05 2.25575 4.61988
103 2.44603e-05 0.000100167 1.28755e-05 5.30824e-05 2.25166 4.57189
104 7.17216e-05 1.39056e-05 1.28755e-05 5.30824e-05 2.25166 4.57189
105 2.29407e-05 1.54386e-05 1.28755e-05 5.30824e-05 2.25166 4.57189
106 4.8276e-05 5.31384e-05 1.28755e-05 5.30824e-05 2.25166 4.57189
107 2.20796e-05 1.45191e-05 1.28755e-05 5.30824e-05 2.25166 4.57189
108 4.44467e-05 1.31421e-05 1.28755e-05 5.30824e-05 2.25166 4.57189
109 1.92436e-05 1.25621e-05 1.28755e-05 5.30824e-05 2.25166 4.57189
110 6.15841e-05 1.46882e-05 1.25621e-05 5.22833e-05 2.22409 4.53734
111 1.80051e-05 3.22171e-05 1.25621e-05 5.22833e-05 2.22409 4.53734
112 2.28784e-05 1.24752e-05 1.25621e-05 5.22833e-05 2.22409 4.53734
113 5.84896e-05 1.62354e-05 1.24752e-05 5.2008e-05 2.21638 4.52538
114 2.18483e-05 0.000100902 1.24752e-05 5.2008e-05 2.21638 4.52538
115 5.68523e-05 1.29385e-05 1.24752e-05 5.2008e-05 2.21638 4.52538
116 2.15543e-05 7.29583e-05 1.24752e-05 5.2008e-05 2.21638 4.52538
117 4.29956e-05 1.43996e-05 1.24752e-05 5.2008e-05 2.21638 4.52538
118 2.11731e-05 2.87024e-05 1.24752e-05 5.2008e-05 2.21638 4.52538
119 8.60433e-05 1.71289e-05 1.24752e-05 5.2008e-05 2.21638 4.52538
120 2.43032e-05 1.52666e-05 1.24752e-05 5.2008e-05 2.21638 4.52538
121 0.000168506 1.90869e-05 1.24752e-05 5.2008e-05 2.21638 4.52538
122 2.40532e-05 1.95941e-05 1.24752e-05 5.2008e-05 2.21638 4.52538
123 2.39769e-05 1.92689e-05 1.24752e-05 5.2008e-05 2.21638 4.52538
124 0.000152678 1.70372e-05 1.24752e-05 5.2008e-05 2.21638 4.52538
125 2.47628e-05 1.41313e-05 1.24752e-05 5.2008e-05 2.21638 4.52538
126 5.39365e-05 1.59015e-05 1.24752e-05 5.2008e-05 2.21638 4.52538
127 2.01956e-05 1.31398e-05 1.24752e-05 5.2008e-05 2.21638 4.52538
128 6.98477e-05 1.42804e-05 1.24752e-05 5.2008e-05 2.21638 4.52538
129 1.98015e-05 1.56926e-05 1.24752e-05 5.2008e-05 2.21638 4.52538
130 7.34562e-05 2.1539e-05 1.24752e-05 5.2008e-05 2.21638 4.52538
131 1.95829e-05 1.46921e-05 1.24752e-05 5.2008e-05 2.21638 4.52538
132 2.23759e-05 3.88148e-05 1.24752e-05 5.2008e-05 2.21638 4.52538
133 4.59085e-05 1.86638e-05 1.24752e-05 5.2008e-05 2.21638 4.52538
134 1.74505e-05 2.49997e-05 1.24752e-05 5.2008e-05 2.21638 4.52538
135 2.21671e-05 1.62532e-05 1.24752e-05 5.2008e-05 2.21638 4.52538
136 5.00899e-05 1.41542e-05 1.24752e-05 5.2008e-05 2.21638 4.52538
137 2.07593e-05 2.79247e-05 1.24752e-05 5.2008e-05 2.21638 4.52538
138 2.31061e-05 1.38049e-05 1.24752e-05 5.2008e-05 2.21638 4.52538
139 4.55293e-05 1.69734e-05 1.24752e-05 5.2008e-05 2.21638 4.52538
140 2.18135e-05 2.6847e-05 1.24752e-05 5.2008e-05 2.21638 4.52538
141 3.45296e-05 1.17071e-05 1.24752e-05 5.2008e-05 2.21638 4.52538
142 2.07306e-05 2.12087e-05 1.17071e-05 5.02201e-05 2.14706 4.44692
143 6.01886e-05 1.24203e-05 1.17071e-05 5.02201e-05 2.14706 4.44692
144 2.10693e-05 2.23993e-05 1.17071e-05 5.02201e-05 2.14706 4.44692
145 0.000121412 1.55807e-05 1.17071e-05 5.02201e-05 2.14706 4.44692
146 1.97395e-05 1.26838e-05 1.17071e-05 5.02201e-05 2.14706 4.44692
147 3.4676e-05 6.21772e-05 1.17071e-05 5.02201e-05 2.14706 4.44692
148 1.751e-05 1.67649e-05 1.17071e-05 5.02201e-05 2.14706 4.44692
149 5.45199e-05 1.21084e-05 1.17071e-05 5.02201e-05 2.14706 4.44692
150 2.05436e-05 1.33106e-05 1.17071e-05 5.02201e-05 2.14706 4.44692
151 3.5509e-05 2.56565e-05 1.17071e-05 5.02201e-05 2.14706 4.44692
152 2.07292e-05 1.22855e-05 1.17071e-05 5.02201e-05 2.14706 4.44692
153 5.30999e-05 1.90302e-05 1.17071e-05 5.02201e-05 2.14706 4.44692
154 2.1911e-05 1.3055e-05 1.17071e-05 5.02201e-05 2.14706 4.44692
155 6.56461e-05 1.44354e-05 1.17071e-05 5.02201e-05 2.14706 4.44692
156 2.00734e-05 1.73831e-05 1.17071e-05 5.02201e-05 2.14706 4.44692
157 2.22891e-05 1.25498e-05 1.17071e-05 5.02201e-05 2.14706 4.44692
158 2.10992e-05 2.52254e-05 1.17071e-05 5.02201e-05 2.14706 4.44692
159 2.96896e-05 1.14908e-05 1.17071e-05 5.02201e-05 2.14706 4.44692
160 1.84821e-05 2.2891e-05 1.14908e-05 5.0159e-05 2.12714 4.44421
161 4.39956e-05 1.98754e-05 1.14908e-05 5.0159e-05 2.12714 4.44421
162 6.26444e-05 2.69839e-05 1.14908e-05 5.0159e-05 2.12714 4.44421
163 1.67766e-05 2.1342e-05 1.14908e-05 5.0159e-05 2.12714 4.44421
164 2.03299e-05 1.20747e-05 1.14908e-05 5.0159e-05 2.12714 4.44421
165 3.28755e-05 1.5872e-05 1.14908e-05 5.0159e-05 2.12714 4.44421
166 2.01069e-05 3.40234e-05 1.14908e-05 5.0159e-05 2.12714 4.44421
167 6.12173e-05 1.29e-05 1.14908e-05 5.0159e-05 2.12714 4.44421
168 2.05865e-05 1.79195e-05 1.14908e-05 5.0159e-05 2.12714 4.44421
169 5.00608e-05 2.4882e-05 1.14908e-05 5.0159e-05 2.12714 4.44421
170 2.06048e-05 1.29193e-05 1.14908e-05 5.0159e-05 2.12714 4.44421
171 7.94351e-05 1.255e-05 1.14908e-05 5.0159e-05 2.12714 4.44421
172 1.98238e-05 1.15567e-05 1.14908e-05 5.0159e-05 2.12714 4.44421
173 2.44884e-05 1.44012e-05 1.15567e-05 4.87367e-05 2.13323 4.38075
174 3.36871e-05 1.33722e-05 1.15567e-05 4.87367e-05 2.13323 4.38075
175 1.74235e-05 1.78002e-05 1.15567e-05 4.87367e-05 2.13323 4.38075
176 5.61544e-05 1.2681e-05 1.15567e-05 4.87367e-05 2.13323 4.38075
177 1.91393e-05 1.78553e-05 1.15567e-05 4.87367e-05 2.13323 4.38075
178 3.48499e-05 1.29445e-05 1.15567e-05 4.87367e-05 2.13323 4.38075
179 1.89301e-05 1.26691e-05 1.15567e-05 4.87367e-05 2.13323 4.38075
180 3.0567e-05 1.18656e-05 1.15567e-05 4.87367e-05 2.13323 4.38075
181 5.42094e-05 1.70127e-05 1.15567e-05 4.87367e-05 2.13323 4.38075
182 1.5476e-05 4.23822e-05 1.15567e-05 4.87367e-05 2.13323 4.38075
183 3.61277e-05 1.17177e-05 1.15567e-05 4.87367e-05 2.13323 4.38075
184 1.655e-05 4.55492e-05 1.15567e-05 4.87367e-05 2.13323 4.38075
185 5.6181e-05 1.27286e-05 1.15567e-05 4.87367e-05 2.13323 4.38075
186 1.68024e-05 1.21994e-05 1.15567e-05 4.87367e-05 2.13323 4.38075
187 0.000103971 3.23544e-05 1.15567e-05 4.87367e-05 2.13323 4.38075
188 2.78853e-05 1.71336e-05 1.15567e-05 4.87367e-05 2.13323 4.38075
189 2.6504e-05 3.12702e-05 1.15567e-05 4.87367e-05 2.13323 4.38075
190 4.38218e-05 2.40086e-05 1.15567e-05 4.87367e-05 2.13323 4.38075
191 2.11178e-05 1.69048e-05 1.15567e-05 4.87367e-05 2.13323 4.38075
192 3.7251e-05 1.84119e-05 1.15567e-05 4.87367e-05 2.13323 4.38075
193 1.99295e-05 3.43613e-05 1.15567e-05 4.87367e-05 2.13323 4.38075
194 4.82541e-05 1.28166e-05 1.15567e-05 4.87367e-05 2.13323 4.38075
195 1.80846e-05 1.83519e-05 1.15567e-05 4.87367e-05 2.13323 4.38075
196 2.56042e-05 2.98616e-05 1.15567e-05 4.87367e-05 2.13323 4.38075
197 1.97831e-05 1.5428e-05 1.15567e-05 4.87367e-05 2.13323 4.38075
198 2.59474e-05 1.27428e-05 1.15567e-05 4.87367e-05 2.13323 4.38075
199 3.13401e-05 1.21868e-05 1.15567e-05 4.87367e-05 2.13323 4.38075
200 6.42227e-05 2.21204e-05 1.15567e-05 4.87367e-05 2.13323 4.38075
201 1.47253e-05 1.42176e-05 1.15567e-05 4.87367e-05 2.13323 4.38075
202 1.9832e-05 1.33489e-05 1.15567e-05 4.87367e-05 2.13323 4.38075
203 5.289e-05 1.55313e-05 1.15567e-05 4.87367e-05 2.13323 4.38075
204 1.60888e-05 3.9391e-05 1.15567e-05 4.87367e-05 2.13323 4.38075
205 3.747e-05 1.10573e-05 1.15567e-05 4.87367e-05 2.13323 4.38075
206 1.65586e-05 1.3612e-05 1.10573e-05 4.96835e-05 2.08663 4.4231
207 3.51529e-05 2.19232e-05 1.10573e-05 4.96835e-05 2.08663 4.4231
208 1.90285e-05 1.2519e-05 1.10573e-05 4.96835e-05 2.08663 4.4231
209 2.47468e-05 1.29688e-05 1.10573e-05 4.96835e-05 2.08663 4.4231
210 0.000148286 2.6619e-05 1.10573e-05 4.96835e-05 2.08663 4.4231
211 2.1154e-05 2.49942e-05 1.10573e-05 4.96835e-05 2.08663 4.4231
212 2.04432e-05 2.43587e-05 1.10573e-05 4.96835e-05 2.08663 4.4231
213 3.44484e-05 1.14429e-05 1.10573e-05 4.96835e-05 2.08663 4.4231
214 1.69529e-05 1.1173e-05 1.10573e-05 4.96835e-05 2.08663 4.4231
215 4.67997e-05 1.12577e-05 1.1173e-05 4.71366e-05 2.09752 4.30824
216 1.84625e-05 1.38646e-05 1.1173e-05 4.71366e-05 2.09752 4.30824
217 3.4667e-05 1.21743e-05 1.1173e-05 4.71366e-05 2.09752 4.30824
218 1.83602e-05 1.52955e-05 1.1173e-05 4.71366e-05 2.09752 4.30824
219 6.0474e-05 2.79059e-05 1.1173e-05 4.71366e-05 2.09752 4.30824
220 1.93324e-05 1.11631e-05 1.1173e-05 4.71366e-05 2.09752 4.30824
221 2.3397e-05 1.12931e-05 1.1173e-05 4.71366e-05 2.09752 4.30824
222 3.30055e-05 4.54834e-05 1.1173e-05 4.71366e-05 2.09752 4.30824
223 1.58058e-05 1.46057e-05 1.1173e-05 4.71366e-05 2.09752 4.30824
224 8.24838e-05 1.82771e-05 1.1173e-05 4.71366e-05 2.09752 4.30824
225 1.62733e-05 1.8611e-05 1.1173e-05 4.71366e-05 2.09752 4.30824
226 1.9224e-05 1.29349e-05 1.1173e-05 4.71366e-05 2.09752 4.30824
227 0.000159205 1.77498e-05 1.1173e-05 4.71366e-05 2.09752 4.30824
228 2.32123e-05 1.98279e-05 1.1173e-05 4.71366e-05 2.09752 4.30824
229 0.000235804 5.92281e-05 1.1173e-05 4.71366e-05 2.09752 4.30824
230 3.50478e-05 3.50927e-05 1.1173e-05 4.71366e-05 2.09752 4.30824
231 3.03562e-05 1.86473e-05 1.1173e-05 4.71366e-05 2.09752 4.30824
232 3.81422e-05 1.51601e-05 1.1173e-05 4.71366e-05 2.09752 4.30824
233 2.29986e-05 1.78884e-05 1.1173e-05 4.71366e-05 2.09752 4.30824
234 7.01821e-05 1.34225e-05 1.1173e-05 4.71366e-05 2.09752 4.30824
235 2.06997e-05 2.42805e-05 1.1173e-05 4.71366e-05 2.09752 4.30824
236 5.03412e-05 1.47577e-05 1.1173e-05 4.71366e-05 2.09752 4.30824
237 1.7053e-05 4.67024e-05 1.1173e-05 4.71366e-05 2.09752 4.30824
238 5.19185e-05 1.46328e-05 1.1173e-05 4.71366e-05 2.09752 4.30824
239 1.73423e-05 1.41842e-05 1.1173e-05 4.71366e-05 2.09752 4.30824
240 3.82873e-05 1.44391e-05 1.1173e-05 4.71366e-05 2.09752 4.30824
241 1.75786e-05 1.18362e-05 1.1173e-05 4.71366e-05 2.09752 4.30824
242 4.20582e-05 1.16077e-05 1.1173e-05 4.71366e-05 2.09752 4.30824
243 1.81145e-05 1.18976e-05 1.1173e-05 4.71366e-05 2.09752 4.30824
244 4.33327e-05 1.24043e-05 1.1173e-05 4.71366e-05 2.09752 4.30824
245 1.7278e-05 1.24061e-05 1.1173e-05 4.71366e-05 2.09752 4.30824
246 0.00014136 2.83695e-05 1.1173e-05 4.71366e-05 2.09752 4.30824
247 2.64147e-05 2.81735e-05 1.1173e-05 4.71366e-05 2.09752 4.30824
248 2.3962e-05 1.57414e-05 1.1173e-05 4.71366e-05 2.09752 4.30824
249 5.94741e-05 1.32002e-05 1.1173e-05 4.71366e-05 2.09752 4.30824
250 2.18635e-05 2.00491e-05 1.1173e-05 4.71366e-05 2.09752 4.30824
251 0.000126744 2.01697e-05 1.1173e-05 4.71366e-05 2.09752 4.30824
252 2.1401e-05 3.13423e-05 1.1173e-05 4.71366e-05 2.09752 4.30824
253 2.14673e-05 2.25686e-05 1.1173e-05 4.71366e-05 2.09752 4.30824
254 3.09828e-05 2.70521e-05 1.1173e-05 4.71366e-05 2.09752 4.30824
255 1.09715e-05 1.13186e-05 1.1173e-05 4.71366e-05 2.09752 4.30824
256 1.17971e-05 1.30187e-05 1.13186e-05 4.64685e-05 2.11113 4.2776
257 1.1737e-05 1.49925e-05 1.13186e-05 4.64685e-05 2.11113 4.2776
258 1.17222e-05 1.49398e-05 1.13186e-05 4.64685e-05 2.11113 4.2776
259 1.16359e-05 1.39518e-05 1.13186e-05 4.64685e-05 2.11113 4.2776
260 1.16154e-05 1.06001e-05 1.13186e-05 4.64685e-05 2.11113 4.2776
261 1.16346e-05 1.05276e-05 1.06001e-05 4.47895e-05 2.04304 4.1996
262 1.15901e-05 1.31258e-05 1.05276e-05 4.45026e-05 2.03604 4.18613
263 1.15441e-05 1.04689e-05 1.05276e-05 4.45026e-05 2.03604 4.18613
264 1.1549e-05 1.05867e-05 1.04689e-05 4.43244e-05 2.03035 4.17774
265 1.15641e-05 1.3444e-05 1.05867e-05 4.39808e-05 2.04174 4.16152
266 1.14955e-05 1.01878e-05 1.05867e-05 4.39808e-05 2.04174 4.16152
267 1.19261e-05 1.01855e-05 1.01878e-05 4.36533e-05 2.0029 4.146
268 1.12151e-05 1.26955e-05 1.01855e-05 4.3533e-05 2.00268 4.14028
269 1.14769e-05 1.68475e-05 1.01855e-05 4.3533e-05 2.00268 4.14028
270 1.15562e-05 1.22767e-05 1.01855e-05 4.3533e-05 2.00268 4.14028
271 1.13872e-05 1.0871e-05 1.01855e-05 4.3533e-05 2.00268 4.14028
272 1.14297e-05 1.02223e-05 1.01855e-05 4.3533e-05 2.00268 4.14028
273 1.15296e-05 1.01126e-05 1.02223e-05 4.31171e-05 2.0063 4.12045
274 1.13601e-05 1.23324e-05 1.01126e-05 4.29204e-05 1.9955 4.11104
275 1.14235e-05 1.10148e-05 1.01126e-05 4.29204e-05 1.9955 4.11104
276 1.14029e-05 1.50118e-05 1.01126e-05 4.29204e-05 1.9955 4.11104
277 1.15046e-05 9.93401e-06 1.01126e-05 4.29204e-05 1.9955 4.11104
278 1.13962e-05 9.95338e-06 9.93401e-06 4.25135e-05 1.9778 4.09151
279 1.13401e-05 1.02321e-05 9.93401e-06 4.25135e-05 1.9778 4.09151
280 1.14361e-05 1.07164e-05 9.93401e-06 4.25135e-05 1.9778 4.09151
281 1.13647e-05 1.18632e-05 9.93401e-06 4.25135e-05 1.9778 4.09151
282 1.13948e-05 2.79079e-05 9.93401e-06 4.25135e-05 1.9778 4.09151
283 1.14284e-05 1.04034e-05 9.93401e-06 4.25135e-05 1.9778 4.09151
284 1.13522e-05 1.18242e-05 9.93401e-06 4.25135e-05 1.9778 4.09151
285 1.14805e-05 1.03645e-05 9.93401e-06 4.25135e-05 1.9778 4.09151
286 1.13542e-05 1.43518e-05 9.93401e-06 4.25135e-05 1.9778 4.09151
287 1.13269e-05 1.0111e-05 9.93401e-06 4.25135e-05 1.9778 4.09151
288 1.14029e-05 1.05239e-05 9.93401e-06 4.25135e-05 1.9778 4.09151
289 1.13446e-05 1.01949e-05 9.93401e-06 4.25135e-05 1.9778 4.09151
290 1.16148e-05 1.01507e-05 9.93401e-06 4.25135e-05 1.9778 4.09151
291 1.13304e-05 1.05387e-05 9.93401e-06 4.25135e-05 1.9778 4.09151
292 1.13161e-05 1.11147e-05 9.93401e-06 4.25135e-05 1.9778 4.09151
293 1.14972e-05 1.8011e-05 9.93401e-06 4.25135e-05 1.9778 4.09151
294 1.1434e-05 9.73857e-06 9.93401e-06 4.25135e-05 1.9778 4.09151
295 1.1291e-05 1.0472e-05 9.73857e-06 4.166e-05 1.95825 4.05023
296 1.13978e-05 1.0155e-05 9.73857e-06 4.166e-05 1.95825 4.05023
297 1.12504e-05 1.00052e-05 9.73857e-06 4.166e-05 1.95825 4.05023
298 1.14109e-05 9.9197e-06 9.73857e-06 4.166e-05 1.95825 4.05023
299 1.1384e-05 1.31157e-05 9.73857e-06 4.166e-05 1.95825 4.05023
300 1.12955e-05 1.03307e-05 9.73857e-06 4.166e-05 1.95825 4.05023
301 1.13456e-05 1.28087e-05 9.73857e-06 4.166e-05 1.95825 4.05023
302 1.13441e-05 1.02283e-05 9.73857e-06 4.166e-05 1.95825 4.05023
303 1.17079e-05 9.77168e-06 9.73857e-06 4.166e-05 1.95825 4.05023
304 1.11793e-05 1.08987e-05 9.77168e-06 4.15084e-05 1.96158 4.04286
305 1.1324e-05 1.07759e-05 9.77168e-06 4.15084e-05 1.96158 4.04286
306 1.1502e-05 1.15046e-05 9.77168e-06 4.15084e-05 1.96158 4.04286
307 1.1345e-05 1.48507e-05 9.77168e-06 4.15084e-05 1.96158 4.04286
308 1.14036e-05 3.85339e-05 9.77168e-06 4.15084e-05 1.96158 4.04286
309 1.14549e-05 1.05507e-05 9.77168e-06 4.15084e-05 1.96158 4.04286
310 1.15228e-05 1.39525e-05 9.77168e-06 4.15084e-05 1.96158 4.04286
311 1.1295e-05 1.00536e-05 9.77168e-06 4.15084e-05 1.96158 4.04286
312 1.14956e-05 1.12964e-05 9.77168e-06 4.15084e-05 1.96158 4.04286
313 1.13315e-05 1.20818e-05 9.77168e-06 4.15084e-05 1.96158 4.04286
314 1.13575e-05 1.0144e-05 9.77168e-06 4.15084e-05 1.96158 4.04286
315 1.12565e-05 1.01599e-05 9.77168e-06 4.15084e-05 1.96158 4.04286
316 1.1556e-05 9.95133e-06 9.77168e-06 4.15084e-05 1.96158 4.04286
317 1.15887e-05 9.87734e-06 9.95133e-06 4.10671e-05 1.97952 4.02131
318 1.10911e-05 1.01203e-05 9.87734e-06 4.08101e-05 1.97215 4.0087
319 1.12682e-05 2.18467e-05 9.87734e-06 4.08101e-05 1.97215 4.0087
320 1.12908e-05 1.258e-05 9.87734e-06 4.08101e-05 1.97215 4.0087
321 1.15486e-05 1.0149e-05 9.87734e-06 4.08101e-05 1.97215 4.0087
322 1.12574e-05 1.40602e-05 9.87734e-06 4.08101e-05 1.97215 4.0087
323 1.1325e-05 1.05713e-05 9.87734e-06 4.08101e-05 1.97215 4.0087
324 1.12544e-05 1.01307e-05 9.87734e-06 4.08101e-05 1.97215 4.0087
325 1.1353e-05 9.7116e-06 9.87734e-06 4.08101e-05 1.97215 4.0087
326 1.12952e-05 1.42559e-05 9.7116e-06 4.08335e-05 1.95554 4.00985
327 1.12787e-05 1.24982e-05 9.7116e-06 4.08335e-05 1.95554 4.00985
328 1.13356e-05 1.22286e-05 9.7116e-06 4.08335e-05 1.95554 4.00985
329 1.14913e-05 1.04878e-05 9.7116e-06 4.08335e-05 1.95554 4.00985
330 1.12863e-05 1.07986e-05 9.7116e-06 4.08335e-05 1.95554 4.00985
331 1.14147e-05 1.05437e-05 9.7116e-06 4.08335e-05 1.95554 4.00985
332 1.13125e-05 1.18244e-05 9.7116e-06 4.08335e-05 1.95554 4.00985
333 1.14169e-05 9.65255e-06 9.7116e-06 4.08335e-05 1.95554 4.00985
334 1.1274e-05 1.09558e-05 9.65255e-06 4.07866e-05 1.94958 4.00755
335 1.1288e-05 1.0289e-05 9.65255e-06 4.07866e-05 1.94958 4.00755
336 1.12997e-05 1.05435e-05 9.65255e-06 4.07866e-05 1.94958 4.00755
337 1.16238e-05 1.14037e-05 9.65255e-06 4.07866e-05 1.94958 4.00755
338 1.12852e-05 1.30496e-05 9.65255e-06 4.07866e-05 1.94958 4.00755
339 1.1308e-05 1.25876e-05 9.65255e-06 4.07866e-05 1.94958 4.00755
340 1.14109e-05 1.1308e-05 9.65255e-06 4.07866e-05 1.94958 4.00755
341 1.13614e-05 1.12278e-05 9.65255e-06 4.07866e-05 1.94958 4.00755
342 1.13154e-05 1.66834e-05 9.65255e-06 4.07866e-05 1.94958 4.00755
343 1.13692e-05 1.04268e-05 9.65255e-06 4.07866e-05 1.94958 4.00755
344 1.13102e-05 1.08602e-05 9.65255e-06 4.07866e-05 1.94958 4.00755
345 1.12941e-05 1.11744e-05 9.65255e-06 4.07866e-05 1.94958 4.00755
346 1.12972e-05 1.17348e-05 9.65255e-06 4.07866e-05 1.94958 4.00755
347 1.14427e-05 1.88632e-05 9.65255e-06 4.07866e-05 1.94958 4.00755
348 1.1348e-05 1.11721e-05 9.65255e-06 4.07866e-05 1.94958 4.00755
349 1.14072e-05 1.12899e-05 9.65255e-06 4.07866e-05 1.94958 4.00755
350 1.12789e-05 2.67884e-05 9.65255e-06 4.07866e-05 1.94958 4.00755
351 1.12487e-05 1.02808e-05 9.65255e-06 4.07866e-05 1.94958 4.00755
352 1.14469e-05 1.20633e-05 9.65255e-06 4.07866e-05 1.94958 4.00755
353 1.12616e-05 1.29208e-05 9.65255e-06 4.07866e-05 1.94958 4.00755
354 1.13496e-05 1.28145e-05 9.65255e-06 4.07866e-05 1.94958 4.00755
355 1.14568e-05 9.55053e-06 9.65255e-06 4.07866e-05 1.94958 4.00755
356 1.12287e-05 1.01955e-05 9.55053e-06 3.99825e-05 1.93925 3.96785
357 1.15196e-05 1.00757e-05 9.55053e-06 3.99825e-05 1.93925 3.96785
358 1.1387e-05 9.81353e-06 9.55053e-06 3.99825e-05 1.93925 3.96785
359 1.14919e-05 1.03608e-05 9.55053e-06 3.99825e-05 1.93925 3.96785
360 1.11822e-05 2.653e-05 9.55053e-06 3.99825e-05 1.93925 3.96785
361 1.13385e-05 1.03733e-05 9.55053e-06 3.99825e-05 1.93925 3.96785
362 1.13405e-05 9.60889e-06 9.55053e-06 3.99825e-05 1.93925 3.96785
363 1.13309e-05 1.48576e-05 9.55053e-06 3.99825e-05 1.93925 3.96785
364 1.12801e-05 1.33878e-05 9.55053e-06 3.99825e-05 1.93925 3.96785
365 1.18755e-05 1.43378e-05 9.55053e-06 3.99825e-05 1.93925 3.96785
366 1.12802e-05 1.58602e-05 9.55053e-06 3.99825e-05 1.93925 3.96785
367 1.17675e-05 9.4924e-06 9.55053e-06 3.99825e-05 1.93925 3.96785
368 1.10864e-05 1.24539e-05 9.4924e-06 3.98541e-05 1.93334 3.96147
369 1.13009e-05 2.72428e-05 9.4924e-06 3.98541e-05 1.93334 3.96147
370 1.14484e-05 9.75538e-06 9.4924e-06 3.98541e-05 1.93334 3.96147
371 1.1229e-05 1.32886e-05 9.4924e-06 3.98541e-05 1.93334 3.96147
372 1.15442e-05 1.15889e-05 9.4924e-06 3.98541e-05 1.93334 3.96147
373 1.13573e-05 1.23362e-05 9.4924e-06 3.98541e-05 1.93334 3.96147
374 1.13536e-05 9.81938e-06 9.4924e-06 3.98541e-05 1.93334 3.96147
375 1.13643e-05 1.19789e-05 9.4924e-06 3.98541e-05 1.93334 3.96147
376 1.13763e-05 1.34391e-05 9.4924e-06 3.98541e-05 1.93334 3.96147
377 1.1338e-05 3.93909e-05 9.4924e-06 3.98541e-05 1.93334 3.96147
378 1.15023e-05 1.06984e-05 9.4924e-06 3.98541e-05 1.93334 3.96147
379 1.13853e-05 9.65093e-06 9.4924e-06 3.98541e-05 1.93334 3.96147
380 1.14282e-05 1.07559e-05 9.4924e-06 3.98541e-05 1.93334 3.96147
381 1.14101e-05 9.6046e-06 9.4924e-06 3.98541e-05 1.93334 3.96147
382 1.13491e-05 1.53845e-05 9.6046e-06 3.9501e-05 1.94473 3.94389
383 1.10271e-05 1.39105e-05 9.6046e-06 3.9501e-05 1.94473 3.94389
384 1.14201e-05 9.59645e-06 9.6046e-06 3.9501e-05 1.94473 3.94389
385 1.13496e-05 9.7118e-06 9.6046e-06 3.9501e-05 1.94473 3.94389
386 1.12924e-05 9.76449e-06 9.6046e-06 3.9501e-05 1.94473 3.94389
387 1.15404e-05 9.66482e-06 9.6046e-06 3.9501e-05 1.94473 3.94389
388 1.1294e-05 1.00567e-05 9.6046e-06 3.9501e-05 1.94473 3.94389
389 1.12981e-05 9.80626e-06 9.6046e-06 3.9501e-05 1.94473 3.94389
390 1.16777e-05 9.64447e-06 9.6046e-06 3.9501e-05 1.94473 3.94389
391 1.16613e-05 1.01238e-05 9.6046e-06 3.9501e-05 1.94473 3.94389
392 1.07327e-05 9.77168e-06 9.6046e-06 3.9501e-05 1.94473 3.94389
393 1.15055e-05 9.83952e-06 9.6046e-06 3.9501e-05 1.94473 3.94389
394 1.13171e-05 1.6636e-05 9.6046e-06 3.9501e-05 1.94473 3.94389
395 1.12456e-05 1.0473e-05 9.6046e-06 3.9501e-05 1.94473 3.94389
396 1.14222e-05 1.31215e-05 9.6046e-06 3.9501e-05 1.94473 3.94389
397 1.23506e-05 9.20345e-06 9.6046e-06 3.9501e-05 1.94473 3.94389
398 1.07599e-05 1.91615e-05 9.20345e-06 3.94282e-05 1.90369 3.94025
399 1.13078e-05 1.01256e-05 9.20345e-06 3.94282e-05 1.90369 3.94025
400 1.16912e-05 9.56562e-06 9.20345e-06 3.94282e-05 1.90369 3.94025
401 1.10483e-05 1.05233e-05 9.20345e-06 3.94282e-05 1.90369 3.94025
402 1.11547e-05 1.08565e-05 9.20345e-06 3.94282e-05 1.90369 3.94025
403 1.1281e-05 1.03391e-05 9.20345e-06 3.94282e-05 1.90369 3.94025
404 1.14618e-05 1.22387e-05 9.20345e-06 3.94282e-05 1.90369 3.94025
405 1.14843e-05 1.03047e-05 9.20345e-06 3.94282e-05 1.90369 3.94025
406 1.17298e-05 1.85496e-05 9.20345e-06 3.94282e-05 1.90369 3.94025
407 1.13006e-05 1.99036e-05 9.20345e-06 3.94282e-05 1.90369 3.94025
408 1.15264e-05 3.91877e-05 9.20345e-06 3.94282e-05 1.90369 3.94025
409 1.10843e-05 1.00258e-05 9.20345e-06 3.94282e-05 1.90369 3.94025
410 1.15791e-05 3.24494e-05 9.20345e-06 3.94282e-05 1.90369 3.94025
411 1.09538e-05 1.76968e-05 9.20345e-06 3.94282e-05 1.90369 3.94025
412 1.12497e-05 3.57967e-05 9.20345e-06 3.94282e-05 1.90369 3.94025
413 1.20933e-05 9.31328e-06 9.20345e-06 3.94282e-05 1.90369 3.94025
414 1.12795e-05 1.08345e-05 9.20345e-06 3.94282e-05 1.90369 3.94025
415 1.16207e-05 1.29312e-05 9.20345e-06 3.94282e-05 1.90369 3.94025
416 1.12829e-05 1.11009e-05 9.20345e-06 3.94282e-05 1.90369 3.94025
417 1.12555e-05 2.62234e-05 9.20345e-06 3.94282e-05 1.90369 3.94025
418 1.12807e-05 1.31206e-05 9.20345e-06 3.94282e-05 1.90369 3.94025
419 1.19717e-05 6.16163e-05 9.20345e-06 3.94282e-05 1.90369 3.94025
420 1.10762e-05 1.02975e-05 9.20345e-06 3.94282e-05 1.90369 3.94025
421 1.10862e-05 9.8803e-06 9.20345e-06 3.94282e-05 1.90369 3.94025
422 1.15596e-05 1.04814e-05 9.20345e-06 3.94282e-05 1.90369 3.94025
423 1.12249e-05 9.40504e-06 9.20345e-06 3.94282e-05 1.90369 3.94025
424 1.14049e-05 1.33729e-05 9.20345e-06 3.94282e-05 1.90369 3.94025
425 1.13119e-05 2.32036e-05 9.20345e-06 3.94282e-05 1.90369 3.94025
426 1.12092e-05 1.61105e-05 9.20345e-06 3.94282e-05 1.90369 3.94025
427 1.14316e-05 1.41649e-05 9.20345e-06 3.94282e-05 1.90369 3.94025
428 1.14111e-05 1.36598e-05 9.20345e-06 3.94282e-05 1.90369 3.94025
429 1.13728e-05 9.60793e-06 9.20345e-06 3.94282e-05 1.90369 3.94025
430 1.14877e-05 9.6777e-06 9.20345e-06 3.94282e-05 1.90369 3.94025
431 1.1632e-05 9.84995e-06 9.20345e-06 3.94282e-05 1.90369 3.94025
432 1.11662e-05 1.04455e-05 9.20345e-06 3.94282e-05 1.90369 3.94025
433 1.12363e-05 1.39275e-05 9.20345e-06 3.94282e-05 1.90369 3.94025
434 1.12765e-05 9.62494e-06 9.20345e-06 3.94282e-05 1.90369 3.94025
435 1.13256e-05 9.7147e-06 9.20345e-06 3.94282e-05 1.90369 3.94025
436 1.12097e-05 9.42866e-06 9.20345e-06 3.94282e-05 1.90369 3.94025
437 1.16777e-05 1.56508e-05 9.20345e-06 3.94282e-05 1.90369 3.94025
438 7.9656e-06 9.29186e-06 9.20345e-06 3.94282e-05 1.90369 3.94025
439 8.26524e-06 1.03796e-05 9.29186e-06 3.86503e-05 1.91281 3.90118
440 8.24243e-06 1.07865e-05 9.29186e-06 3.86503e-05 1.91281 3.90118
441 8.28962e-06 1.34711e-05 9.29186e-06 3.86503e-05 1.91281 3.90118
442 8.23589e-06 9.20558e-06 9.29186e-06 3.86503e-05 1.91281 3.90118
443 8.28838e-06 9.01979e-06 9.20558e-06 3.82625e-05 1.90391 3.88157
444 8.24638e-06 9.53344e-06 9.01979e-06 3.83313e-05 1.8846 3.88506
445 8.29785e-06 1.00954e-05 9.01979e-06 3.83313e-05 1.8846 3.88506
446 8.29108e-06 9.149e-06 9.01979e-06 3.83313e-05 1.8846 3.88506
447 8.30288e-06 1.22244e-05 9.01979e-06 3.83313e-05 1.8846 3.88506
448 8.31001e-06 9.52019e-06 9.01979e-06 3.83313e-05 1.8846 3.88506
449 8.30707e-06 9.05372e-06 9.01979e-06 3.83313e-05 1.8846 3.88506
450 8.2846e-06 9.85016e-06 9.05372e-06 3.80747e-05 1.88814 3.87203
451 8.31473e-06 9.90206e-06 9.05372e-06 3.80747e-05 1.88814 3.87203
452 8.31083e-06 9.05825e-06 9.05372e-06 3.80747e-05 1.88814 3.87203
453 8.2844e-06 1.24945e-05 9.05825e-06 3.78926e-05 1.88861 3.86276
454 8.3287e-06 8.96497e-06 9.05825e-06 3.78926e-05 1.88861 3.86276
455 8.32664e-06 1.2225e-05 8.96497e-06 3.79781e-05 1.87886 3.86711
456 8.35088e-06 1.00372e-05 8.96497e-06 3.79781e-05 1.87886 3.86711
457 8.35134e-06 8.84944e-06 8.96497e-06 3.79781e-05 1.87886 3.86711
458 8.34706e-06 1.21192e-05 8.84944e-06 3.77404e-05 1.86672 3.85499
459 8.35473e-06 9.06764e-06 8.84944e-06 3.77404e-05 1.86672 3.85499
460 8.35125e-06 9.10504e-06 8.84944e-06 3.77404e-05 1.86672 3.85499
461 8.37508e-06 9.10755e-06 8.84944e-06 3.77404e-05 1.86672 3.85499
462 8.3602e-06 1.05413e-05 8.84944e-06 3.77404e-05 1.86672 3.85499
463 8.37639e-06 9.7523e-06 8.84944e-06 3.77404e-05 1.86672 3.85499
464 8.38608e-06 9.18967e-06 8.84944e-06 3.77404e-05 1.86672 3.85499
465 8.40112e-06 9.16688e-06 8.84944e-06 3.77404e-05 1.86672 3.85499
466 8.3527e-06 9.90466e-06 8.84944e-06 3.77404e-05 1.86672 3.85499
467 8.39269e-06 8.98601e-06 8.84944e-06 3.77404e-05 1.86672 3.85499
468 8.41456e-06 1.01261e-05 8.84944e-06 3.77404e-05 1.86672 3.85499
469 8.37749e-06 9.63167e-06 8.84944e-06 3.77404e-05 1.86672 3.85499
470 8.38737e-06 9.94733e-06 8.84944e-06 3.77404e-05 1.86672 3.85499
471 8.36687e-06 1.30689e-05 8.84944e-06 3.77404e-05 1.86672 3.85499
472 8.43496e-06 9.20062e-06 8.84944e-06 3.77404e-05 1.86672 3.85499
473 8.4063e-06 1.45839e-05 8.84944e-06 3.77404e-05 1.86672 3.85499
474 8.3952e-06 1.25827e-05 8.84944e-06 3.77404e-05 1.86672 3.85499
475 8.42037e-06 9.43841e-06 8.84944e-06 3.77404e-05 1.86672 3.85499
476 8.44362e-06 9.34264e-06 8.84944e-06 3.77404e-05 1.86672 3.85499
477 8.40706e-06 9.80381e-06 8.84944e-06 3.77404e-05 1.86672 3.85499
478 8.45807e-06 1.06607e-05 8.84944e-06 3.77404e-05 1.86672 3.85499
479 8.43264e-06 1.134e-05 8.84944e-06 3.77404e-05 1.86672 3.85499
480 8.45236e-06 1.01157e-05 8.84944e-06 3.77404e-05 1.86672 3.85499
481 8.43613e-06 9.44047e-06 8.84944e-06 3.77404e-05 1.86672 3.85499
482 8.44794e-06 9.16717e-06 8.84944e-06 3.77404e-05 1.86672 3.85499
483 8.46963e-06 9.37304e-06 8.84944e-06 3.77404e-05 1.86672 3.85499
484 8.42362e-06 1.11618e-05 8.84944e-06 3.77404e-05 1.86672 3.85499
485 8.47668e-06 9.12755e-06 8.84944e-06 3.77404e-05 1.86672 3.85499
486 8.49164e-06 9.86332e-06 8.84944e-06 3.77404e-05 1.86672 3.85499
487 8.48073e-06 1.17586e-05 8.84944e-06 3.77404e-05 1.86672 3.85499
488 8.47115e-06 9.16254e-06 8.84944e-06 3.77404e-05 1.86672 3.85499
489 8.45979e-06 1.02072e-05 8.84944e-06 3.77404e-05 1.86672 3.85499
490 8.48938e-06 9.17938e-06 8.84944e-06 3.77404e-05 1.86672 3.85499
491 8.47967e-06 9.31046e-06 8.84944e-06 3.77404e-05 1.86672 3.85499
492 8.48959e-06 8.87933e-06 8.84944e-06 3.77404e-05 1.86672 3.85499
493 8.46639e-06 8.87507e-06 8.87933e-06 3.72545e-05 1.86987 3.8301
494 8.51415e-06 9.57256e-06 8.87507e-06 3.72487e-05 1.86942 3.8298
495 8.4898e-06 1.39073e-05 8.87507e-06 3.72487e-05 1.86942 3.8298
496 8.50215e-06 9.04795e-06 8.87507e-06 3.72487e-05 1.86942 3.8298
497 8.50844e-06 8.82904e-06 8.87507e-06 3.72487e-05 1.86942 3.8298
498 8.50252e-06 9.35261e-06 8.82904e-06 3.71815e-05 1.86456 3.82634
499 8.52204e-06 8.98644e-06 8.82904e-06 3.71815e-05 1.86456 3.82634
500 8.53609e-06 9.06202e-06 8.82904e-06 3.71815e-05 1.86456 3.82634
501 8.52951e-06 9.302e-06 8.82904e-06 3.71815e-05 1.86456 3.82634
502 8.51858e-06 9.01654e-06 8.82904e-06 3.71815e-05 1.86456 3.82634
503 8.52804e-06 9.08602e-06 8.82904e-06 3.71815e-05 1.86456 3.82634
504 8.54916e-06 8.92332e-06 8.82904e-06 3.71815e-05 1.86456 3.82634
505 8.5182e-06 9.11437e-06 8.82904e-06 3.71815e-05 1.86456 3.82634
506 8.54287e-06 9.79862e-06 8.82904e-06 3.71815e-05 1.86456 3.82634
507 8.50021e-06 1.22522e-05 8.82904e-06 3.71815e-05 1.86456 3.82634
508 8.54073e-06 1.2105e-05 8.82904e-06 3.71815e-05 1.86456 3.82634
509 8.53866e-06 9.06533e-06 8.82904e-06 3.71815e-05 1.86456 3.82634
510 8.53659e-06 1.25341e-05 8.82904e-06 3.71815e-05 1.86456 3.82634
511 8.52679e-06 8.95029e-06 8.82904e-06 3.71815e-05 1.86456 3.82634
512 8.54876e-06 1.16137e-05 8.82904e-06 3.71815e-05 1.86456 3.82634
513 8.59062e-06 1.20815e-05 8.82904e-06 3.71815e-05 1.86456 3.82634
514 8.56635e-06 8.92898e-06 8.82904e-06 3.71815e-05 1.86456 3.82634
515 8.56402e-06 8.91757e-06 8.92898e-06 3.69687e-05 1.87509 3.81538
516 8.58037e-06 9.76845e-06 8.92898e-06 3.69687e-05 1.87509 3.81538
517 8.57572e-06 8.86426e-06 8.92898e-06 3.69687e-05 1.87509 3.81538
518 8.58896e-06 9.25244e-06 8.86426e-06 3.70082e-05 1.86828 3.81742
519 8.56754e-06 1.02189e-05 8.86426e-06 3.70082e-05 1.86828 3.81742
520 8.58998e-06 9.01119e-06 8.86426e-06 3.70082e-05 1.86828 3.81742
521 8.58767e-06 8.92477e-06 8.86426e-06 3.70082e-05 1.86828 3.81742
522 8.58867e-06 9.84003e-06 8.86426e-06 3.70082e-05 1.86828 3.81742
523 8.57413e-06 8.9529e-06 8.86426e-06 3.70082e-05 1.86828 3.81742
524 8.59342e-06 1.02088e-05 8.86426e-06 3.70082e-05 1.86828 3.81742
525 8.62881e-06 9.84894e-06 8.86426e-06 3.70082e-05 1.86828 3.81742
526 8.58672e-06 1.00912e-05 8.86426e-06 3.70082e-05 1.86828 3.81742
527 8.58322e-06 9.64999e-06 8.86426e-06 3.70082e-05 1.86828 3.81742
528 8.6074e-06 1.04319e-05 8.86426e-06 3.70082e-05 1.86828 3.81742
529 8.61369e-06 1.07925e-05 8.86426e-06 3.70082e-05 1.86828 3.81742
530 8.576e-06 9.62166e-06 8.86426e-06 3.70082e-05 1.86828 3.81742
531 8.62883e-06 9.64126e-06 8.86426e-06 3.70082e-05 1.86828 3.81742
532 8.59596e-06 1.0604e-05 8.86426e-06 3.70082e-05 1.86828 3.81742
533 8.63364e-06 1.17396e-05 8.86426e-06 3.70082e-05 1.86828 3.81742
534 8.61284e-06 1.08697e-05 8.86426e-06 3.70082e-05 1.86828 3.81742
535 8.61532e-06 9.57138e-06 8.86426e-06 3.70082e-05 1.86828 3.81742
536 8.62324e-06 1.01097e-05 8.86426e-06 3.70082e-05 1.86828 3.81742
537 8.65143e-06 9.81607e-06 8.86426e-06 3.70082e-05 1.86828 3.81742
538 8.6233e-06 1.21292e-05 8.86426e-06 3.70082e-05 1.86828 3.81742
539 8.62809e-06 8.81437e-06 8.86426e-06 3.70082e-05 1.86828 3.81742
540 8.65445e-06 9.34655e-06 8.81437e-06 3.67352e-05 1.86301 3.80331
541 8.62318e-06 8.99042e-06 8.81437e-06 3.67352e-05 1.86301 3.80331
542 8.64297e-06 8.92932e-06 8.81437e-06 3.67352e-05 1.86301 3.80331
543 8.64613e-06 9.03721e-06 8.81437e-06 3.67352e-05 1.86301 3.80331
544 8.6752e-06 9.06933e-06 8.81437e-06 3.67352e-05 1.86301 3.80331
545 8.68289e-06 1.10617e-05 8.81437e-06 3.67352e-05 1.86301 3.80331
546 8.62023e-06 9.04371e-06 8.81437e-06 3.67352e-05 1.86301 3.80331
547 8.65285e-06 9.83573e-06 8.81437e-06 3.67352e-05 1.86301 3.80331
548 8.68473e-06 9.24396e-06 8.81437e-06 3.67352e-05 1.86301 3.80331
549 8.64934e-06 1.02146e-05 8.81437e-06 3.67352e-05 1.86301 3.80331
550 8.65232e-06 8.82867e-06 8.81437e-06 3.67352e-05 1.86301 3.80331
551 8.67247e-06 1.01889e-05 8.82867e-06 3.66734e-05 1.86452 3.80011
552 8.65327e-06 1.08225e-05 8.82867e-06 3.66734e-05 1.86452 3.80011
553 8.68953e-06 1.57533e-05 8.82867e-06 3.66734e-05 1.86452 3.80011
554 8.64675e-06 9.82083e-06 8.82867e-06 3.66734e-05 1.86452 3.80011
555 8.67767e-06 1.01702e-05 8.82867e-06 3.66734e-05 1.86452 3.80011
556 8.65438e-06 9.23216e-06 8.82867e-06 3.66734e-05 1.86452 3.80011
557 8.69634e-06 9.1786e-06 8.82867e-06 3.66734e-05 1.86452 3.80011
558 8.65573e-06 1.10009e-05 8.82867e-06 3.66734e-05 1.86452 3.80011
559 8.70459e-06 2.93424e-05 8.82867e-06 3.66734e-05 1.86452 3.80011
560 8.69817e-06 1.05289e-05 8.82867e-06 3.66734e-05 1.86452 3.80011
561 8.65845e-06 1.16849e-05 8.82867e-06 3.66734e-05 1.86452 3.80011
562 8.71582e-06 8.8013e-06 8.82867e-06 3.66734e-05 1.86452 3.80011
563 8.6892e-06 9.3121e-06 8.82867e-06 3.66734e-05 1.86452 3.80011
564 8.73147e-06 9.77506e-06 8.82867e-06 3.66734e-05 1.86452 3.80011
565 8.70685e-06 9.82304e-06 8.82867e-06 3.66734e-05 1.86452 3.80011
566 8.67079e-06 1.12039e-05 8.82867e-06 3.66734e-05 1.86452 3.80011
567 8.651e-06 8.85373e-06 8.82867e-06 3.66734e-05 1.86452 3.80011
568 8.73398e-06 8.95492e-06 8.82867e-06 3.66734e-05 1.86452 3.80011
569 8.72489e-06 1.01629e-05 8.82867e-06 3.66734e-05 1.86452 3.80011
570 8.74349e-06 8.81151e-06 8.82867e-06 3.66734e-05 1.86452 3.80011
571 8.71051e-06 1.02013e-05 8.81151e-06 3.66171e-05 1.86271 3.79719
572 8.7333e-06 1.10508e-05 8.81151e-06 3.66171e-05 1.86271 3.79719
573 8.67624e-06 9.64836e-06 8.81151e-06 3.66171e-05 1.86271 3.79719
574 8.70626e-06 9.87363e-06 8.81151e-06 3.66171e-05 1.86271 3.79719
575 8.73885e-06 8.93278e-06 8.81151e-06 3.66171e-05 1.86271 3.79719
576 8.72646e-06 8.87828e-06 8.81151e-06 3.66171e-05 1.86271 3.79719
577 8.69655e-06 8.91935e-06 8.81151e-06 3.66171e-05 1.86271 3.79719
578 8.70252e-06 9.08153e-06 8.81151e-06 3.66171e-05 1.86271 3.79719
579 8.74519e-06 9.92257e-06 8.81151e-06 3.66171e-05 1.86271 3.79719
580 8.75896e-06 9.31735e-06 8.81151e-06 3.66171e-05 1.86271 3.79719
581 8.72233e-06 1.0166e-05 8.81151e-06 3.66171e-05 1.86271 3.79719
582 8.71405e-06 9.05624e-06 8.81151e-06 3.66171e-05 1.86271 3.79719
583 8.741e-06 8.77338e-06 8.81151e-06 3.66171e-05 1.86271 3.79719
584 8.75701e-06 8.8674e-06 8.77338e-06 3.65032e-05 1.85868 3.79128
585 8.76036e-06 1.2038e-05 8.77338e-06 3.65032e-05 1.85868 3.79128
586 8.75144e-06 1.16443e-05 8.77338e-06 3.65032e-05 1.85868 3.79128
587 8.71326e-06 9.99854e-06 8.77338e-06 3.65032e-05 1.85868 3.79128
588 8.73658e-06 1.55783e-05 8.77338e-06 3.65032e-05 1.85868 3.79128
589 8.73665e-06 9.601e-06 8.77338e-06 3.65032e-05 1.85868 3.79128
590 8.74418e-06 1.02723e-05 8.77338e-06 3.65032e-05 1.85868 3.79128
591 8.74612e-06 9.80978e-06 8.77338e-06 3.65032e-05 1.85868 3.79128
592 8.76469e-06 1.05798e-05 8.77338e-06 3.65032e-05 1.85868 3.79128
593 8.74201e-06 9.21628e-06 8.77338e-06 3.65032e-05 1.85868 3.79128
594 8.78118e-06 8.97538e-06 8.77338e-06 3.65032e-05 1.85868 3.79128
595 8.72693e-06 1.1579e-05 8.77338e-06 3.65032e-05 1.85868 3.79128
596 8.76965e-06 1.03673e-05 8.77338e-06 3.65032e-05 1.85868 3.79128
597 8.73831e-06 9.01133e-06 8.77338e-06 3.65032e-05 1.85868 3.79128
598 8.76371e-06 9.02689e-06 8.77338e-06 3.65032e-05 1.85868 3.79128
599 8.75021e-06 8.89771e-06 8.77338e-06 3.65032e-05 1.85868 3.79128
600 8.74585e-06 1.03412e-05 8.77338e-06 3.65032e-05 1.85868 3.79128
601 8.73914e-06 8.79088e-06 8.77338e-06 3.65032e-05 1.85868 3.79128
602 8.81159e-06 1.06066e-05 8.77338e-06 3.65032e-05 1.85868 3.79128
603 8.74828e-06 1.77278e-05 8.77338e-06 3.65032e-05 1.85868 3.79128
604 8.7523e-06 1.13272e-05 8.77338e-06 3.65032e-05 1.85868 3.79128
605 8.77097e-06 9.38678e-06 8.77338e-06 3.65032e-05 1.85868 3.79128
606 8.79123e-06 1.23619e-05 8.77338e-06 3.65032e-05 1.85868 3.79128
607 8.77206e-06 1.26872e-05 8.77338e-06 3.65032e-05 1.85868 3.79128
608 8.77062e-06 1.25022e-05 8.77338e-06 3.65032e-05 1.85868 3.79128
609 8.7396e-06 2.05099e-05 8.77338e-06 3.65032e-05 1.85868 3.79128
610 8.79515e-06 9.26928e-06 8.77338e-06 3.65032e-05 1.85868 3.79128
611 8.83829e-06 9.35452e-06 8.77338e-06 3.65032e-05 1.85868 3.79128
612 8.70981e-06 8.87709e-06 8.77338e-06 3.65032e-05 1.85868 3.79128
613 8.78437e-06 1.02779e-05 8.77338e-06 3.65032e-05 1.85868 3.79128
614 8.78861e-06 8.86974e-06 8.77338e-06 3.65032e-05 1.85868 3.79128
615 8.78819e-06 1.08776e-05 8.77338e-06 3.65032e-05 1.85868 3.79128
616 8.78093e-06 9.26897e-06 8.77338e-06 3.65032e-05 1.85868 3.79128
617 8.79732e-06 9.92421e-06 8.77338e-06 3.65032e-05 1.85868 3.79128
618 8.80199e-06 9.24869e-06 8.77338e-06 3.65032e-05 1.85868 3.79128
619 8.79917e-06 1.00342e-05 8.77338e-06 3.65032e-05 1.85868 3.79128
620 8.76151e-06 8.96026e-06 8.77338e-06 3.65032e-05 1.85868 3.79128
621 8.7865e-06 8.85636e-06 8.77338e-06 3.65032e-05 1.85868 3.79128
622 8.82233e-06 9.03951e-06 8.77338e-06 3.65032e-05 1.85868 3.79128
623 8.78131e-06 1.12465e-05 8.77338e-06 3.65032e-05 1.85868 3.79128
624 7.19461e-06 8.48595e-06 8.77338e-06 3.65032e-05 1.85868 3.79128
625 7.29042e-06 9.0696e-06 8.48595e-06 3.59867e-05 1.82798 3.76436
626 7.32164e-06 9.87654e-06 8.48595e-06 3.59867e-05 1.82798 3.76436
627 7.29525e-06 8.80489e-06 8.48595e-06 3.59867e-05 1.82798 3.76436
628 7.30348e-06 8.52629e-06 8.48595e-06 3.59867e-05 1.82798 3.76436
629 7.30638e-06 9.56904e-06 8.52629e-06 3.58908e-05 1.83232 3.75934
630 7.34015e-06 8.66613e-06 8.52629e-06 3.58908e-05 1.83232 3.75934
631 7.32682e-06 9.05825e-06 8.52629e-06 3.58908e-05 1.83232 3.75934
632 7.34643e-06 8.92704e-06 8.52629e-06 3.58908e-05 1.83232 3.75934
633 7.33271e-06 8.70311e-06 8.52629e-06 3.58908e-05 1.83232 3.75934
634 7.32383e-06 8.70088e-06 8.52629e-06 3.58908e-05 1.83232 3.75934
635 7.34556e-06 9.32078e-06 8.52629e-06 3.58908e-05 1.83232 3.75934
636 7.34787e-06 8.95812e-06 8.52629e-06 3.58908e-05 1.83232 3.75934
637 7.32244e-06 8.79694e-06 8.52629e-06 3.58908e-05 1.83232 3.75934
638 7.36611e-06 8.61612e-06 8.52629e-06 3.58908e-05 1.83232 3.75934
639 7.35857e-06 8.51818e-06 8.52629e-06 3.58908e-05 1.83232 3.75934
640 7.33971e-06 9.53431e-06 8.51818e-06 3.57824e-05 1.83144 3.75366
641 7.36809e-06 9.71712e-06 8.51818e-06 3.57824e-05 1.83144 3.75366
642 7.34774e-06 8.60519e-06 8.51818e-06 3.57824e-05 1.83144 3.75366
643 7.38873e-06 8.56377e-06 8.51818e-06 3.57824e-05 1.83144 3.75366
644 7.3592e-06 8.71716e-06 8.51818e-06 3.57824e-05 1.83144 3.75366
645 7.40519e-06 8.56798e-06 8.51818e-06 3.57824e-05 1.83144 3.75366
646 7.36658e-06 8.59136e-06 8.51818e-06 3.57824e-05 1.83144 3.75366
647 7.39704e-06 9.28e-06 8.51818e-06 3.57824e-05 1.83144 3.75366
648 7.3723e-06 9.3993e-06 8.51818e-06 3.57824e-05 1.83144 3.75366
649 7.39693e-06 8.67153e-06 8.51818e-06 3.57824e-05 1.83144 3.75366
650 7.40957e-06 1.15881e-05 8.51818e-06 3.57824e-05 1.83144 3.75366
651 7.4045e-06 8.49051e-06 8.51818e-06 3.57824e-05 1.83144 3.75366
652 7.40816e-06 8.59326e-06 8.49051e-06 3.56494e-05 1.82847 3.74668
653 7.41395e-06 9.57118e-06 8.49051e-06 3.56494e-05 1.82847 3.74668
654 7.39165e-06 8.6143e-06 8.49051e-06 3.56494e-05 1.82847 3.74668
655 7.42192e-06 8.92751e-06 8.49051e-06 3.56494e-05 1.82847 3.74668
656 7.40294e-06 8.62554e-06 8.49051e-06 3.56494e-05 1.82847 3.74668
657 7.4362e-06 9.33417e-06 8.49051e-06 3.56494e-05 1.82847 3.74668
658 7.4128e-06 8.9118e-06 8.49051e-06 3.56494e-05 1.82847 3.74668
659 7.42658e-06 9.18104e-06 8.49051e-06 3.56494e-05 1.82847 3.74668
660 7.41185e-06 8.6456e-06 8.49051e-06 3.56494e-05 1.82847 3.74668
661 7.44508e-06 8.72329e-06 8.49051e-06 3.56494e-05 1.82847 3.74668
662 7.4181e-06 9.50282e-06 8.49051e-06 3.56494e-05 1.82847 3.74668
663 7.44308e-06 8.76715e-06 8.49051e-06 3.56494e-05 1.82847 3.74668
664 7.43279e-06 9.64633e-06 8.49051e-06 3.56494e-05 1.82847 3.74668
665 7.46024e-06 8.50328e-06 8.49051e-06 3.56494e-05 1.82847 3.74668
666 7.44629e-06 8.54138e-06 8.50328e-06 3.55025e-05 1.82984 3.73895
667 7.45627e-06 8.59663e-06 8.50328e-06 3.55025e-05 1.82984 3.73895
668 7.43554e-06 9.20877e-06 8.50328e-06 3.55025e-05 1.82984 3.73895
669 7.45515e-06 9.34221e-06 8.50328e-06 3.55025e-05 1.82984 3.73895
670 7.46484e-06 8.60562e-06 8.50328e-06 3.55025e-05 1.82984 3.73895
671 7.47043e-06 8.52194e-06 8.50328e-06 3.55025e-05 1.82984 3.73895
672 7.45419e-06 8.69616e-06 8.50328e-06 3.55025e-05 1.82984 3.73895
673 7.48121e-06 8.76165e-06 8.50328e-06 3.55025e-05 1.82984 3.73895
674 7.47439e-06 1.00744e-05 8.50328e-06 3.55025e-05 1.82984 3.73895
675 7.48624e-06 9.00143e-06 8.50328e-06 3.55025e-05 1.82984 3.73895
676 7.48503e-06 8.61008e-06 8.50328e-06 3.55025e-05 1.82984 3.73895
677 7.49957e-06 8.56678e-06 8.50328e-06 3.55025e-05 1.82984 3.73895
678 7.48773e-06 1.06436e-05 8.50328e-06 3.55025e-05 1.82984 3.73895
679 7.50289e-06 8.86764e-06 8.50328e-06 3.55025e-05 1.82984 3.73895
680 7.47784e-06 8.98547e-06 8.50328e-06 3.55025e-05 1.82984 3.73895
681 7.49583e-06 8.68243e-06 8.50328e-06 3.55025e-05 1.82984 3.73895
682 7.48343e-06 9.14212e-06 8.50328e-06 3.55025e-05 1.82984 3.73895
683 7.49445e-06 8.60774e-06 8.50328e-06 3.55025e-05 1.82984 3.73895
684 7.51479e-06 8.79408e-06 8.50328e-06 3.55025e-05 1.82984 3.73895
685 7.50619e-06 9.60397e-06 8.50328e-06 3.55025e-05 1.82984 3.73895
686 7.52539e-06 8.98283e-06 8.50328e-06 3.55025e-05 1.82984 3.73895
687 7.51436e-06 8.7729e-06 8.50328e-06 3.55025e-05 1.82984 3.73895
688 7.50561e-06 1.22183e-05 8.50328e-06 3.55025e-05 1.82984 3.73895
689 7.50971e-06 8.66709e-06 8.50328e-06 3.55025e-05 1.82984 3.73895
690 7.5259e-06 8.88707e-06 8.50328e-06 3.55025e-05 1.82984 3.73895
691 7.51381e-06 8.49475e-06 8.50328e-06 3.55025e-05 1.82984 3.73895
692 7.5304e-06 8.81858e-06 8.50328e-06 3.55025e-05 1.82984 3.73895
693 7.54576e-06 8.80485e-06 8.50328e-06 3.55025e-05 1.82984 3.73895
694 7.51553e-06 8.68974e-06 8.50328e-06 3.55025e-05 1.82984 3.73895
695 7.55254e-06 8.71758e-06 8.50328e-06 3.55025e-05 1.82984 3.73895
696 7.52239e-06 8.84007e-06 8.50328e-06 3.55025e-05 1.82984 3.73895
697 7.56859e-06 9.21965e-06 8.50328e-06 3.55025e-05 1.82984 3.73895
698 7.50506e-06 8.66949e-06 8.50328e-06 3.55025e-05 1.82984 3.73895
699 7.56592e-06 8.61618e-06 8.50328e-06 3.55025e-05 1.82984 3.73895
700 7.55329e-06 9.62051e-06 8.50328e-06 3.55025e-05 1.82984 3.73895
701 7.55122e-06 9.41994e-06 8.50328e-06 3.55025e-05 1.82984 3.73895
702 7.55675e-06 8.52891e-06 8.50328e-06 3.55025e-05 1.82984 3.73895
703 7.55166e-06 9.93651e-06 8.52891e-06 3.53826e-05 1.8326 3.73263
704 7.5587e-06 8.78838e-06 8.52891e-06 3.53826e-05 1.8326 3.73263
705 7.55008e-06 8.54544e-06 8.52891e-06 3.53826e-05 1.8326 3.73263
706 7.55719e-06 9.08667e-06 8.52891e-06 3.53826e-05 1.8326 3.73263
707 7.55834e-06 8.62117e-06 8.52891e-06 3.53826e-05 1.8326 3.73263
708 7.55692e-06 8.82186e-06 8.52891e-06 3.53826e-05 1.8326 3.73263
709 7.61935e-06 8.8392e-06 8.52891e-06 3.53826e-05 1.8326 3.73263
710 7.55081e-06 8.62706e-06 8.52891e-06 3.53826e-05 1.8326 3.73263
711 7.56884e-06 8.83096e-06 8.52891e-06 3.53826e-05 1.8326 3.73263
712 7.59323e-06 9.52157e-06 8.52891e-06 3.53826e-05 1.8326 3.73263
713 7.58423e-06 8.55962e-06 8.52891e-06 3.53826e-05 1.8326 3.73263
714 7.57347e-06 8.40813e-06 8.55962e-06 3.52794e-05 1.83589 3.72718
715 7.61171e-06 9.7936e-06 8.40813e-06 3.54199e-05 1.81958 3.7346
716 7.59335e-06 9.00398e-06 8.40813e-06 3.54199e-05 1.81958 3.7346
717 7.58791e-06 8.61395e-06 8.40813e-06 3.54199e-05 1.81958 3.7346
718 7.58805e-06 9.10696e-06 8.40813e-06 3.54199e-05 1.81958 3.7346
719 7.63284e-06 9.08944e-06 8.40813e-06 3.54199e-05 1.81958 3.7346
720 7.6158e-06 9.10843e-06 8.40813e-06 3.54199e-05 1.81958 3.7346
721 7.607e-06 8.97398e-06 8.40813e-06 3.54199e-05 1.81958 3.7346
722 7.59932e-06 9.14814e-06 8.40813e-06 3.54199e-05 1.81958 3.7346
723 7.59357e-06 8.59428e-06 8.40813e-06 3.54199e-05 1.81958 3.7346
724 7.60405e-06 8.49365e-06 8.40813e-06 3.54199e-05 1.81958 3.7346
725 7.62679e-06 8.61679e-06 8.49365e-06 3.52253e-05 1.82881 3.72432
726 7.6126e-06 8.47015e-06 8.49365e-06 3.52253e-05 1.82881 3.72432
727 7.63567e-06 8.5485e-06 8.49365e-06 3.52253e-05 1.82881 3.72432
728 7.62554e-06 1.10733e-05 8.49365e-06 3.52253e-05 1.82881 3.72432
729 7.60037e-06 9.10586e-06 8.49365e-06 3.52253e-05 1.82881 3.72432
730 7.63622e-06 9.10675e-06 8.49365e-06 3.52253e-05 1.82881 3.72432
731 7.64122e-06 8.42832e-06 8.49365e-06 3.52253e-05 1.82881 3.72432
732 7.61921e-06 8.55869e-06 8.42832e-06 3.52435e-05 1.82176 3.72529
733 7.65392e-06 8.8207e-06 8.42832e-06 3.52435e-05 1.82176 3.72529
734 7.64864e-06 8.72325e-06 8.42832e-06 3.52435e-05 1.82176 3.72529
735 7.64474e-06 1.22885e-05 8.42832e-06 3.52435e-05 1.82176 3.72529
736 7.64607e-06 9.10747e-06 8.42832e-06 3.52435e-05 1.82176 3.72529
737 7.64043e-06 1.1156e-05 8.42832e-06 3.52435e-05 1.82176 3.72529
738 7.63804e-06 8.56404e-06 8.42832e-06 3.52435e-05 1.82176 3.72529
739 7.64336e-06 8.49409e-06 8.42832e-06 3.52435e-05 1.82176 3.72529
740 7.65597e-06 8.75907e-06 8.42832e-06 3.52435e-05 1.82176 3.72529
741 7.63204e-06 9.3421e-06 8.42832e-06 3.52435e-05 1.82176 3.72529
742 7.64604e-06 9.75939e-06 8.42832e-06 3.52435e-05 1.82176 3.72529
743 7.64293e-06 9.84795e-06 8.42832e-06 3.52435e-05 1.82176 3.72529
744 7.69113e-06 9.25249e-06 8.42832e-06 3.52435e-05 1.82176 3.72529
745 7.65705e-06 8.9519e-06 8.42832e-06 3.52435e-05 1.82176 3.72529
746 7.68527e-06 8.93679e-06 8.42832e-06 3.52435e-05 1.82176 3.72529
747 7.6715e-06 8.50601e-06 8.42832e-06 3.52435e-05 1.82176 3.72529
748 7.68216e-06 9.21319e-06 8.42832e-06 3.52435e-05 1.82176 3.72529
749 7.70889e-06 8.51027e-06 8.42832e-06 3.52435e-05 1.82176 3.72529
750 7.64719e-06 8.64999e-06 8.42832e-06 3.52435e-05 1.82176 3.72529
751 7.67154e-06 9.91654e-06 8.42832e-06 3.52435e-05 1.82176 3.72529
752 7.66104e-06 8.47214e-06 8.42832e-06 3.52435e-05 1.82176 3.72529
753 7.70975e-06 1.07149e-05 8.42832e-06 3.52435e-05 1.82176 3.72529
754 7.64579e-06 8.95758e-06 8.42832e-06 3.52435e-05 1.82176 3.72529
755 7.67405e-06 8.74658e-06 8.42832e-06 3.52435e-05 1.82176 3.72529
756 7.68583e-06 8.91344e-06 8.42832e-06 3.52435e-05 1.82176 3.72529
757 7.68503e-06 1.29485e-05 8.42832e-06 3.52435e-05 1.82176 3.72529
758 7.72098e-06 8.33202e-06 8.42832e-06 3.52435e-05 1.82176 3.72529
759 7.67498e-06 8.46989e-06 8.33202e-06 3.51438e-05 1.81132 3.72001
760 7.71e-06 8.52445e-06 8.33202e-06 3.51438e-05 1.81132 3.72001
761 7.67079e-06 1.08327e-05 8.33202e-06 3.51438e-05 1.81132 3.72001
762 7.74144e-06 8.72499e-06 8.33202e-06 3.51438e-05 1.81132 3.72001
763 7.68994e-06 8.66146e-06 8.33202e-06 3.51438e-05 1.81132 3.72001
764 7.71755e-06 8.55359e-06 8.33202e-06 3.51438e-05 1.81132 3.72001
765 7.73593e-06 8.65858e-06 8.33202e-06 3.51438e-05 1.81132 3.72001
766 7.70632e-06 8.90853e-06 8.33202e-06 3.51438e-05 1.81132 3.72001
767 7.69639e-06 1.10114e-05 8.33202e-06 3.51438e-05 1.81132 3.72001
768 7.72513e-06 8.3872e-06 8.33202e-06 3.51438e-05 1.81132 3.72001
769 7.72534e-06 8.56278e-06 8.33202e-06 3.51438e-05 1.81132 3.72001
770 7.6841e-06 9.23974e-06 8.33202e-06 3.51438e-05 1.81132 3.72001
771 7.76046e-06 8.72859e-06 8.33202e-06 3.51438e-05 1.81132 3.72001
772 7.72946e-06 1.20741e-05 8.33202e-06 3.51438e-05 1.81132 3.72001
773 7.71812e-06 1.44233e-05 8.33202e-06 3.51438e-05 1.81132 3.72001
774 7.70635e-06 8.65046e-06 8.33202e-06 3.51438e-05 1.81132 3.72001
775 7.72481e-06 8.58251e-06 8.33202e-06 3.51438e-05 1.81132 3.72001
776 7.75601e-06 8.58474e-06 8.33202e-06 3.51438e-05 1.81132 3.72001
777 7.70524e-06 8.64555e-06 8.33202e-06 3.51438e-05 1.81132 3.72001
778 7.73155e-06 8.7136e-06 8.33202e-06 3.51438e-05 1.81132 3.72001
779 7.71682e-06 8.89248e-06 8.33202e-06 3.51438e-05 1.81132 3.72001
780 7.76584e-06 9.60052e-06 8.33202e-06 3.51438e-05 1.81132 3.72001
781 7.73533e-06 8.53296e-06 8.33202e-06 3.51438e-05 1.81132 3.72001
782 7.74033e-06 9.65868e-06 8.33202e-06 3.51438e-05 1.81132 3.72001
783 7.7517e-06 8.57665e-06 8.33202e-06 3.51438e-05 1.81132 3.72001
784 7.75779e-06 8.82829e-06 8.33202e-06 3.51438e-05 1.81132 3.72001
785 7.72861e-06 8.46124e-06 8.33202e-06 3.51438e-05 1.81132 3.72001
786 7.74334e-06 8.64768e-06 8.33202e-06 3.51438e-05 1.81132 3.72001
787 7.73922e-06 8.97562e-06 8.33202e-06 3.51438e-05 1.81132 3.72001
788 7.76744e-06 8.84557e-06 8.33202e-06 3.51438e-05 1.81132 3.72001
789 7.72964e-06 8.64645e-06 8.33202e-06 3.51438e-05 1.81132 3.72001
790 7.77681e-06 1.03901e-05 8.33202e-06 3.51438e-05 1.81132 3.72001
791 7.73998e-06 8.99514e-06 8.33202e-06 3.51438e-05 1.81132 3.72001
792 7.76784e-06 8.65882e-06 8.33202e-06 3.51438e-05 1.81132 3.72001
793 7.74234e-06 8.81959e-06 8.33202e-06 3.51438e-05 1.81132 3.72001
794 7.73901e-06 9.30387e-06 8.33202e-06 3.51438e-05 1.81132 3.72001
795 7.77131e-06 8.88557e-06 8.33202e-06 3.51438e-05 1.81132 3.72001
796 7.75706e-06 1.43198e-05 8.33202e-06 3.51438e-05 1.81132 3.72001
797 7.73949e-06 1.00562e-05 8.33202e-06 3.51438e-05 1.81132 3.72001
798 7.76999e-06 1.04165e-05 8.33202e-06 3.51438e-05 1.81132 3.72001
799 6.86215e-06 8.31863e-06 8.33202e-06 3.51438e-05 1.81132 3.72001
800 6.92212e-06 8.45568e-06 8.31863e-06 3.48722e-05 1.80986 3.70561
801 6.93592e-06 9.20311e-06 8.31863e-06 3.48722e-05 1.80986 3.70561
802 6.92598e-06 8.88321e-06 8.31863e-06 3.48722e-05 1.80986 3.70561
803 6.95053e-06 8.91272e-06 8.31863e-06 3.48722e-05 1.80986 3.70561
804 6.94553e-06 8.22902e-06 8.31863e-06 3.48722e-05 1.80986 3.70561
805 6.93552e-06 8.53904e-06 8.22902e-06 3.48974e-05 1.80009 3.70695
806 6.95398e-06 8.34491e-06 8.22902e-06 3.48974e-05 1.80009 3.70695
807 6.9634e-06 8.75392e-06 8.22902e-06 3.48974e-05 1.80009 3.70695
808 6.96062e-06 8.69693e-06 8.22902e-06 3.48974e-05 1.80009 3.70695
809 6.95696e-06 8.31758e-06 8.22902e-06 3.48974e-05 1.80009 3.70695
810 6.9656e-06 8.84431e-06 8.22902e-06 3.48974e-05 1.80009 3.70695
811 6.9832e-06 8.29823e-06 8.22902e-06 3.48974e-05 1.80009 3.70695
812 6.98194e-06 8.54272e-06 8.22902e-06 3.48974e-05 1.80009 3.70695
813 6.9857e-06 9.76728e-06 8.22902e-06 3.48974e-05 1.80009 3.70695
814 6.97411e-06 8.55692e-06 8.22902e-06 3.48974e-05 1.80009 3.70695
815 6.98912e-06 8.32588e-06 8.22902e-06 3.48974e-05 1.80009 3.70695
816 6.9815e-06 8.52779e-06 8.22902e-06 3.48974e-05 1.80009 3.70695
817 6.98671e-06 8.40934e-06 8.22902e-06 3.48974e-05 1.80009 3.70695
818 6.99106e-06 8.52413e-06 8.22902e-06 3.48974e-05 1.80009 3.70695
819 7.00521e-06 8.38516e-06 8.22902e-06 3.48974e-05 1.80009 3.70695
820 7.00831e-06 8.31908e-06 8.22902e-06 3.48974e-05 1.80009 3.70695
821 7.01317e-06 8.31166e-06 8.22902e-06 3.48974e-05 1.80009 3.70695
822 7.00204e-06 8.6346e-06 8.22902e-06 3.48974e-05 1.80009 3.70695
823 7.01094e-06 8.67628e-06 8.22902e-06 3.48974e-05 1.80009 3.70695
824 7.01971e-06 8.43295e-06 8.22902e-06 3.48974e-05 1.80009 3.70695
825 7.0083e-06 8.42686e-06 8.22902e-06 3.48974e-05 1.80009 3.70695
826 7.01837e-06 8.93917e-06 8.22902e-06 3.48974e-05 1.80009 3.70695
827 7.03286e-06 8.55452e-06 8.22902e-06 3.48974e-05 1.80009 3.70695
828 7.02853e-06 8.33985e-06 8.22902e-06 3.48974e-05 1.80009 3.70695
829 7.02618e-06 8.91807e-06 8.22902e-06 3.48974e-05 1.80009 3.70695
830 7.0436e-06 8.87573e-06 8.22902e-06 3.48974e-05 1.80009 3.70695
831 7.02597e-06 9.7928e-06 8.22902e-06 3.48974e-05 1.80009 3.70695
832 7.05612e-06 9.06689e-06 8.22902e-06 3.48974e-05 1.80009 3.70695
833 7.04581e-06 8.32497e-06 8.22902e-06 3.48974e-05 1.80009 3.70695
834 7.04975e-06 9.8189e-06 8.22902e-06 3.48974e-05 1.80009 3.70695
835 7.05427e-06 9.00173e-06 8.22902e-06 3.48974e-05 1.80009 3.70695
836 7.06218e-06 8.76318e-06 8.22902e-06 3.48974e-05 1.80009 3.70695
837 7.04856e-06 8.40477e-06 8.22902e-06 3.48974e-05 1.80009 3.70695
838 7.05872e-06 9.16658e-06 8.22902e-06 3.48974e-05 1.80009 3.70695
839 7.05574e-06 8.3484e-06 8.22902e-06 3.48974e-05 1.80009 3.70695
840 7.0759e-06 8.9235e-06 8.22902e-06 3.48974e-05 1.80009 3.70695
841 7.07088e-06 8.34669e-06 8.22902e-06 3.48974e-05 1.80009 3.70695
842 7.06223e-06 8.52432e-06 8.22902e-06 3.48974e-05 1.80009 3.70695
843 7.08017e-06 8.51545e-06 8.22902e-06 3.48974e-05 1.80009 3.70695
844 7.08483e-06 8.62861e-06 8.22902e-06 3.48974e-05 1.80009 3.70695
845 6.6544e-06 8.29851e-06 8.22902e-06 3.48974e-05 1.80009 3.70695
846 6.69195e-06 8.26723e-06 8.29851e-06 3.4692e-05 1.80767 3.69603
847 6.69495e-06 8.30971e-06 8.26723e-06 3.46514e-05 1.80426 3.69386
848 6.69471e-06 8.23489e-06 8.26723e-06 3.46514e-05 1.80426 3.69386
849 6.70416e-06 8.59001e-06 8.23489e-06 3.46612e-05 1.80073 3.69438
850 6.7065e-06 8.2838e-06 8.23489e-06 3.46612e-05 1.80073 3.69438
851 6.71661e-06 8.57696e-06 8.23489e-06 3.46612e-05 1.80073 3.69438
852 6.71421e-06 8.3537e-06 8.23489e-06 3.46612e-05 1.80073 3.69438
853 6.72567e-06 8.74285e-06 8.23489e-06 3.46612e-05 1.80073 3.69438
854 6.71765e-06 8.18935e-06 8.23489e-06 3.46612e-05 1.80073 3.69438
855 6.73154e-06 8.24546e-06 8.18935e-06 3.46186e-05 1.79575 3.69211
856 6.72545e-06 8.38579e-06 8.18935e-06 3.46186e-05 1.79575 3.69211
857 6.73179e-06 8.27672e-06 8.18935e-06 3.46186e-05 1.79575 3.69211
858 6.74082e-06 8.29254e-06 8.18935e-06 3.46186e-05 1.79575 3.69211
859 6.74406e-06 8.20923e-06 8.18935e-06 3.46186e-05 1.79575 3.69211
860 6.74283e-06 8.44232e-06 8.18935e-06 3.46186e-05 1.79575 3.69211
861 6.7492e-06 8.50706e-06 8.18935e-06 3.46186e-05 1.79575 3.69211
862 6.75611e-06 8.74172e-06 8.18935e-06 3.46186e-05 1.79575 3.69211
863 6.76071e-06 8.39379e-06 8.18935e-06 3.46186e-05 1.79575 3.69211
864 6.76017e-06 8.24498e-06 8.18935e-06 3.46186e-05 1.79575 3.69211
865 6.76992e-06 8.2276e-06 8.18935e-06 3.46186e-05 1.79575 3.69211
866 6.76721e-06 8.33202e-06 8.18935e-06 3.46186e-05 1.79575 3.69211
867 6.77337e-06 8.35802e-06 8.18935e-06 3.46186e-05 1.79575 3.69211
868 6.77585e-06 8.29049e-06 8.18935e-06 3.46186e-05 1.79575 3.69211
869 6.78373e-06 8.25945e-06 8.18935e-06 3.46186e-05 1.79575 3.69211
870 6.78486e-06 8.50404e-06 8.18935e-06 3.46186e-05 1.79575 3.69211
871 6.79297e-06 8.30474e-06 8.18935e-06 3.46186e-05 1.79575 3.69211
872 6.79951e-06 8.60893e-06 8.18935e-06 3.46186e-05 1.79575 3.69211
873 6.80065e-06 8.4905e-06 8.18935e-06 3.46186e-05 1.79575 3.69211
874 6.80165e-06 8.58997e-06 8.18935e-06 3.46186e-05 1.79575 3.69211
875 6.80494e-06 8.38302e-06 8.18935e-06 3.46186e-05 1.79575 3.69211
876 6.80691e-06 8.39481e-06 8.18935e-06 3.46186e-05 1.79575 3.69211
877 6.8141e-06 8.30845e-06 8.18935e-06 3.46186e-05 1.79575 3.69211
878 6.81225e-06 8.26397e-06 8.18935e-06 3.46186e-05 1.79575 3.69211
879 6.81921e-06 9.05247e-06 8.18935e-06 3.46186e-05 1.79575 3.69211
880 6.82468e-06 8.46954e-06 8.18935e-06 3.46186e-05 1.79575 3.69211
881 6.82694e-06 8.25644e-06 8.18935e-06 3.46186e-05 1.79575 3.69211
882 6.83578e-06 8.40814e-06 8.18935e-06 3.46186e-05 1.79575 3.69211
883 6.84547e-06 8.52306e-06 8.18935e-06 3.46186e-05 1.79575 3.69211
884 6.83992e-06 8.32668e-06 8.18935e-06 3.46186e-05 1.79575 3.69211
885 6.83912e-06 8.3314e-06 8.18935e-06 3.46186e-05 1.79575 3.69211
886 6.84794e-06 8.3187e-06 8.18935e-06 3.46186e-05 1.79575 3.69211
887 6.85609e-06 8.46216e-06 8.18935e-06 3.46186e-05 1.79575 3.69211
888 6.85858e-06 8.87864e-06 8.18935e-06 3.46186e-05 1.79575 3.69211
889 6.85968e-06 8.2488e-06 8.18935e-06 3.46186e-05 1.79575 3.69211
890 6.86436e-06 8.39038e-06 8.18935e-06 3.46186e-05 1.79575 3.69211
891 6.85653e-06 8.46296e-06 8.18935e-06 3.46186e-05 1.79575 3.69211
892 6.87809e-06 8.2967e-06 8.18935e-06 3.46186e-05 1.79575 3.69211
893 6.87803e-06 8.46464e-06 8.18935e-06 3.46186e-05 1.79575 3.69211
894 6.87213e-06 8.3322e-06 8.18935e-06 3.46186e-05 1.79575 3.69211
895 6.64768e-06 8.26776e-06 8.18935e-06 3.46186e-05 1.79575 3.69211
896 6.65925e-06 8.24996e-06 8.18935e-06 3.46186e-05 1.79575 3.69211
897 6.66917e-06 8.37374e-06 8.18935e-06 3.46186e-05 1.79575 3.69211
898 6.6744e-06 8.2679e-06 8.18935e-06 3.46186e-05 1.79575 3.69211
899 6.68257e-06 8.22495e-06 8.18935e-06 3.46186e-05 1.79575 3.69211
900 6.68869e-06 8.23451e-06 8.18935e-06 3.46186e-05 1.79575 3.69211
901 6.69552e-06 8.19488e-06 8.18935e-06 3.46186e-05 1.79575 3.69211
902 6.69344e-06 8.35529e-06 8.18935e-06 3.46186e-05 1.79575 3.69211
903 6.69815e-06 8.27068e-06 8.18935e-06 3.46186e-05 1.79575 3.69211
904 6.71649e-06 8.22848e-06 8.18935e-06 3.46186e-05 1.79575 3.69211
905 6.71706e-06 8.25676e-06 8.18935e-06 3.46186e-05 1.79575 3.69211
906 6.71988e-06 8.44135e-06 8.18935e-06 3.46186e-05 1.79575 3.69211
907 6.72443e-06 8.28262e-06 8.18935e-06 3.46186e-05 1.79575 3.69211
908 6.72801e-06 8.31236e-06 8.18935e-06 3.46186e-05 1.79575 3.69211
909 6.7366e-06 8.26984e-06 8.18935e-06 3.46186e-05 1.79575 3.69211
910 6.73964e-06 8.37249e-06 8.18935e-06 3.46186e-05 1.79575 3.69211
911 6.74782e-06 8.30714e-06 8.18935e-06 3.46186e-05 1.79575 3.69211
912 6.75089e-06 8.44509e-06 8.18935e-06 3.46186e-05 1.79575 3.69211
913 6.75937e-06 8.42588e-06 8.18935e-06 3.46186e-05 1.79575 3.69211
914 6.75887e-06 8.38999e-06 8.18935e-06 3.46186e-05 1.79575 3.69211
915 6.76731e-06 8.24215e-06 8.18935e-06 3.46186e-05 1.79575 3.69211
916 6.77611e-06 8.3352e-06 8.18935e-06 3.46186e-05 1.79575 3.69211
917 6.78034e-06 8.36167e-06 8.18935e-06 3.46186e-05 1.79575 3.69211
918 6.78696e-06 8.43177e-06 8.18935e-06 3.46186e-05 1.79575 3.69211
919 6.79293e-06 8.3028e-06 8.18935e-06 3.46186e-05 1.79575 3.69211
920 6.79454e-06 8.33155e-06 8.18935e-06 3.46186e-05 1.79575 3.69211
921 6.80028e-06 8.31786e-06 8.18935e-06 3.46186e-05 1.79575 3.69211
922 6.79877e-06 8.29188e-06 8.18935e-06 3.46186e-05 1.79575 3.69211
923 6.81263e-06 8.31358e-06 8.18935e-06 3.46186e-05 1.79575 3.69211
924 6.81223e-06 8.34032e-06 8.18935e-06 3.46186e-05 1.79575 3.69211
925 6.80884e-06 8.29324e-06 8.18935e-06 3.46186e-05 1.79575 3.69211
926 6.82654e-06 8.31639e-06 8.18935e-06 3.46186e-05 1.79575 3.69211
927 6.82412e-06 8.32944e-06 8.18935e-06 3.46186e-05 1.79575 3.69211
928 6.8323e-06 8.41589e-06 8.18935e-06 3.46186e-05 1.79575 3.69211
929 6.84014e-06 8.52928e-06 8.18935e-06 3.46186e-05 1.79575 3.69211
930 6.83924e-06 8.3237e-06 8.18935e-06 3.46186e-05 1.79575 3.69211
931 6.85183e-06 8.37958e-06 8.18935e-06 3.46186e-05 1.79575 3.69211
932 6.85018e-06 8.42825e-06 8.18935e-06 3.46186e-05 1.79575 3.69211
933 6.8671e-06 8.447e-06 8.18935e-06 3.46186e-05 1.79575 3.69211
934 6.86326e-06 8.41134e-06 8.18935e-06 3.46186e-05 1.79575 3.69211
