1 0.00465401 0.000606839 1.79769e+308 1.79769e+308 inf inf
2 0.000400463 0.000441165 1.79769e+308 1.79769e+308 inf inf
3 0.000249042 0.000304505 0.000441165 1.79769e+308 13.1802 inf
4 0.000174633 0.000239418 0.000304505 1.79769e+308 10.9501 inf
5 0.00012561 0.000175153 0.000239418 1.79769e+308 9.70954 inf
6 9.76767e-05 0.000133982 0.000175153 1.79769e+308 8.30479 inf
7 0.00517887 0.000337896 0.000133982 1.79769e+308 7.26345 inf
8 0.000233648 0.000273904 0.000133982 1.79769e+308 7.26345 inf
9 0.000192636 0.000188153 0.000133982 1.79769e+308 7.26345 inf
10 0.000148331 0.000164764 0.000133982 1.79769e+308 7.26345 inf
11 0.000117095 0.000338067 0.000133982 1.79769e+308 7.26345 inf
12 8.84759e-05 0.000129135 0.000133982 1.79769e+308 7.26345 inf
13 0.00197733 0.000313422 0.000129135 1.79769e+308 7.13088 inf
14 0.000141754 0.000164971 0.000129135 1.79769e+308 7.13088 inf
15 0.000104575 0.000138188 0.000129135 1.79769e+308 7.13088 inf
16 8.90628e-05 0.000112159 0.000129135 1.79769e+308 7.13088 inf
17 7.42602e-05 0.000101913 0.000112159 1.79769e+308 6.64566 inf
18 6.32313e-05 0.000101683 0.000101913 1.79769e+308 6.33483 inf
19 5.38427e-05 8.56975e-05 0.000101683 1.79769e+308 6.32767 inf
20 0.000457642 0.000120969 8.56975e-05 1.79769e+308 5.80904 inf
21 5.244e-05 9.1756e-05 8.56975e-05 1.79769e+308 5.80904 inf
22 5.03245e-05 8.32961e-05 8.56975e-05 1.79769e+308 5.80904 inf
23 4.69693e-05 7.80017e-05 8.32961e-05 1.79769e+308 5.72707 inf
24 4.3248e-05 7.06087e-05 7.80017e-05 1.79769e+308 5.54207 inf
25 0.000338427 0.000121281 7.06087e-05 1.79769e+308 5.2729 inf
26 5.65098e-05 8.67236e-05 7.06087e-05 1.79769e+308 5.2729 inf
27 5.05755e-05 0.000466549 7.06087e-05 1.79769e+308 5.2729 inf
28 4.42363e-05 7.11669e-05 7.06087e-05 1.79769e+308 5.2729 inf
29 0.000267568 0.000163125 7.06087e-05 1.79769e+308 5.2729 inf
30 5.21663e-05 7.60332e-05 7.06087e-05 1.79769e+308 5.2729 inf
31 4.84558e-05 6.96595e-05 7.06087e-05 1.79769e+308 5.2729 inf
32 4.37425e-05 0.000194078 6.96595e-05 1.79769e+308 5.23734 inf
33 3.94973e-05 6.27813e-05 6.96595e-05 1.79769e+308 5.23734 inf
34 0.000199294 7.84195e-05 6.27813e-05 1.79769e+308 4.97205 inf
35 4.24917e-05 6.98514e-05 6.27813e-05 1.79769e+308 4.97205 inf
36 3.93298e-05 5.95376e-05 6.27813e-05 1.79769e+308 4.97205 inf
37 3.5413e-05 5.81106e-05 5.95376e-05 1.79769e+308 4.8419 inf
38 4.00423e-05 0.000201519 5.81106e-05 1.79769e+308 4.78352 inf
39 3.18031e-05 6.27198e-05 5.81106e-05 1.79769e+308 4.78352 inf
40 0.000126845 5.99309e-05 5.81106e-05 1.79769e+308 4.78352 inf
41 2.84287e-05 5.75381e-05 5.81106e-05 1.79769e+308 4.78352 inf
42 3.06206e-05 5.24873e-05 5.75381e-05 1.79769e+308 4.7599 inf
43 2.80644e-05 5.25688e-05 5.24873e-05 1.79769e+308 4.54619 inf
44 2.80206e-05 4.97146e-05 5.24873e-05 1.79769e+308 4.54619 inf
45 2.60039e-05 4.41976e-05 4.97146e-05 1.79769e+308 4.42448 inf
46 8.24165e-05 5.78589e-05 4.41976e-05 1.79769e+308 4.17176 inf
47 2.70746e-05 4.8958e-05 4.41976e-05 1.79769e+308 4.17176 inf
48 2.58283e-05 7.85218e-05 4.41976e-05 1.79769e+308 4.17176 inf
49 2.54606e-05 4.80254e-05 4.41976e-05 1.79769e+308 4.17176 inf
50 7.30028e-05 4.68116e-05 4.41976e-05 1.79769e+308 4.17176 inf
51 2.27109e-05 4.29614e-05 4.41976e-05 1.79769e+308 4.17176 inf
52 2.38781e-05 4.4875e-05 4.29614e-05 1.79769e+308 4.11301 inf
53 2.26356e-05 4.45696e-05 4.29614e-05 1.79769e+308 4.11301 inf
54 5.03749e-05 4.0364e-05 4.29614e-05 1.79769e+308 4.11301 inf
55 2.06854e-05 4.38831e-05 4.0364e-05 1.79769e+308 3.98673 inf
56 2.1626e-05 4.32667e-05 4.0364e-05 1.79769e+308 3.98673 inf
57 2.20394e-05 4.17822e-05 4.0364e-05 1.79769e+308 3.98673 inf
58 2.10907e-05 7.56001e-05 4.0364e-05 1.79769e+308 3.98673 inf
59 9.1458e-05 4.4516e-05 4.0364e-05 1.79769e+308 3.98673 inf
60 1.98249e-05 4.14236e-05 4.0364e-05 1.79769e+308 3.98673 inf
61 2.11745e-05 4.34084e-05 4.0364e-05 1.79769e+308 3.98673 inf
62 1.97813e-05 4.07992e-05 4.0364e-05 1.79769e+308 3.98673 inf
63 2.10921e-05 3.98624e-05 4.0364e-05 1.79769e+308 3.98673 inf
64 3.03022e-05 3.60171e-05 3.98624e-05 1.79769e+308 3.96189 inf
65 1.83889e-05 3.82598e-05 3.60171e-05 1.79769e+308 3.76595 inf
66 1.94528e-05 3.73612e-05 3.60171e-05 1.79769e+308 3.76595 inf
67 2.8446e-05 3.56424e-05 3.60171e-05 1.79769e+308 3.76595 inf
68 1.80416e-05 3.78015e-05 3.56424e-05 1.79769e+308 3.74631 inf
69 1.87405e-05 0.000115731 3.56424e-05 1.79769e+308 3.74631 inf
70 1.84697e-05 3.56732e-05 3.56424e-05 1.79769e+308 3.74631 inf
71 6.88196e-05 3.91194e-05 3.56424e-05 1.79769e+308 3.74631 inf
72 1.60126e-05 3.73252e-05 3.56424e-05 1.79769e+308 3.74631 inf
73 1.79024e-05 0.000154717 3.56424e-05 1.79769e+308 3.74631 inf
74 1.7928e-05 3.45038e-05 3.56424e-05 1.79769e+308 3.74631 inf
75 1.72822e-05 3.3334e-05 3.45038e-05 1.79769e+308 3.68599 inf
76 3.31048e-05 3.75014e-05 3.3334e-05 1.79769e+308 3.62297 inf
77 1.59288e-05 3.88861e-05 3.3334e-05 1.79769e+308 3.62297 inf
78 1.72667e-05 3.50827e-05 3.3334e-05 1.79769e+308 3.62297 inf
79 1.69099e-05 4.08186e-05 3.3334e-05 1.79769e+308 3.62297 inf
80 1.94396e-05 3.31229e-05 3.3334e-05 1.79769e+308 3.62297 inf
81 1.71426e-05 3.22827e-05 3.31229e-05 1.79769e+308 3.61148 inf
82 1.69438e-05 5.55203e-05 3.22827e-05 1.79769e+308 3.56538 inf
83 2.53381e-05 3.25814e-05 3.22827e-05 1.79769e+308 3.56538 inf
84 1.52701e-05 3.12732e-05 3.22827e-05 1.79769e+308 3.56538 inf
85 1.89871e-05 3.49749e-05 3.12732e-05 1.79769e+308 3.50919 inf
86 1.57622e-05 3.15205e-05 3.12732e-05 1.79769e+308 3.50919 inf
87 4.75971e-05 3.36397e-05 3.12732e-05 1.79769e+308 3.50919 inf
88 1.44481e-05 3.50952e-05 3.12732e-05 1.79769e+308 3.50919 inf
89 1.5528e-05 3.04932e-05 3.12732e-05 1.79769e+308 3.50919 inf
90 1.62495e-05 3.11235e-05 3.04932e-05 1.79769e+308 3.46515 inf
91 1.61465e-05 2.9456e-05 3.04932e-05 1.79769e+308 3.46515 inf
92 1.65139e-05 3.07271e-05 2.9456e-05 1.79769e+308 3.40571 inf
93 2.06083e-05 2.99767e-05 2.9456e-05 1.79769e+308 3.40571 inf
94 1.49709e-05 2.99403e-05 2.9456e-05 1.79769e+308 3.40571 inf
95 1.54478e-05 3.1484e-05 2.9456e-05 1.79769e+308 3.40571 inf
96 1.79409e-05 2.89417e-05 2.9456e-05 1.79769e+308 3.40571 inf
97 1.52674e-05 2.87837e-05 2.89417e-05 1.79769e+308 3.37584 inf
98 1.65397e-05 3.09677e-05 2.87837e-05 1.79769e+308 3.36661 inf
99 1.53462e-05 4.15816e-05 2.87837e-05 1.79769e+308 3.36661 inf
100 1.47823e-05 3.026e-05 2.87837e-05 1.79769e+308 3.36661 inf
101 3.67686e-05 2.85479e-05 2.87837e-05 1.79769e+308 3.36661 inf
102 1.36229e-05 3.17082e-05 2.85479e-05 1.79769e+308 3.3528 inf
103 1.43434e-05 3.2675e-05 2.85479e-05 1.79769e+308 3.3528 inf
104 1.46513e-05 3.02878e-05 2.85479e-05 1.79769e+308 3.3528 inf
105 1.47741e-05 2.8206e-05 2.85479e-05 1.79769e+308 3.3528 inf
106 1.78159e-05 2.91243e-05 2.8206e-05 1.79769e+308 3.33266 inf
107 1.39592e-05 2.74199e-05 2.8206e-05 1.79769e+308 3.33266 inf
108 1.42903e-05 2.98482e-05 2.74199e-05 1.79769e+308 3.28589 inf
109 1.58575e-05 2.70963e-05 2.74199e-05 1.79769e+308 3.28589 inf
110 1.39422e-05 2.73381e-05 2.70963e-05 1.79769e+308 3.26645 inf
111 1.41364e-05 2.84595e-05 2.70963e-05 1.79769e+308 3.26645 inf
112 1.92869e-05 2.73504e-05 2.70963e-05 1.79769e+308 3.26645 inf
113 1.34758e-05 2.94101e-05 2.70963e-05 1.79769e+308 3.26645 inf
114 1.36059e-05 2.65239e-05 2.70963e-05 1.79769e+308 3.26645 inf
115 2.16562e-05 2.69661e-05 2.65239e-05 1.79769e+308 3.23176 inf
116 1.29814e-05 2.60766e-05 2.65239e-05 1.79769e+308 3.23176 inf
117 1.36717e-05 2.7757e-05 2.60766e-05 1.79769e+308 3.20439 inf
118 1.36973e-05 2.71642e-05 2.60766e-05 1.79769e+308 3.20439 inf
119 3.59656e-05 2.68028e-05 2.60766e-05 1.79769e+308 3.20439 inf
120 1.21445e-05 2.6874e-05 2.60766e-05 1.79769e+308 3.20439 inf
121 1.3708e-05 2.90019e-05 2.60766e-05 1.79769e+308 3.20439 inf
122 1.33435e-05 2.64277e-05 2.60766e-05 1.79769e+308 3.20439 inf
123 1.31108e-05 2.6901e-05 2.60766e-05 1.79769e+308 3.20439 inf
124 2.70279e-05 2.81697e-05 2.60766e-05 1.79769e+308 3.20439 inf
125 1.14699e-05 2.78158e-05 2.60766e-05 1.79769e+308 3.20439 inf
126 1.2726e-05 2.59628e-05 2.60766e-05 1.79769e+308 3.20439 inf
127 2.21753e-05 2.69161e-05 2.59628e-05 1.79769e+308 3.19739 inf
128 1.21549e-05 2.51521e-05 2.59628e-05 1.79769e+308 3.19739 inf
129 1.30774e-05 2.74523e-05 2.51521e-05 1.79769e+308 3.14708 inf
130 1.30792e-05 2.85253e-05 2.51521e-05 1.79769e+308 3.14708 inf
131 1.31875e-05 3.30329e-05 2.51521e-05 1.79769e+308 3.14708 inf
132 1.29828e-05 2.72612e-05 2.51521e-05 1.79769e+308 3.14708 inf
133 2.40791e-05 2.85566e-05 2.51521e-05 1.79769e+308 3.14708 inf
134 1.14825e-05 2.8914e-05 2.51521e-05 1.79769e+308 3.14708 inf
135 1.2846e-05 2.5853e-05 2.51521e-05 1.79769e+308 3.14708 inf
136 1.26036e-05 2.5565e-05 2.51521e-05 1.79769e+308 3.14708 inf
137 1.6577e-05 2.47067e-05 2.51521e-05 1.79769e+308 3.14708 inf
138 1.2092e-05 2.75763e-05 2.47067e-05 1.79769e+308 3.11909 inf
139 1.2892e-05 2.57329e-05 2.47067e-05 1.79769e+308 3.11909 inf
140 1.2351e-05 2.84623e-05 2.47067e-05 1.79769e+308 3.11909 inf
141 2.44151e-05 3.60407e-05 2.47067e-05 1.79769e+308 3.11909 inf
142 1.05643e-05 2.60181e-05 2.47067e-05 1.79769e+308 3.11909 inf
143 1.21993e-05 2.64392e-05 2.47067e-05 1.79769e+308 3.11909 inf
144 1.2475e-05 2.67379e-05 2.47067e-05 1.79769e+308 3.11909 inf
145 1.31956e-05 2.28032e-05 2.47067e-05 1.79769e+308 3.11909 inf
146 1.21567e-05 2.46598e-05 2.28032e-05 1.79769e+308 2.99653 inf
147 1.85706e-05 2.4656e-05 2.28032e-05 1.79769e+308 2.99653 inf
148 1.15322e-05 2.52516e-05 2.28032e-05 1.79769e+308 2.99653 inf
149 1.214e-05 2.48895e-05 2.28032e-05 1.79769e+308 2.99653 inf
150 1.22548e-05 2.53969e-05 2.28032e-05 1.79769e+308 2.99653 inf
151 1.62946e-05 2.51975e-05 2.28032e-05 1.79769e+308 2.99653 inf
152 1.03456e-05 2.57001e-05 2.28032e-05 1.79769e+308 2.99653 inf
153 1.21949e-05 2.46642e-05 2.28032e-05 1.79769e+308 2.99653 inf
154 1.28704e-05 2.42557e-05 2.28032e-05 1.79769e+308 2.99653 inf
155 1.1847e-05 2.50472e-05 2.28032e-05 1.79769e+308 2.99653 inf
156 1.22105e-05 2.66107e-05 2.28032e-05 1.79769e+308 2.99653 inf
157 2.04571e-05 2.39941e-05 2.28032e-05 1.79769e+308 2.99653 inf
158 1.11331e-05 2.55117e-05 2.28032e-05 1.79769e+308 2.99653 inf
159 1.15873e-05 2.53733e-05 2.28032e-05 1.79769e+308 2.99653 inf
160 1.18132e-05 2.47835e-05 2.28032e-05 1.79769e+308 2.99653 inf
161 2.65574e-05 2.53413e-05 2.28032e-05 1.79769e+308 2.99653 inf
162 1.08669e-05 2.3668e-05 2.28032e-05 1.79769e+308 2.99653 inf
163 1.19041e-05 2.60176e-05 2.28032e-05 1.79769e+308 2.99653 inf
164 1.14992e-05 2.3388e-05 2.28032e-05 1.79769e+308 2.99653 inf
165 5.4917e-05 2.84306e-05 2.28032e-05 1.79769e+308 2.99653 inf
166 1.2121e-05 2.70747e-05 2.28032e-05 1.79769e+308 2.99653 inf
167 1.15398e-05 2.5367e-05 2.28032e-05 1.79769e+308 2.99653 inf
168 1.18171e-05 2.52793e-05 2.28032e-05 1.79769e+308 2.99653 inf
169 1.22518e-05 2.43516e-05 2.28032e-05 1.79769e+308 2.99653 inf
170 1.18476e-05 2.43297e-05 2.28032e-05 1.79769e+308 2.99653 inf
171 1.22904e-05 2.69513e-05 2.28032e-05 1.79769e+308 2.99653 inf
172 1.16592e-05 0.000104489 2.28032e-05 1.79769e+308 2.99653 inf
173 1.20239e-05 2.31466e-05 2.28032e-05 1.79769e+308 2.99653 inf
174 1.1585e-05 2.15215e-05 2.28032e-05 1.79769e+308 2.99653 inf
175 1.33399e-05 2.79975e-05 2.15215e-05 1.79769e+308 2.9111 inf
176 1.09169e-05 2.34482e-05 2.15215e-05 1.79769e+308 2.9111 inf
177 3.23103e-05 2.56024e-05 2.15215e-05 1.79769e+308 2.9111 inf
178 1.03981e-05 2.44852e-05 2.15215e-05 1.79769e+308 2.9111 inf
179 1.15022e-05 2.61738e-05 2.15215e-05 1.79769e+308 2.9111 inf
180 1.10222e-05 2.34335e-05 2.15215e-05 1.79769e+308 2.9111 inf
181 1.14265e-05 2.38429e-05 2.15215e-05 1.79769e+308 2.9111 inf
182 3.29143e-05 2.41339e-05 2.15215e-05 1.79769e+308 2.9111 inf
183 1.04392e-05 2.53999e-05 2.15215e-05 1.79769e+308 2.9111 inf
184 1.12285e-05 2.32127e-05 2.15215e-05 1.79769e+308 2.9111 inf
185 1.08622e-05 2.41892e-05 2.15215e-05 1.79769e+308 2.9111 inf
186 1.68983e-05 2.31444e-05 2.15215e-05 1.79769e+308 2.9111 inf
187 1.04229e-05 2.32603e-05 2.15215e-05 1.79769e+308 2.9111 inf
188 1.16152e-05 2.32345e-05 2.15215e-05 1.79769e+308 2.9111 inf
189 1.13049e-05 2.51533e-05 2.15215e-05 1.79769e+308 2.9111 inf
190 1.48435e-05 2.39093e-05 2.15215e-05 1.79769e+308 2.9111 inf
191 1.11627e-05 2.38067e-05 2.15215e-05 1.79769e+308 2.9111 inf
192 1.05722e-05 2.40778e-05 2.15215e-05 1.79769e+308 2.9111 inf
193 3.47696e-05 2.42725e-05 2.15215e-05 1.79769e+308 2.9111 inf
194 1.02894e-05 2.51766e-05 2.15215e-05 1.79769e+308 2.9111 inf
195 1.06029e-05 2.30181e-05 2.15215e-05 1.79769e+308 2.9111 inf
196 1.1502e-05 2.4716e-05 2.15215e-05 1.79769e+308 2.9111 inf
197 1.06782e-05 2.2798e-05 2.15215e-05 1.79769e+308 2.9111 inf
198 1.67249e-05 2.24438e-05 2.15215e-05 1.79769e+308 2.9111 inf
199 1.14368e-05 2.46503e-05 2.15215e-05 1.79769e+308 2.9111 inf
200 1.07319e-05 2.30618e-05 2.15215e-05 1.79769e+308 2.9111 inf
201 1.09522e-05 2.24992e-05 2.15215e-05 1.79769e+308 2.9111 inf
202 1.94694e-05 2.35465e-05 2.15215e-05 1.79769e+308 2.9111 inf
203 1.01263e-05 2.38622e-05 2.15215e-05 1.79769e+308 2.9111 inf
204 1.07253e-05 3.6558e-05 2.15215e-05 1.79769e+308 2.9111 inf
205 1.09281e-05 2.28849e-05 2.15215e-05 1.79769e+308 2.9111 inf
206 2.45885e-05 2.34182e-05 2.15215e-05 1.79769e+308 2.9111 inf
207 9.77534e-06 2.32729e-05 2.15215e-05 1.79769e+308 2.9111 inf
208 1.05435e-05 2.33171e-05 2.15215e-05 1.79769e+308 2.9111 inf
209 1.13776e-05 2.4178e-05 2.15215e-05 1.79769e+308 2.9111 inf
210 1.05777e-05 2.19588e-05 2.15215e-05 1.79769e+308 2.9111 inf
211 2.36845e-05 2.39814e-05 2.15215e-05 1.79769e+308 2.9111 inf
212 9.75317e-06 2.41742e-05 2.15215e-05 1.79769e+308 2.9111 inf
213 1.07686e-05 2.7591e-05 2.15215e-05 1.79769e+308 2.9111 inf
214 1.06728e-05 2.47054e-05 2.15215e-05 1.79769e+308 2.9111 inf
215 1.07369e-05 2.37658e-05 2.15215e-05 1.79769e+308 2.9111 inf
216 2.32704e-05 2.30426e-05 2.15215e-05 1.79769e+308 2.9111 inf
217 9.88867e-06 2.27936e-05 2.15215e-05 1.79769e+308 2.9111 inf
218 1.05095e-05 2.57866e-05 2.15215e-05 1.79769e+308 2.9111 inf
219 1.09821e-05 2.38305e-05 2.15215e-05 1.79769e+308 2.9111 inf
220 1.11918e-05 2.24491e-05 2.15215e-05 1.79769e+308 2.9111 inf
221 1.07977e-05 2.37462e-05 2.15215e-05 1.79769e+308 2.9111 inf
222 1.05382e-05 2.23012e-05 2.15215e-05 1.79769e+308 2.9111 inf
223 1.07968e-05 2.11368e-05 2.15215e-05 1.79769e+308 2.9111 inf
224 1.09553e-05 2.096e-05 2.11368e-05 1.79769e+308 2.88496 inf
225 1.05398e-05 2.33781e-05 2.096e-05 1.79769e+308 2.87287 inf
226 1.10953e-05 3.21611e-05 2.096e-05 1.79769e+308 2.87287 inf
227 1.07952e-05 2.43866e-05 2.096e-05 1.79769e+308 2.87287 inf
228 1.02899e-05 2.18672e-05 2.096e-05 1.79769e+308 2.87287 inf
229 1.09077e-05 2.26422e-05 2.096e-05 1.79769e+308 2.87287 inf
230 1.07304e-05 2.27263e-05 2.096e-05 1.79769e+308 2.87287 inf
231 1.03049e-05 2.26538e-05 2.096e-05 1.79769e+308 2.87287 inf
232 1.07053e-05 2.30087e-05 2.096e-05 1.79769e+308 2.87287 inf
233 1.03282e-05 2.21379e-05 2.096e-05 1.79769e+308 2.87287 inf
234 1.63343e-05 2.22582e-05 2.096e-05 1.79769e+308 2.87287 inf
235 9.78326e-06 2.52459e-05 2.096e-05 1.79769e+308 2.87287 inf
236 9.94573e-06 2.20997e-05 2.096e-05 1.79769e+308 2.87287 inf
237 1.03706e-05 2.28802e-05 2.096e-05 1.79769e+308 2.87287 inf
238 1.03567e-05 6.6139e-05 2.096e-05 1.79769e+308 2.87287 inf
239 1.1608e-05 2.19095e-05 2.096e-05 1.79769e+308 2.87287 inf
240 1.15083e-05 2.35165e-05 2.096e-05 1.79769e+308 2.87287 inf
241 9.3502e-06 2.07979e-05 2.096e-05 1.79769e+308 2.87287 inf
242 1.87954e-05 2.1522e-05 2.07979e-05 1.79769e+308 2.86174 inf
243 9.29011e-06 2.16543e-05 2.07979e-05 1.79769e+308 2.86174 inf
244 1.01934e-05 2.10494e-05 2.07979e-05 1.79769e+308 2.86174 inf
245 1.00679e-05 2.08579e-05 2.07979e-05 1.79769e+308 2.86174 inf
246 2.17796e-05 2.21019e-05 2.07979e-05 1.79769e+308 2.86174 inf
247 9.27529e-06 2.22646e-05 2.07979e-05 1.79769e+308 2.86174 inf
248 9.81921e-06 2.24919e-05 2.07979e-05 1.79769e+308 2.86174 inf
249 1.15309e-05 2.12609e-05 2.07979e-05 1.79769e+308 2.86174 inf
250 1.01361e-05 2.30025e-05 2.07979e-05 1.79769e+308 2.86174 inf
251 1.00492e-05 2.07308e-05 2.07979e-05 1.79769e+308 2.86174 inf
252 1.71798e-05 2.08258e-05 2.07308e-05 1.79769e+308 2.85712 inf
253 9.60148e-06 2.10865e-05 2.07308e-05 1.79769e+308 2.85712 inf
254 9.89302e-06 2.24481e-05 2.07308e-05 1.79769e+308 2.85712 inf
255 1.1645e-05 2.23445e-05 2.07308e-05 1.79769e+308 2.85712 inf
256 9.92518e-06 2.31239e-05 2.07308e-05 1.79769e+308 2.85712 inf
257 9.89315e-06 6.33091e-05 2.07308e-05 1.79769e+308 2.85712 inf
258 2.97296e-05 2.24348e-05 2.07308e-05 1.79769e+308 2.85712 inf
259 8.62292e-06 2.47644e-05 2.07308e-05 1.79769e+308 2.85712 inf
260 1.00808e-05 2.06695e-05 2.07308e-05 1.79769e+308 2.85712 inf
261 9.95946e-06 2.09653e-05 2.06695e-05 1.79769e+308 2.85289 inf
262 1.03199e-05 2.1848e-05 2.06695e-05 1.79769e+308 2.85289 inf
263 1.14181e-05 2.29571e-05 2.06695e-05 1.79769e+308 2.85289 inf
264 1.00635e-05 2.24985e-05 2.06695e-05 1.79769e+308 2.85289 inf
265 9.9028e-06 2.16152e-05 2.06695e-05 1.79769e+308 2.85289 inf
266 1.18812e-05 2.18688e-05 2.06695e-05 1.79769e+308 2.85289 inf
267 9.95089e-06 2.21603e-05 2.06695e-05 1.79769e+308 2.85289 inf
268 1.3628e-05 0.000996644 2.06695e-05 1.79769e+308 2.85289 inf
269 5.86544e-05 2.75367e-05 2.06695e-05 1.79769e+308 2.85289 inf
270 1.13653e-05 2.74767e-05 2.06695e-05 1.79769e+308 2.85289 inf
271 9.65191e-06 2.37786e-05 2.06695e-05 1.79769e+308 2.85289 inf
272 1.01442e-05 2.35582e-05 2.06695e-05 1.79769e+308 2.85289 inf
273 1.005e-05 2.21929e-05 2.06695e-05 1.79769e+308 2.85289 inf
274 9.97936e-06 2.36492e-05 2.06695e-05 1.79769e+308 2.85289 inf
275 1.11328e-05 2.11395e-05 2.06695e-05 1.79769e+308 2.85289 inf
276 9.72512e-06 2.06115e-05 2.06695e-05 1.79769e+308 2.85289 inf
277 2.82139e-05 2.27893e-05 2.06115e-05 1.79769e+308 2.84889 inf
278 9.2093e-06 2.43733e-05 2.06115e-05 1.79769e+308 2.84889 inf
279 9.87271e-06 2.13626e-05 2.06115e-05 1.79769e+308 2.84889 inf
280 9.72325e-06 2.0573e-05 2.06115e-05 1.79769e+308 2.84889 inf
281 9.84666e-06 3.60582e-05 2.0573e-05 1.79769e+308 2.84623 inf
282 1.27101e-05 2.28333e-05 2.0573e-05 1.79769e+308 2.84623 inf
283 8.90682e-06 2.07336e-05 2.0573e-05 1.79769e+308 2.84623 inf
284 9.72669e-06 2.32961e-05 2.0573e-05 1.79769e+308 2.84623 inf
285 9.91204e-06 2.39151e-05 2.0573e-05 1.79769e+308 2.84623 inf
286 1.0081e-05 2.70791e-05 2.0573e-05 1.79769e+308 2.84623 inf
287 9.78464e-06 2.06407e-05 2.0573e-05 1.79769e+308 2.84623 inf
288 1.33065e-05 1.96543e-05 2.0573e-05 1.79769e+308 2.84623 inf
289 9.58129e-06 2.12499e-05 1.96543e-05 1.79769e+308 2.78195 inf
290 1.69783e-05 8.74012e-05 1.96543e-05 1.79769e+308 2.78195 inf
291 8.64087e-06 2.12842e-05 1.96543e-05 1.79769e+308 2.78195 inf
292 9.04359e-06 2.14392e-05 1.96543e-05 1.79769e+308 2.78195 inf
293 9.80011e-06 2.14721e-05 1.96543e-05 1.79769e+308 2.78195 inf
294 9.48475e-06 2.0286e-05 1.96543e-05 1.79769e+308 2.78195 inf
295 1.32765e-05 2.20808e-05 1.96543e-05 1.79769e+308 2.78195 inf
296 9.29082e-06 2.23319e-05 1.96543e-05 1.79769e+308 2.78195 inf
297 9.54836e-06 2.13001e-05 1.96543e-05 1.79769e+308 2.78195 inf
298 1.83307e-05 2.0366e-05 1.96543e-05 1.79769e+308 2.78195 inf
299 8.7691e-06 1.99461e-05 1.96543e-05 1.79769e+308 2.78195 inf
300 9.69327e-06 2.08851e-05 1.96543e-05 1.79769e+308 2.78195 inf
301 9.85695e-06 2.2451e-05 1.96543e-05 1.79769e+308 2.78195 inf
302 9.93621e-06 2.05184e-05 1.96543e-05 1.79769e+308 2.78195 inf
303 9.71138e-06 2.18638e-05 1.96543e-05 1.79769e+308 2.78195 inf
304 9.52384e-06 2.03261e-05 1.96543e-05 1.79769e+308 2.78195 inf
305 1.21191e-05 2.0936e-05 1.96543e-05 1.79769e+308 2.78195 inf
306 9.46017e-06 2.1392e-05 1.96543e-05 1.79769e+308 2.78195 inf
307 9.53528e-06 2.0481e-05 1.96543e-05 1.79769e+308 2.78195 inf
308 1.00349e-05 2.16154e-05 1.96543e-05 1.79769e+308 2.78195 inf
309 9.49041e-06 2.22467e-05 1.96543e-05 1.79769e+308 2.78195 inf
310 9.55847e-06 2.07158e-05 1.96543e-05 1.79769e+308 2.78195 inf
311 1.00695e-05 2.16831e-05 1.96543e-05 1.79769e+308 2.78195 inf
312 9.40124e-06 2.05334e-05 1.96543e-05 1.79769e+308 2.78195 inf
313 9.51394e-06 2.25774e-05 1.96543e-05 1.79769e+308 2.78195 inf
314 1.6512e-05 1.95042e-05 1.96543e-05 1.79769e+308 2.78195 inf
315 9.17674e-06 2.07188e-05 1.95042e-05 1.79769e+308 2.77131 inf
316 9.31906e-06 2.41351e-05 1.95042e-05 1.79769e+308 2.77131 inf
317 1.48319e-05 3.00815e-05 1.95042e-05 1.79769e+308 2.77131 inf
318 8.26838e-06 2.07663e-05 1.95042e-05 1.79769e+308 2.77131 inf
319 8.9314e-06 2.15305e-05 1.95042e-05 1.79769e+308 2.77131 inf
320 9.30158e-06 2.06457e-05 1.95042e-05 1.79769e+308 2.77131 inf
321 1.82296e-05 2.19145e-05 1.95042e-05 1.79769e+308 2.77131 inf
322 8.37539e-06 0.000151056 1.95042e-05 1.79769e+308 2.77131 inf
323 1.15028e-05 2.0922e-05 1.95042e-05 1.79769e+308 2.77131 inf
324 9.46239e-06 2.01154e-05 1.95042e-05 1.79769e+308 2.77131 inf
325 9.15968e-06 1.96815e-05 1.95042e-05 1.79769e+308 2.77131 inf
326 1.71464e-05 2.02469e-05 1.95042e-05 1.79769e+308 2.77131 inf
327 8.8773e-06 2.03968e-05 1.95042e-05 1.79769e+308 2.77131 inf
328 9.30017e-06 2.12602e-05 1.95042e-05 1.79769e+308 2.77131 inf
329 9.22929e-06 2.03748e-05 1.95042e-05 1.79769e+308 2.77131 inf
330 1.36284e-05 2.03072e-05 1.95042e-05 1.79769e+308 2.77131 inf
331 8.92181e-06 2.03449e-05 1.95042e-05 1.79769e+308 2.77131 inf
332 9.66965e-06 4.02535e-05 1.95042e-05 1.79769e+308 2.77131 inf
333 9.24723e-06 2.19171e-05 1.95042e-05 1.79769e+308 2.77131 inf
334 1.47015e-05 2.0886e-05 1.95042e-05 1.79769e+308 2.77131 inf
335 8.80854e-06 2.00479e-05 1.95042e-05 1.79769e+308 2.77131 inf
336 9.50904e-06 1.99816e-05 1.95042e-05 1.79769e+308 2.77131 inf
337 9.3383e-06 2.10302e-05 1.95042e-05 1.79769e+308 2.77131 inf
338 9.52861e-06 2.08567e-05 1.95042e-05 1.79769e+308 2.77131 inf
339 9.82913e-06 2.21295e-05 1.95042e-05 1.79769e+308 2.77131 inf
340 9.67264e-06 2.12269e-05 1.95042e-05 1.79769e+308 2.77131 inf
341 9.76807e-06 2.09424e-05 1.95042e-05 1.79769e+308 2.77131 inf
342 8.9391e-06 1.9756e-05 1.95042e-05 1.79769e+308 2.77131 inf
343 9.66867e-06 2.04167e-05 1.95042e-05 1.79769e+308 2.77131 inf
344 9.13088e-06 2.19101e-05 1.95042e-05 1.79769e+308 2.77131 inf
345 1.0541e-05 1.92425e-05 1.95042e-05 1.79769e+308 2.77131 inf
346 9.14507e-06 1.98253e-05 1.92425e-05 1.79769e+308 2.75265 inf
347 9.28276e-06 2.04104e-05 1.92425e-05 1.79769e+308 2.75265 inf
348 1.97549e-05 2.12577e-05 1.92425e-05 1.79769e+308 2.75265 inf
349 8.27829e-06 2.07519e-05 1.92425e-05 1.79769e+308 2.75265 inf
350 9.34665e-06 2.14129e-05 1.92425e-05 1.79769e+308 2.75265 inf
351 8.95587e-06 2.16956e-05 1.92425e-05 1.79769e+308 2.75265 inf
352 3.98889e-05 2.51032e-05 1.92425e-05 1.79769e+308 2.75265 inf
353 8.13866e-06 2.05057e-05 1.92425e-05 1.79769e+308 2.75265 inf
354 8.96087e-06 2.07066e-05 1.92425e-05 1.79769e+308 2.75265 inf
355 9.53159e-06 2.1654e-05 1.92425e-05 1.79769e+308 2.75265 inf
356 9.16192e-06 2.04242e-05 1.92425e-05 1.79769e+308 2.75265 inf
357 9.06816e-06 1.9989e-05 1.92425e-05 1.79769e+308 2.75265 inf
358 2.67782e-05 2.11364e-05 1.92425e-05 1.79769e+308 2.75265 inf
359 8.04881e-06 2.21313e-05 1.92425e-05 1.79769e+308 2.75265 inf
360 9.22192e-06 2.04397e-05 1.92425e-05 1.79769e+308 2.75265 inf
361 9.09488e-06 2.04197e-05 1.92425e-05 1.79769e+308 2.75265 inf
362 1.34344e-05 2.07697e-05 1.92425e-05 1.79769e+308 2.75265 inf
363 8.72956e-06 2.11678e-05 1.92425e-05 1.79769e+308 2.75265 inf
364 9.30345e-06 2.18762e-05 1.92425e-05 1.79769e+308 2.75265 inf
365 9.0763e-06 1.98412e-05 1.92425e-05 1.79769e+308 2.75265 inf
366 1.58775e-05 2.01042e-05 1.92425e-05 1.79769e+308 2.75265 inf
367 9.00868e-06 4.08948e-05 1.92425e-05 1.79769e+308 2.75265 inf
368 9.14874e-06 2.05392e-05 1.92425e-05 1.79769e+308 2.75265 inf
369 9.10666e-06 1.95304e-05 1.92425e-05 1.79769e+308 2.75265 inf
370 1.55572e-05 1.96684e-05 1.92425e-05 1.79769e+308 2.75265 inf
371 8.79661e-06 4.87865e-05 1.92425e-05 1.79769e+308 2.75265 inf
372 9.28497e-06 2.08067e-05 1.92425e-05 1.79769e+308 2.75265 inf
373 9.16364e-06 1.99426e-05 1.92425e-05 1.79769e+308 2.75265 inf
374 4.23645e-05 2.29779e-05 1.92425e-05 1.79769e+308 2.75265 inf
375 7.84349e-06 2.1282e-05 1.92425e-05 1.79769e+308 2.75265 inf
376 8.89107e-06 2.00928e-05 1.92425e-05 1.79769e+308 2.75265 inf
377 9.0299e-06 2.09357e-05 1.92425e-05 1.79769e+308 2.75265 inf
378 9.40552e-06 2.08504e-05 1.92425e-05 1.79769e+308 2.75265 inf
379 3.91006e-05 2.11115e-05 1.92425e-05 1.79769e+308 2.75265 inf
380 8.05181e-06 2.1526e-05 1.92425e-05 1.79769e+308 2.75265 inf
381 9.25468e-06 2.30953e-05 1.92425e-05 1.79769e+308 2.75265 inf
382 8.70043e-06 2.01466e-05 1.92425e-05 1.79769e+308 2.75265 inf
383 9.57052e-06 1.99908e-05 1.92425e-05 1.79769e+308 2.75265 inf
384 8.92026e-06 2.03668e-05 1.92425e-05 1.79769e+308 2.75265 inf
385 3.19884e-05 2.46852e-05 1.92425e-05 1.79769e+308 2.75265 inf
386 9.5556e-06 2.20165e-05 1.92425e-05 1.79769e+308 2.75265 inf
387 1.03548e-05 2.68992e-05 1.92425e-05 1.79769e+308 2.75265 inf
388 9.59041e-06 2.0258e-05 1.92425e-05 1.79769e+308 2.75265 inf
389 6.31633e-05 2.65005e-05 1.92425e-05 1.79769e+308 2.75265 inf
390 9.64311e-06 2.33225e-05 1.92425e-05 1.79769e+308 2.75265 inf
391 9.33012e-06 2.50286e-05 1.92425e-05 1.79769e+308 2.75265 inf
392 9.60118e-06 2.17072e-05 1.92425e-05 1.79769e+308 2.75265 inf
393 9.264e-06 2.16576e-05 1.92425e-05 1.79769e+308 2.75265 inf
394 9.35039e-06 2.22857e-05 1.92425e-05 1.79769e+308 2.75265 inf
395 1.134e-05 2.0215e-05 1.92425e-05 1.79769e+308 2.75265 inf
396 8.51078e-06 2.01521e-05 1.92425e-05 1.79769e+308 2.75265 inf
397 9.1131e-06 2.10284e-05 1.92425e-05 1.79769e+308 2.75265 inf
398 1.47532e-05 2.0992e-05 1.92425e-05 1.79769e+308 2.75265 inf
399 8.34073e-06 1.95036e-05 1.92425e-05 1.79769e+308 2.75265 inf
400 9.07872e-06 2.05815e-05 1.92425e-05 1.79769e+308 2.75265 inf
401 9.13613e-06 2.02908e-05 1.92425e-05 1.79769e+308 2.75265 inf
402 1.85416e-05 1.97846e-05 1.92425e-05 1.79769e+308 2.75265 inf
403 8.45866e-06 2.05952e-05 1.92425e-05 1.79769e+308 2.75265 inf
404 8.77927e-06 1.94139e-05 1.92425e-05 1.79769e+308 2.75265 inf
405 9.18579e-06 2.01123e-05 1.92425e-05 1.79769e+308 2.75265 inf
406 8.89583e-06 2.03229e-05 1.92425e-05 1.79769e+308 2.75265 inf
407 2.60827e-05 2.11783e-05 1.92425e-05 1.79769e+308 2.75265 inf
408 7.98269e-06 1.99162e-05 1.92425e-05 1.79769e+308 2.75265 inf
409 8.9563e-06 2.03746e-05 1.92425e-05 1.79769e+308 2.75265 inf
410 8.9074e-06 2.15443e-05 1.92425e-05 1.79769e+308 2.75265 inf
411 9.03068e-06 2.0343e-05 1.92425e-05 1.79769e+308 2.75265 inf
412 2.15148e-05 2.00797e-05 1.92425e-05 1.79769e+308 2.75265 inf
413 8.04657e-06 2.41879e-05 1.92425e-05 1.79769e+308 2.75265 inf
414 9.1436e-06 2.02535e-05 1.92425e-05 1.79769e+308 2.75265 inf
415 8.75786e-06 2.0762e-05 1.92425e-05 1.79769e+308 2.75265 inf
416 9.63191e-06 2.05866e-05 1.92425e-05 1.79769e+308 2.75265 inf
417 8.42007e-06 1.92807e-05 1.92425e-05 1.79769e+308 2.75265 inf
418 8.93139e-06 3.2305e-05 1.92425e-05 1.79769e+308 2.75265 inf
419 2.4033e-05 2.03238e-05 1.92425e-05 1.79769e+308 2.75265 inf
420 7.62387e-06 2.06173e-05 1.92425e-05 1.79769e+308 2.75265 inf
421 8.89295e-06 2.00178e-05 1.92425e-05 1.79769e+308 2.75265 inf
422 8.81543e-06 2.02249e-05 1.92425e-05 1.79769e+308 2.75265 inf
423 8.96558e-06 2.01535e-05 1.92425e-05 1.79769e+308 2.75265 inf
424 1.73298e-05 2.01632e-05 1.92425e-05 1.79769e+308 2.75265 inf
425 8.30502e-06 2.19516e-05 1.92425e-05 1.79769e+308 2.75265 inf
426 8.74048e-06 0.000100799 1.92425e-05 1.79769e+308 2.75265 inf
427 9.14573e-06 2.07353e-05 1.92425e-05 1.79769e+308 2.75265 inf
428 8.696e-06 1.99491e-05 1.92425e-05 1.79769e+308 2.75265 inf
429 2.99494e-05 1.99597e-05 1.92425e-05 1.79769e+308 2.75265 inf
430 7.4775e-06 1.9533e-05 1.92425e-05 1.79769e+308 2.75265 inf
431 9.76694e-06 2.07921e-05 1.92425e-05 1.79769e+308 2.75265 inf
432 8.60063e-06 1.97267e-05 1.92425e-05 1.79769e+308 2.75265 inf
433 8.90785e-06 9.15477e-05 1.92425e-05 1.79769e+308 2.75265 inf
434 8.91604e-06 7.99347e-05 1.92425e-05 1.79769e+308 2.75265 inf
435 1.68811e-05 2.03803e-05 1.92425e-05 1.79769e+308 2.75265 inf
436 8.53542e-06 2.00996e-05 1.92425e-05 1.79769e+308 2.75265 inf
437 8.87834e-06 1.979e-05 1.92425e-05 1.79769e+308 2.75265 inf
438 8.88566e-06 2.2109e-05 1.92425e-05 1.79769e+308 2.75265 inf
439 8.65988e-06 1.86989e-05 1.92425e-05 1.79769e+308 2.75265 inf
440 3.33714e-05 2.09033e-05 1.86989e-05 1.79769e+308 2.71349 inf
441 7.92329e-06 2.11304e-05 1.86989e-05 1.79769e+308 2.71349 inf
442 8.74528e-06 2.02738e-05 1.86989e-05 1.79769e+308 2.71349 inf
443 8.58781e-06 1.96776e-05 1.86989e-05 1.79769e+308 2.71349 inf
444 8.81313e-06 1.93121e-05 1.86989e-05 1.79769e+308 2.71349 inf
445 9.86906e-06 1.99883e-05 1.86989e-05 1.79769e+308 2.71349 inf
446 8.90527e-06 2.05859e-05 1.86989e-05 1.79769e+308 2.71349 inf
447 3.44704e-05 4.39112e-05 1.86989e-05 1.79769e+308 2.71349 inf
448 8.82757e-06 2.18664e-05 1.86989e-05 1.79769e+308 2.71349 inf
449 8.10271e-06 2.00478e-05 1.86989e-05 1.79769e+308 2.71349 inf
450 8.44206e-06 2.1053e-05 1.86989e-05 1.79769e+308 2.71349 inf
451 9.24664e-06 3.42324e-05 1.86989e-05 1.79769e+308 2.71349 inf
452 8.59183e-06 1.97336e-05 1.86989e-05 1.79769e+308 2.71349 inf
453 1.40727e-05 1.90053e-05 1.86989e-05 1.79769e+308 2.71349 inf
454 8.36798e-06 2.39695e-05 1.86989e-05 1.79769e+308 2.71349 inf
455 8.68283e-06 1.93166e-05 1.86989e-05 1.79769e+308 2.71349 inf
456 9.12374e-06 2.0022e-05 1.86989e-05 1.79769e+308 2.71349 inf
457 9.3057e-06 2.07125e-05 1.86989e-05 1.79769e+308 2.71349 inf
458 8.32848e-06 2.00362e-05 1.86989e-05 1.79769e+308 2.71349 inf
459 3.90099e-05 2.13931e-05 1.86989e-05 1.79769e+308 2.71349 inf
460 7.6891e-06 2.00553e-05 1.86989e-05 1.79769e+308 2.71349 inf
461 8.40272e-06 1.97021e-05 1.86989e-05 1.79769e+308 2.71349 inf
462 8.60065e-06 2.13135e-05 1.86989e-05 1.79769e+308 2.71349 inf
463 8.77491e-06 1.9108e-05 1.86989e-05 1.79769e+308 2.71349 inf
464 8.7217e-06 1.97694e-05 1.86989e-05 1.79769e+308 2.71349 inf
465 2.20978e-05 2.11305e-05 1.86989e-05 1.79769e+308 2.71349 inf
466 8.10041e-06 2.40361e-05 1.86989e-05 1.79769e+308 2.71349 inf
467 8.59351e-06 1.97892e-05 1.86989e-05 1.79769e+308 2.71349 inf
468 8.42422e-06 1.92229e-05 1.86989e-05 1.79769e+308 2.71349 inf
469 1.26361e-05 2.51607e-05 1.86989e-05 1.79769e+308 2.71349 inf
470 7.36595e-06 1.95648e-05 1.86989e-05 1.79769e+308 2.71349 inf
471 8.51182e-06 2.00913e-05 1.86989e-05 1.79769e+308 2.71349 inf
472 8.69646e-06 2.01295e-05 1.86989e-05 1.79769e+308 2.71349 inf
473 1.12002e-05 1.91039e-05 1.86989e-05 1.79769e+308 2.71349 inf
474 8.64799e-06 2.05518e-05 1.86989e-05 1.79769e+308 2.71349 inf
475 8.69414e-06 1.92537e-05 1.86989e-05 1.79769e+308 2.71349 inf
476 1.41853e-05 1.9845e-05 1.86989e-05 1.79769e+308 2.71349 inf
477 7.7052e-06 1.98606e-05 1.86989e-05 1.79769e+308 2.71349 inf
478 8.67812e-06 2.0555e-05 1.86989e-05 1.79769e+308 2.71349 inf
479 1.43871e-05 1.83841e-05 1.86989e-05 1.79769e+308 2.71349 inf
480 8.087e-06 1.97427e-05 1.83841e-05 1.79769e+308 2.69055 inf
481 8.7065e-06 1.93078e-05 1.83841e-05 1.79769e+308 2.69055 inf
482 8.77877e-06 2.01614e-05 1.83841e-05 1.79769e+308 2.69055 inf
483 2.35946e-05 2.00583e-05 1.83841e-05 1.79769e+308 2.69055 inf
484 8.01709e-06 2.24787e-05 1.83841e-05 1.79769e+308 2.69055 inf
485 8.26165e-06 1.94281e-05 1.83841e-05 1.79769e+308 2.69055 inf
486 9.32323e-06 1.93704e-05 1.83841e-05 1.79769e+308 2.69055 inf
487 8.52751e-06 1.94537e-05 1.83841e-05 1.79769e+308 2.69055 inf
488 8.90939e-06 1.84836e-05 1.83841e-05 1.79769e+308 2.69055 inf
489 1.0985e-05 1.95876e-05 1.83841e-05 1.79769e+308 2.69055 inf
490 8.14031e-06 1.97083e-05 1.83841e-05 1.79769e+308 2.69055 inf
491 8.4913e-06 2.99633e-05 1.83841e-05 1.79769e+308 2.69055 inf
492 1.87153e-05 2.01361e-05 1.83841e-05 1.79769e+308 2.69055 inf
493 8.14638e-06 2.05032e-05 1.83841e-05 1.79769e+308 2.69055 inf
494 8.25607e-06 1.92348e-05 1.83841e-05 1.79769e+308 2.69055 inf
495 8.61813e-06 5.86734e-05 1.83841e-05 1.79769e+308 2.69055 inf
496 5.05789e-05 2.59376e-05 1.83841e-05 1.79769e+308 2.69055 inf
497 8.71602e-06 2.15961e-05 1.83841e-05 1.79769e+308 2.69055 inf
498 9.00401e-06 1.91392e-05 1.83841e-05 1.79769e+308 2.69055 inf
499 8.77284e-06 2.0994e-05 1.83841e-05 1.79769e+308 2.69055 inf
500 8.89799e-06 1.92735e-05 1.83841e-05 1.79769e+308 2.69055 inf
501 8.76402e-06 1.94693e-05 1.83841e-05 1.79769e+308 2.69055 inf
502 1.20521e-05 2.04284e-05 1.83841e-05 1.79769e+308 2.69055 inf
503 8.59274e-06 1.93809e-05 1.83841e-05 1.79769e+308 2.69055 inf
504 8.26353e-06 1.85501e-05 1.83841e-05 1.79769e+308 2.69055 inf
505 3.31093e-05 2.18308e-05 1.83841e-05 1.79769e+308 2.69055 inf
506 7.64126e-06 1.98264e-05 1.83841e-05 1.79769e+308 2.69055 inf
507 8.41137e-06 1.99565e-05 1.83841e-05 1.79769e+308 2.69055 inf
508 8.73144e-06 2.03231e-05 1.83841e-05 1.79769e+308 2.69055 inf
509 8.46727e-06 2.0923e-05 1.83841e-05 1.79769e+308 2.69055 inf
510 8.94984e-06 1.97156e-05 1.83841e-05 1.79769e+308 2.69055 inf
511 8.76695e-06 1.99498e-05 1.83841e-05 1.79769e+308 2.69055 inf
512 8.83907e-06 1.99589e-05 1.83841e-05 1.79769e+308 2.69055 inf
513 8.4808e-06 1.86271e-05 1.83841e-05 1.79769e+308 2.69055 inf
514 1.73142e-05 1.81071e-05 1.83841e-05 1.79769e+308 2.69055 inf
515 7.91093e-06 1.9101e-05 1.81071e-05 1.79769e+308 2.67021 inf
516 8.55005e-06 1.92315e-05 1.81071e-05 1.79769e+308 2.67021 inf
517 8.55314e-06 1.87206e-05 1.81071e-05 1.79769e+308 2.67021 inf
518 8.49779e-06 2.09289e-05 1.81071e-05 1.79769e+308 2.67021 inf
519 9.61642e-06 2.03305e-05 1.81071e-05 1.79769e+308 2.67021 inf
520 8.49113e-06 1.98623e-05 1.81071e-05 1.79769e+308 2.67021 inf
521 8.62065e-06 1.86679e-05 1.81071e-05 1.79769e+308 2.67021 inf
522 2.2233e-05 2.00174e-05 1.81071e-05 1.79769e+308 2.67021 inf
523 7.60883e-06 1.89641e-05 1.81071e-05 1.79769e+308 2.67021 inf
524 8.41229e-06 1.95534e-05 1.81071e-05 1.79769e+308 2.67021 inf
525 8.56341e-06 1.85111e-05 1.81071e-05 1.79769e+308 2.67021 inf
526 8.44581e-06 1.91237e-05 1.81071e-05 1.79769e+308 2.67021 inf
527 9.7065e-06 1.94352e-05 1.81071e-05 1.79769e+308 2.67021 inf
528 8.26851e-06 1.84813e-05 1.81071e-05 1.79769e+308 2.67021 inf
529 9.22738e-06 2.01858e-05 1.81071e-05 1.79769e+308 2.67021 inf
530 8.22123e-06 1.97323e-05 1.81071e-05 1.79769e+308 2.67021 inf
531 1.23511e-05 1.86759e-05 1.81071e-05 1.79769e+308 2.67021 inf
532 8.1364e-06 1.83908e-05 1.81071e-05 1.79769e+308 2.67021 inf
533 8.50843e-06 1.82118e-05 1.81071e-05 1.79769e+308 2.67021 inf
534 8.3494e-06 1.95912e-05 1.81071e-05 1.79769e+308 2.67021 inf
535 2.48342e-05 2.06447e-05 1.81071e-05 1.79769e+308 2.67021 inf
536 7.99081e-06 2.15895e-05 1.81071e-05 1.79769e+308 2.67021 inf
537 8.63112e-06 1.99757e-05 1.81071e-05 1.79769e+308 2.67021 inf
538 8.11739e-06 1.88443e-05 1.81071e-05 1.79769e+308 2.67021 inf
539 8.40767e-06 2.02177e-05 1.81071e-05 1.79769e+308 2.67021 inf
540 4.07353e-05 2.21459e-05 1.81071e-05 1.79769e+308 2.67021 inf
541 7.91641e-06 2.29035e-05 1.81071e-05 1.79769e+308 2.67021 inf
542 8.21277e-06 2.01846e-05 1.81071e-05 1.79769e+308 2.67021 inf
543 8.49431e-06 1.97656e-05 1.81071e-05 1.79769e+308 2.67021 inf
544 8.38309e-06 1.76592e-05 1.81071e-05 1.79769e+308 2.67021 inf
545 3.45135e-05 2.03706e-05 1.76592e-05 1.79769e+308 2.63697 inf
546 8.10024e-06 2.11907e-05 1.76592e-05 1.79769e+308 2.63697 inf
547 7.76679e-06 1.90043e-05 1.76592e-05 1.79769e+308 2.63697 inf
548 8.53164e-06 1.92684e-05 1.76592e-05 1.79769e+308 2.63697 inf
549 8.46763e-06 1.94529e-05 1.76592e-05 1.79769e+308 2.63697 inf
550 8.35435e-06 1.84707e-05 1.76592e-05 1.79769e+308 2.63697 inf
551 1.40798e-05 1.87694e-05 1.76592e-05 1.79769e+308 2.63697 inf
552 8.20408e-06 1.89653e-05 1.76592e-05 1.79769e+308 2.63697 inf
553 8.28612e-06 1.92275e-05 1.76592e-05 1.79769e+308 2.63697 inf
554 1.67232e-05 1.97262e-05 1.76592e-05 1.79769e+308 2.63697 inf
555 7.83759e-06 1.95306e-05 1.76592e-05 1.79769e+308 2.63697 inf
556 8.30952e-06 2.05715e-05 1.76592e-05 1.79769e+308 2.63697 inf
557 8.48681e-06 1.91244e-05 1.76592e-05 1.79769e+308 2.63697 inf
558 2.1182e-05 2.17413e-05 1.76592e-05 1.79769e+308 2.63697 inf
559 7.73547e-06 1.95949e-05 1.76592e-05 1.79769e+308 2.63697 inf
560 8.20983e-06 2.10599e-05 1.76592e-05 1.79769e+308 2.63697 inf
561 8.30967e-06 1.93021e-05 1.76592e-05 1.79769e+308 2.63697 inf
562 1.69236e-05 1.94148e-05 1.76592e-05 1.79769e+308 2.63697 inf
563 7.50612e-06 1.99159e-05 1.76592e-05 1.79769e+308 2.63697 inf
564 8.60857e-06 1.95836e-05 1.76592e-05 1.79769e+308 2.63697 inf
565 8.54538e-06 6.22111e-05 1.76592e-05 1.79769e+308 2.63697 inf
566 3.83614e-05 7.14561e-05 1.76592e-05 1.79769e+308 2.63697 inf
567 9.52516e-06 2.17919e-05 1.76592e-05 1.79769e+308 2.63697 inf
568 8.31786e-06 1.86497e-05 1.76592e-05 1.79769e+308 2.63697 inf
569 8.77428e-06 1.99044e-05 1.76592e-05 1.79769e+308 2.63697 inf
570 8.61211e-06 1.98202e-05 1.76592e-05 1.79769e+308 2.63697 inf
571 8.3577e-06 2.23568e-05 1.76592e-05 1.79769e+308 2.63697 inf
572 3.27724e-05 2.18803e-05 1.76592e-05 1.79769e+308 2.63697 inf
573 8.00597e-06 2.04735e-05 1.76592e-05 1.79769e+308 2.63697 inf
574 1.00116e-05 2.33838e-05 1.76592e-05 1.79769e+308 2.63697 inf
575 7.79457e-06 2.04301e-05 1.76592e-05 1.79769e+308 2.63697 inf
576 8.23119e-06 1.95802e-05 1.76592e-05 1.79769e+308 2.63697 inf
577 8.92164e-06 1.9527e-05 1.76592e-05 1.79769e+308 2.63697 inf
578 8.32031e-06 1.90268e-05 1.76592e-05 1.79769e+308 2.63697 inf
579 2.57913e-05 2.04773e-05 1.76592e-05 1.79769e+308 2.63697 inf
580 7.87978e-06 1.9492e-05 1.76592e-05 1.79769e+308 2.63697 inf
581 8.35462e-06 1.81227e-05 1.76592e-05 1.79769e+308 2.63697 inf
582 8.233e-06 2.25131e-05 1.76592e-05 1.79769e+308 2.63697 inf
583 3.47084e-05 2.09737e-05 1.76592e-05 1.79769e+308 2.63697 inf
584 7.5308e-06 1.92251e-05 1.76592e-05 1.79769e+308 2.63697 inf
585 8.17134e-06 1.9459e-05 1.76592e-05 1.79769e+308 2.63697 inf
586 8.49079e-06 1.89909e-05 1.76592e-05 1.79769e+308 2.63697 inf
587 8.61743e-06 2.6846e-05 1.76592e-05 1.79769e+308 2.63697 inf
588 1.39151e-05 1.91965e-05 1.76592e-05 1.79769e+308 2.63697 inf
589 8.04839e-06 2.11415e-05 1.76592e-05 1.79769e+308 2.63697 inf
590 8.28653e-06 1.95647e-05 1.76592e-05 1.79769e+308 2.63697 inf
591 8.38357e-06 2.06339e-05 1.76592e-05 1.79769e+308 2.63697 inf
592 9.20968e-06 1.96099e-05 1.76592e-05 1.79769e+308 2.63697 inf
593 8.3359e-06 1.86677e-05 1.76592e-05 1.79769e+308 2.63697 inf
594 9.02261e-06 1.97138e-05 1.76592e-05 1.79769e+308 2.63697 inf
595 8.17015e-06 1.9244e-05 1.76592e-05 1.79769e+308 2.63697 inf
596 8.653e-06 1.78077e-05 1.76592e-05 1.79769e+308 2.63697 inf
597 9.51583e-06 1.90031e-05 1.76592e-05 1.79769e+308 2.63697 inf
598 8.12506e-06 1.92848e-05 1.76592e-05 1.79769e+308 2.63697 inf
599 9.3571e-06 1.84147e-05 1.76592e-05 1.79769e+308 2.63697 inf
600 8.24863e-06 1.86084e-05 1.76592e-05 1.79769e+308 2.63697 inf
601 9.38014e-06 1.8814e-05 1.76592e-05 1.79769e+308 2.63697 inf
602 7.97736e-06 5.14519e-05 1.76592e-05 1.79769e+308 2.63697 inf
603 1.11518e-05 1.94817e-05 1.76592e-05 1.79769e+308 2.63697 inf
604 7.92502e-06 1.87018e-05 1.76592e-05 1.79769e+308 2.63697 inf
605 1.02205e-05 1.97296e-05 1.76592e-05 1.79769e+308 2.63697 inf
606 8.5585e-06 1.95017e-05 1.76592e-05 1.79769e+308 2.63697 inf
607 8.42743e-06 1.90557e-05 1.76592e-05 1.79769e+308 2.63697 inf
608 8.56888e-06 1.92893e-05 1.76592e-05 1.79769e+308 2.63697 inf
609 8.37829e-06 2.04409e-05 1.76592e-05 1.79769e+308 2.63697 inf
610 9.05559e-06 1.96809e-05 1.76592e-05 1.79769e+308 2.63697 inf
611 8.32116e-06 1.84678e-05 1.76592e-05 1.79769e+308 2.63697 inf
612 8.37724e-06 1.82947e-05 1.76592e-05 1.79769e+308 2.63697 inf
613 1.16976e-05 2.06344e-05 1.76592e-05 1.79769e+308 2.63697 inf
614 7.45949e-06 1.9032e-05 1.76592e-05 1.79769e+308 2.63697 inf
615 8.10647e-06 1.82562e-05 1.76592e-05 1.79769e+308 2.63697 inf
616 1.66965e-05 2.0308e-05 1.76592e-05 1.79769e+308 2.63697 inf
617 7.50634e-06 1.86052e-05 1.76592e-05 1.79769e+308 2.63697 inf
618 8.43492e-06 1.87518e-05 1.76592e-05 1.79769e+308 2.63697 inf
619 8.2776e-06 2.02825e-05 1.76592e-05 1.79769e+308 2.63697 inf
620 1.15256e-05 1.917e-05 1.76592e-05 1.79769e+308 2.63697 inf
621 7.85836e-06 1.94597e-05 1.76592e-05 1.79769e+308 2.63697 inf
622 8.44884e-06 1.89365e-05 1.76592e-05 1.79769e+308 2.63697 inf
623 8.36611e-06 1.94714e-05 1.76592e-05 1.79769e+308 2.63697 inf
624 8.26618e-06 2.00234e-05 1.76592e-05 1.79769e+308 2.63697 inf
625 8.22102e-06 1.84296e-05 1.76592e-05 1.79769e+308 2.63697 inf
626 8.33593e-06 1.88483e-05 1.76592e-05 1.79769e+308 2.63697 inf
627 8.59801e-06 1.86533e-05 1.76592e-05 1.79769e+308 2.63697 inf
628 8.18184e-06 2.04797e-05 1.76592e-05 1.79769e+308 2.63697 inf
629 1.18566e-05 3.13142e-05 1.76592e-05 1.79769e+308 2.63697 inf
630 6.77506e-06 1.81259e-05 1.76592e-05 1.79769e+308 2.63697 inf
631 7.82808e-06 1.78856e-05 1.76592e-05 1.79769e+308 2.63697 inf
632 1.32286e-05 1.93304e-05 1.76592e-05 1.79769e+308 2.63697 inf
633 7.99882e-06 1.98866e-05 1.76592e-05 1.79769e+308 2.63697 inf
634 8.48479e-06 1.91994e-05 1.76592e-05 1.79769e+308 2.63697 inf
635 7.94533e-06 2.05542e-05 1.76592e-05 1.79769e+308 2.63697 inf
636 8.85192e-06 1.83574e-05 1.76592e-05 1.79769e+308 2.63697 inf
637 8.14771e-06 1.89567e-05 1.76592e-05 1.79769e+308 2.63697 inf
638 3.00404e-05 2.04084e-05 1.76592e-05 1.79769e+308 2.63697 inf
639 7.5285e-06 1.98819e-05 1.76592e-05 1.79769e+308 2.63697 inf
640 7.85569e-06 1.84405e-05 1.76592e-05 1.79769e+308 2.63697 inf
641 7.96013e-06 1.87867e-05 1.76592e-05 1.79769e+308 2.63697 inf
642 8.29778e-06 1.79649e-05 1.76592e-05 1.79769e+308 2.63697 inf
643 1.15692e-05 1.92326e-05 1.76592e-05 1.79769e+308 2.63697 inf
644 7.75858e-06 1.86583e-05 1.76592e-05 1.79769e+308 2.63697 inf
645 6.15671e-06 1.78374e-05 1.76592e-05 1.79769e+308 2.63697 inf
646 6.54962e-06 1.81703e-05 1.76592e-05 1.79769e+308 2.63697 inf
647 6.37246e-06 1.79999e-05 1.76592e-05 1.79769e+308 2.63697 inf
648 6.61691e-06 1.91906e-05 1.76592e-05 1.79769e+308 2.63697 inf
649 6.55767e-06 1.94941e-05 1.76592e-05 1.79769e+308 2.63697 inf
650 6.30526e-06 1.78183e-05 1.76592e-05 1.79769e+308 2.63697 inf
651 6.59434e-06 1.80481e-05 1.76592e-05 1.79769e+308 2.63697 inf
652 6.37834e-06 1.9998e-05 1.76592e-05 1.79769e+308 2.63697 inf
653 6.41272e-06 1.77932e-05 1.76592e-05 1.79769e+308 2.63697 inf
654 6.37614e-06 3.02973e-05 1.76592e-05 1.79769e+308 2.63697 inf
655 6.40315e-06 1.73942e-05 1.76592e-05 1.79769e+308 2.63697 inf
656 6.48799e-06 1.73758e-05 1.73942e-05 1.79769e+308 2.61711 inf
657 6.35292e-06 1.7863e-05 1.73758e-05 1.79769e+308 2.61573 inf
658 6.50057e-06 1.86845e-05 1.73758e-05 1.79769e+308 2.61573 inf
659 6.36903e-06 1.76128e-05 1.73758e-05 1.79769e+308 2.61573 inf
660 6.38135e-06 1.72722e-05 1.73758e-05 1.79769e+308 2.61573 inf
661 6.40251e-06 1.79692e-05 1.72722e-05 1.79769e+308 2.60792 inf
662 6.48734e-06 1.70767e-05 1.72722e-05 1.79769e+308 2.60792 inf
663 6.32269e-06 1.76591e-05 1.70767e-05 1.79769e+308 2.59312 inf
664 6.50946e-06 1.989e-05 1.70767e-05 1.79769e+308 2.59312 inf
665 6.34931e-06 1.8642e-05 1.70767e-05 1.79769e+308 2.59312 inf
666 6.4046e-06 2.00443e-05 1.70767e-05 1.79769e+308 2.59312 inf
667 6.3801e-06 1.78536e-05 1.70767e-05 1.79769e+308 2.59312 inf
668 6.36424e-06 1.99857e-05 1.70767e-05 1.79769e+308 2.59312 inf
669 6.44199e-06 1.79758e-05 1.70767e-05 1.79769e+308 2.59312 inf
670 6.3963e-06 1.78966e-05 1.70767e-05 1.79769e+308 2.59312 inf
671 6.46844e-06 1.69963e-05 1.70767e-05 1.79769e+308 2.59312 inf
672 6.4467e-06 1.8264e-05 1.69963e-05 1.79769e+308 2.58701 inf
673 6.34399e-06 1.75981e-05 1.69963e-05 1.79769e+308 2.58701 inf
674 6.5108e-06 1.81872e-05 1.69963e-05 1.79769e+308 2.58701 inf
675 6.27411e-06 1.78134e-05 1.69963e-05 1.79769e+308 2.58701 inf
676 6.40852e-06 1.79209e-05 1.69963e-05 1.79769e+308 2.58701 inf
677 6.38083e-06 2.06364e-05 1.69963e-05 1.79769e+308 2.58701 inf
678 6.34675e-06 1.73367e-05 1.69963e-05 1.79769e+308 2.58701 inf
679 7.52129e-06 1.86023e-05 1.69963e-05 1.79769e+308 2.58701 inf
680 5.87869e-06 1.71542e-05 1.69963e-05 1.79769e+308 2.58701 inf
681 6.30021e-06 1.81899e-05 1.69963e-05 1.79769e+308 2.58701 inf
682 6.6132e-06 1.79581e-05 1.69963e-05 1.79769e+308 2.58701 inf
683 6.22406e-06 1.82499e-05 1.69963e-05 1.79769e+308 2.58701 inf
684 6.30132e-06 1.94239e-05 1.69963e-05 1.79769e+308 2.58701 inf
685 6.45305e-06 1.80301e-05 1.69963e-05 1.79769e+308 2.58701 inf
686 6.40504e-06 1.79466e-05 1.69963e-05 1.79769e+308 2.58701 inf
687 6.36895e-06 1.74929e-05 1.69963e-05 1.79769e+308 2.58701 inf
688 6.45874e-06 1.87171e-05 1.69963e-05 1.79769e+308 2.58701 inf
689 6.38843e-06 1.69645e-05 1.69963e-05 1.79769e+308 2.58701 inf
690 6.4447e-06 1.76053e-05 1.69645e-05 1.79769e+308 2.58458 inf
691 6.33871e-06 1.7748e-05 1.69645e-05 1.79769e+308 2.58458 inf
692 6.3518e-06 1.82832e-05 1.69645e-05 1.79769e+308 2.58458 inf
693 6.55206e-06 1.76851e-05 1.69645e-05 1.79769e+308 2.58458 inf
694 6.42207e-06 1.668e-05 1.69645e-05 1.79769e+308 2.58458 inf
695 6.35812e-06 1.62982e-05 1.668e-05 1.79769e+308 2.56282 inf
696 6.34024e-06 1.81798e-05 1.62982e-05 1.79769e+308 2.53332 inf
697 6.82908e-06 1.7293e-05 1.62982e-05 1.79769e+308 2.53332 inf
698 6.19582e-06 1.96019e-05 1.62982e-05 1.79769e+308 2.53332 inf
699 6.34063e-06 1.8166e-05 1.62982e-05 1.79769e+308 2.53332 inf
700 6.356e-06 1.82279e-05 1.62982e-05 1.79769e+308 2.53332 inf
701 6.39187e-06 1.83934e-05 1.62982e-05 1.79769e+308 2.53332 inf
702 6.4595e-06 1.85663e-05 1.62982e-05 1.79769e+308 2.53332 inf
703 6.25777e-06 1.67666e-05 1.62982e-05 1.79769e+308 2.53332 inf
704 6.38943e-06 1.63093e-05 1.62982e-05 1.79769e+308 2.53332 inf
705 6.46133e-06 1.83266e-05 1.62982e-05 1.79769e+308 2.53332 inf
706 6.53374e-06 1.87508e-05 1.62982e-05 1.79769e+308 2.53332 inf
707 6.23411e-06 1.66165e-05 1.62982e-05 1.79769e+308 2.53332 inf
708 6.44921e-06 1.69757e-05 1.62982e-05 1.79769e+308 2.53332 inf
709 6.32573e-06 1.73496e-05 1.62982e-05 1.79769e+308 2.53332 inf
710 6.33966e-06 1.77702e-05 1.62982e-05 1.79769e+308 2.53332 inf
711 6.4235e-06 1.89008e-05 1.62982e-05 1.79769e+308 2.53332 inf
712 6.39366e-06 1.9497e-05 1.62982e-05 1.79769e+308 2.53332 inf
713 6.3165e-06 1.7882e-05 1.62982e-05 1.79769e+308 2.53332 inf
714 6.39396e-06 1.65606e-05 1.62982e-05 1.79769e+308 2.53332 inf
715 6.30063e-06 1.66581e-05 1.62982e-05 1.79769e+308 2.53332 inf
716 6.41532e-06 1.72114e-05 1.62982e-05 1.79769e+308 2.53332 inf
717 6.39438e-06 1.74934e-05 1.62982e-05 1.79769e+308 2.53332 inf
718 6.41321e-06 1.71507e-05 1.62982e-05 1.79769e+308 2.53332 inf
719 6.29806e-06 1.84105e-05 1.62982e-05 1.79769e+308 2.53332 inf
720 6.48734e-06 1.84668e-05 1.62982e-05 1.79769e+308 2.53332 inf
721 6.34195e-06 1.73949e-05 1.62982e-05 1.79769e+308 2.53332 inf
722 6.39682e-06 1.9683e-05 1.62982e-05 1.79769e+308 2.53332 inf
723 6.34019e-06 1.73846e-05 1.62982e-05 1.79769e+308 2.53332 inf
724 6.35402e-06 1.76011e-05 1.62982e-05 1.79769e+308 2.53332 inf
725 6.45101e-06 1.73097e-05 1.62982e-05 1.79769e+308 2.53332 inf
726 6.3485e-06 1.74038e-05 1.62982e-05 1.79769e+308 2.53332 inf
727 6.44025e-06 1.78099e-05 1.62982e-05 1.79769e+308 2.53332 inf
728 6.36783e-06 1.80352e-05 1.62982e-05 1.79769e+308 2.53332 inf
729 6.36574e-06 1.72679e-05 1.62982e-05 1.79769e+308 2.53332 inf
730 6.50734e-06 1.83947e-05 1.62982e-05 1.79769e+308 2.53332 inf
731 6.24223e-06 1.8987e-05 1.62982e-05 1.79769e+308 2.53332 inf
732 6.61471e-06 1.81023e-05 1.62982e-05 1.79769e+308 2.53332 inf
733 6.27776e-06 1.77564e-05 1.62982e-05 1.79769e+308 2.53332 inf
734 6.31604e-06 1.72484e-05 1.62982e-05 1.79769e+308 2.53332 inf
735 6.32601e-06 1.82531e-05 1.62982e-05 1.79769e+308 2.53332 inf
736 6.45247e-06 1.93069e-05 1.62982e-05 1.79769e+308 2.53332 inf
737 6.30584e-06 1.82987e-05 1.62982e-05 1.79769e+308 2.53332 inf
738 6.42221e-06 1.71118e-05 1.62982e-05 1.79769e+308 2.53332 inf
739 6.30098e-06 1.78384e-05 1.62982e-05 1.79769e+308 2.53332 inf
740 6.36885e-06 1.7388e-05 1.62982e-05 1.79769e+308 2.53332 inf
741 6.35866e-06 1.63952e-05 1.62982e-05 1.79769e+308 2.53332 inf
742 6.40813e-06 1.66054e-05 1.62982e-05 1.79769e+308 2.53332 inf
743 6.39156e-06 1.66605e-05 1.62982e-05 1.79769e+308 2.53332 inf
744 6.32428e-06 1.65573e-05 1.62982e-05 1.79769e+308 2.53332 inf
745 6.44096e-06 1.84737e-05 1.62982e-05 1.79769e+308 2.53332 inf
746 6.25801e-06 1.75453e-05 1.62982e-05 1.79769e+308 2.53332 inf
747 6.53493e-06 1.71019e-05 1.62982e-05 1.79769e+308 2.53332 inf
748 6.25757e-06 1.73956e-05 1.62982e-05 1.79769e+308 2.53332 inf
749 6.32283e-06 1.75621e-05 1.62982e-05 1.79769e+308 2.53332 inf
750 6.31647e-06 1.93842e-05 1.62982e-05 1.79769e+308 2.53332 inf
751 6.36272e-06 1.7051e-05 1.62982e-05 1.79769e+308 2.53332 inf
752 6.39859e-06 2.79188e-05 1.62982e-05 1.79769e+308 2.53332 inf
753 6.1966e-06 1.74425e-05 1.62982e-05 1.79769e+308 2.53332 inf
754 6.42093e-06 1.69873e-05 1.62982e-05 1.79769e+308 2.53332 inf
755 6.44765e-06 1.82233e-05 1.62982e-05 1.79769e+308 2.53332 inf
756 6.2132e-06 3.11005e-05 1.62982e-05 1.79769e+308 2.53332 inf
757 6.42502e-06 1.72875e-05 1.62982e-05 1.79769e+308 2.53332 inf
758 6.22738e-06 1.71226e-05 1.62982e-05 1.79769e+308 2.53332 inf
759 6.41095e-06 1.99561e-05 1.62982e-05 1.79769e+308 2.53332 inf
760 6.30985e-06 1.74427e-05 1.62982e-05 1.79769e+308 2.53332 inf
761 6.3289e-06 1.78439e-05 1.62982e-05 1.79769e+308 2.53332 inf
762 6.26139e-06 1.75208e-05 1.62982e-05 1.79769e+308 2.53332 inf
763 6.52405e-06 1.83953e-05 1.62982e-05 1.79769e+308 2.53332 inf
764 6.16183e-06 1.73131e-05 1.62982e-05 1.79769e+308 2.53332 inf
765 6.8403e-06 1.79078e-05 1.62982e-05 1.79769e+308 2.53332 inf
766 6.33306e-06 1.84284e-05 1.62982e-05 1.79769e+308 2.53332 inf
767 6.3388e-06 1.67875e-05 1.62982e-05 1.79769e+308 2.53332 inf
768 6.26243e-06 1.64671e-05 1.62982e-05 1.79769e+308 2.53332 inf
769 6.43943e-06 1.80054e-05 1.62982e-05 1.79769e+308 2.53332 inf
770 6.34331e-06 1.71518e-05 1.62982e-05 1.79769e+308 2.53332 inf
771 6.42751e-06 1.73851e-05 1.62982e-05 1.79769e+308 2.53332 inf
772 6.34818e-06 2.41293e-05 1.62982e-05 1.79769e+308 2.53332 inf
773 6.22554e-06 1.86125e-05 1.62982e-05 1.79769e+308 2.53332 inf
774 6.27506e-06 1.76256e-05 1.62982e-05 1.79769e+308 2.53332 inf
775 6.40757e-06 1.76411e-05 1.62982e-05 1.79769e+308 2.53332 inf
776 6.24731e-06 1.67311e-05 1.62982e-05 1.79769e+308 2.53332 inf
777 6.37445e-06 1.71337e-05 1.62982e-05 1.79769e+308 2.53332 inf
778 6.29568e-06 1.76762e-05 1.62982e-05 1.79769e+308 2.53332 inf
779 6.41718e-06 1.7601e-05 1.62982e-05 1.79769e+308 2.53332 inf
780 6.25097e-06 1.7299e-05 1.62982e-05 1.79769e+308 2.53332 inf
781 6.30576e-06 1.73356e-05 1.62982e-05 1.79769e+308 2.53332 inf
782 6.26622e-06 1.77909e-05 1.62982e-05 1.79769e+308 2.53332 inf
783 6.43623e-06 1.85185e-05 1.62982e-05 1.79769e+308 2.53332 inf
784 6.2273e-06 1.70033e-05 1.62982e-05 1.79769e+308 2.53332 inf
785 6.50042e-06 1.64891e-05 1.62982e-05 1.79769e+308 2.53332 inf
786 6.11369e-06 1.81255e-05 1.62982e-05 1.79769e+308 2.53332 inf
787 6.33879e-06 1.78707e-05 1.62982e-05 1.79769e+308 2.53332 inf
788 6.32891e-06 1.78235e-05 1.62982e-05 1.79769e+308 2.53332 inf
789 6.33443e-06 1.68346e-05 1.62982e-05 1.79769e+308 2.53332 inf
790 6.32227e-06 1.74934e-05 1.62982e-05 1.79769e+308 2.53332 inf
791 6.468e-06 1.71395e-05 1.62982e-05 1.79769e+308 2.53332 inf
792 6.21759e-06 1.69296e-05 1.62982e-05 1.79769e+308 2.53332 inf
793 6.2333e-06 1.65139e-05 1.62982e-05 1.79769e+308 2.53332 inf
794 6.28489e-06 1.71664e-05 1.62982e-05 1.79769e+308 2.53332 inf
795 6.32616e-06 1.74523e-05 1.62982e-05 1.79769e+308 2.53332 inf
796 5.53031e-06 1.68031e-05 1.62982e-05 1.79769e+308 2.53332 inf
797 5.61964e-06 1.69953e-05 1.62982e-05 1.79769e+308 2.53332 inf
798 5.66013e-06 1.78215e-05 1.62982e-05 1.79769e+308 2.53332 inf
799 5.64649e-06 1.70989e-05 1.62982e-05 1.79769e+308 2.53332 inf
800 5.62773e-06 1.69782e-05 1.62982e-05 1.79769e+308 2.53332 inf
801 5.62e-06 1.7286e-05 1.62982e-05 1.79769e+308 2.53332 inf
802 5.667e-06 1.62794e-05 1.62982e-05 1.79769e+308 2.53332 inf
803 5.62845e-06 1.74059e-05 1.62794e-05 1.79769e+308 2.53186 inf
804 5.61729e-06 1.67987e-05 1.62794e-05 1.79769e+308 2.53186 inf
805 5.6649e-06 1.79869e-05 1.62794e-05 1.79769e+308 2.53186 inf
806 5.63958e-06 1.65612e-05 1.62794e-05 1.79769e+308 2.53186 inf
807 5.63985e-06 1.66501e-05 1.62794e-05 1.79769e+308 2.53186 inf
808 5.65352e-06 1.67697e-05 1.62794e-05 1.79769e+308 2.53186 inf
809 5.60869e-06 1.75403e-05 1.62794e-05 1.79769e+308 2.53186 inf
810 5.65858e-06 1.6557e-05 1.62794e-05 1.79769e+308 2.53186 inf
811 5.66417e-06 1.67344e-05 1.62794e-05 1.79769e+308 2.53186 inf
812 5.67552e-06 1.67101e-05 1.62794e-05 1.79769e+308 2.53186 inf
813 5.66026e-06 1.88533e-05 1.62794e-05 1.79769e+308 2.53186 inf
814 5.67365e-06 1.79747e-05 1.62794e-05 1.79769e+308 2.53186 inf
815 5.66425e-06 1.73128e-05 1.62794e-05 1.79769e+308 2.53186 inf
816 5.68793e-06 1.82593e-05 1.62794e-05 1.79769e+308 2.53186 inf
817 5.62471e-06 1.61856e-05 1.62794e-05 1.79769e+308 2.53186 inf
818 5.68201e-06 1.95173e-05 1.61856e-05 1.79769e+308 2.52455 inf
819 5.6872e-06 1.70407e-05 1.61856e-05 1.79769e+308 2.52455 inf
820 5.68158e-06 1.7582e-05 1.61856e-05 1.79769e+308 2.52455 inf
821 5.64682e-06 1.70031e-05 1.61856e-05 1.79769e+308 2.52455 inf
822 5.68671e-06 1.75111e-05 1.61856e-05 1.79769e+308 2.52455 inf
823 5.68769e-06 1.6437e-05 1.61856e-05 1.79769e+308 2.52455 inf
824 5.6869e-06 1.71682e-05 1.61856e-05 1.79769e+308 2.52455 inf
825 5.70031e-06 1.66824e-05 1.61856e-05 1.79769e+308 2.52455 inf
826 5.67994e-06 1.94689e-05 1.61856e-05 1.79769e+308 2.52455 inf
827 5.7027e-06 1.83401e-05 1.61856e-05 1.79769e+308 2.52455 inf
828 5.68222e-06 1.70295e-05 1.61856e-05 1.79769e+308 2.52455 inf
829 5.64192e-06 1.88733e-05 1.61856e-05 1.79769e+308 2.52455 inf
830 5.6952e-06 1.78379e-05 1.61856e-05 1.79769e+308 2.52455 inf
831 5.7195e-06 1.7201e-05 1.61856e-05 1.79769e+308 2.52455 inf
832 5.6704e-06 2.04463e-05 1.61856e-05 1.79769e+308 2.52455 inf
833 5.70617e-06 1.94056e-05 1.61856e-05 1.79769e+308 2.52455 inf
834 5.66735e-06 2.09948e-05 1.61856e-05 1.79769e+308 2.52455 inf
835 5.72204e-06 1.76878e-05 1.61856e-05 1.79769e+308 2.52455 inf
836 5.68147e-06 1.61819e-05 1.61856e-05 1.79769e+308 2.52455 inf
837 5.68025e-06 1.73987e-05 1.61819e-05 1.79769e+308 2.52427 inf
838 5.70387e-06 1.72381e-05 1.61819e-05 1.79769e+308 2.52427 inf
839 5.73901e-06 1.65127e-05 1.61819e-05 1.79769e+308 2.52427 inf
840 5.62389e-06 1.76854e-05 1.61819e-05 1.79769e+308 2.52427 inf
841 5.7212e-06 1.7115e-05 1.61819e-05 1.79769e+308 2.52427 inf
842 5.6513e-06 1.67175e-05 1.61819e-05 1.79769e+308 2.52427 inf
843 5.74159e-06 1.77361e-05 1.61819e-05 1.79769e+308 2.52427 inf
844 5.69573e-06 1.66709e-05 1.61819e-05 1.79769e+308 2.52427 inf
845 5.73542e-06 1.66333e-05 1.61819e-05 1.79769e+308 2.52427 inf
846 5.69798e-06 1.6799e-05 1.61819e-05 1.79769e+308 2.52427 inf
847 5.70363e-06 1.76084e-05 1.61819e-05 1.79769e+308 2.52427 inf
848 5.71829e-06 1.7054e-05 1.61819e-05 1.79769e+308 2.52427 inf
849 5.67486e-06 1.71567e-05 1.61819e-05 1.79769e+308 2.52427 inf
850 5.73866e-06 1.699e-05 1.61819e-05 1.79769e+308 2.52427 inf
851 5.7726e-06 1.78883e-05 1.61819e-05 1.79769e+308 2.52427 inf
852 5.70647e-06 1.64152e-05 1.61819e-05 1.79769e+308 2.52427 inf
853 5.71423e-06 1.71707e-05 1.61819e-05 1.79769e+308 2.52427 inf
854 5.69611e-06 1.76719e-05 1.61819e-05 1.79769e+308 2.52427 inf
855 5.768e-06 1.68852e-05 1.61819e-05 1.79769e+308 2.52427 inf
856 5.68979e-06 1.63991e-05 1.61819e-05 1.79769e+308 2.52427 inf
857 5.7092e-06 1.82781e-05 1.61819e-05 1.79769e+308 2.52427 inf
858 5.70635e-06 1.767e-05 1.61819e-05 1.79769e+308 2.52427 inf
859 5.78657e-06 1.64425e-05 1.61819e-05 1.79769e+308 2.52427 inf
860 5.70431e-06 1.65572e-05 1.61819e-05 1.79769e+308 2.52427 inf
861 5.72538e-06 1.71108e-05 1.61819e-05 1.79769e+308 2.52427 inf
862 5.72926e-06 1.68926e-05 1.61819e-05 1.79769e+308 2.52427 inf
863 5.68267e-06 1.68381e-05 1.61819e-05 1.79769e+308 2.52427 inf
864 5.72703e-06 1.65325e-05 1.61819e-05 1.79769e+308 2.52427 inf
865 5.69342e-06 1.67774e-05 1.61819e-05 1.79769e+308 2.52427 inf
866 5.71401e-06 1.68671e-05 1.61819e-05 1.79769e+308 2.52427 inf
867 5.764e-06 1.93713e-05 1.61819e-05 1.79769e+308 2.52427 inf
868 5.73924e-06 1.68219e-05 1.61819e-05 1.79769e+308 2.52427 inf
869 5.65943e-06 1.624e-05 1.61819e-05 1.79769e+308 2.52427 inf
870 5.77316e-06 1.69263e-05 1.61819e-05 1.79769e+308 2.52427 inf
871 5.65153e-06 1.61228e-05 1.61819e-05 1.79769e+308 2.52427 inf
872 5.74174e-06 1.85492e-05 1.61228e-05 1.79769e+308 2.51966 inf
873 5.73857e-06 1.7724e-05 1.61228e-05 1.79769e+308 2.51966 inf
874 5.73278e-06 1.58688e-05 1.61228e-05 1.79769e+308 2.51966 inf
875 5.74905e-06 1.70123e-05 1.58688e-05 1.79769e+308 2.49973 inf
876 5.70316e-06 1.72474e-05 1.58688e-05 1.79769e+308 2.49973 inf
877 5.76326e-06 1.84272e-05 1.58688e-05 1.79769e+308 2.49973 inf
878 5.72408e-06 1.63787e-05 1.58688e-05 1.79769e+308 2.49973 inf
879 5.74454e-06 1.79265e-05 1.58688e-05 1.79769e+308 2.49973 inf
880 5.71497e-06 1.69187e-05 1.58688e-05 1.79769e+308 2.49973 inf
881 5.74114e-06 1.63076e-05 1.58688e-05 1.79769e+308 2.49973 inf
882 5.67565e-06 1.82191e-05 1.58688e-05 1.79769e+308 2.49973 inf
883 5.74415e-06 1.71743e-05 1.58688e-05 1.79769e+308 2.49973 inf
884 5.73454e-06 1.67236e-05 1.58688e-05 1.79769e+308 2.49973 inf
885 5.75712e-06 2.1315e-05 1.58688e-05 1.79769e+308 2.49973 inf
886 5.69713e-06 1.69507e-05 1.58688e-05 1.79769e+308 2.49973 inf
887 5.76815e-06 1.86407e-05 1.58688e-05 1.79769e+308 2.49973 inf
888 5.69099e-06 1.82553e-05 1.58688e-05 1.79769e+308 2.49973 inf
889 5.76244e-06 1.64408e-05 1.58688e-05 1.79769e+308 2.49973 inf
890 5.71208e-06 1.75938e-05 1.58688e-05 1.79769e+308 2.49973 inf
891 5.77081e-06 1.69918e-05 1.58688e-05 1.79769e+308 2.49973 inf
892 5.75599e-06 1.64463e-05 1.58688e-05 1.79769e+308 2.49973 inf
893 5.71514e-06 1.66425e-05 1.58688e-05 1.79769e+308 2.49973 inf
894 5.74738e-06 1.64041e-05 1.58688e-05 1.79769e+308 2.49973 inf
895 5.72226e-06 1.70711e-05 1.58688e-05 1.79769e+308 2.49973 inf
896 5.7551e-06 1.67674e-05 1.58688e-05 1.79769e+308 2.49973 inf
897 5.72695e-06 1.7158e-05 1.58688e-05 1.79769e+308 2.49973 inf
898 5.75285e-06 1.79573e-05 1.58688e-05 1.79769e+308 2.49973 inf
899 5.73494e-06 1.66049e-05 1.58688e-05 1.79769e+308 2.49973 inf
900 5.74277e-06 1.86975e-05 1.58688e-05 1.79769e+308 2.49973 inf
901 5.72365e-06 1.82306e-05 1.58688e-05 1.79769e+308 2.49973 inf
902 5.74342e-06 1.70681e-05 1.58688e-05 1.79769e+308 2.49973 inf
903 5.76887e-06 1.65529e-05 1.58688e-05 1.79769e+308 2.49973 inf
904 5.68948e-06 1.66161e-05 1.58688e-05 1.79769e+308 2.49973 inf
905 5.79045e-06 1.78886e-05 1.58688e-05 1.79769e+308 2.49973 inf
906 5.79137e-06 1.71072e-05 1.58688e-05 1.79769e+308 2.49973 inf
907 5.69752e-06 1.68512e-05 1.58688e-05 1.79769e+308 2.49973 inf
908 5.67512e-06 1.92246e-05 1.58688e-05 1.79769e+308 2.49973 inf
909 5.79928e-06 1.76208e-05 1.58688e-05 1.79769e+308 2.49973 inf
910 5.76086e-06 1.74985e-05 1.58688e-05 1.79769e+308 2.49973 inf
911 5.72239e-06 1.7103e-05 1.58688e-05 1.79769e+308 2.49973 inf
912 5.78924e-06 1.73273e-05 1.58688e-05 1.79769e+308 2.49973 inf
913 5.71083e-06 1.82239e-05 1.58688e-05 1.79769e+308 2.49973 inf
914 5.69759e-06 1.79181e-05 1.58688e-05 1.79769e+308 2.49973 inf
915 5.70883e-06 1.76782e-05 1.58688e-05 1.79769e+308 2.49973 inf
916 5.87679e-06 1.72537e-05 1.58688e-05 1.79769e+308 2.49973 inf
917 5.64195e-06 1.75571e-05 1.58688e-05 1.79769e+308 2.49973 inf
918 5.70778e-06 1.74822e-05 1.58688e-05 1.79769e+308 2.49973 inf
919 5.78199e-06 1.68057e-05 1.58688e-05 1.79769e+308 2.49973 inf
920 5.7246e-06 1.74697e-05 1.58688e-05 1.79769e+308 2.49973 inf
921 5.75626e-06 1.71629e-05 1.58688e-05 1.79769e+308 2.49973 inf
922 5.72269e-06 1.78147e-05 1.58688e-05 1.79769e+308 2.49973 inf
923 5.76418e-06 1.72144e-05 1.58688e-05 1.79769e+308 2.49973 inf
924 5.74791e-06 1.64755e-05 1.58688e-05 1.79769e+308 2.49973 inf
925 5.70061e-06 1.80333e-05 1.58688e-05 1.79769e+308 2.49973 inf
926 5.76724e-06 1.81493e-05 1.58688e-05 1.79769e+308 2.49973 inf
927 5.73648e-06 2.16291e-05 1.58688e-05 1.79769e+308 2.49973 inf
928 5.73391e-06 1.84132e-05 1.58688e-05 1.79769e+308 2.49973 inf
929 5.76004e-06 1.56218e-05 1.58688e-05 1.79769e+308 2.49973 inf
930 5.74507e-06 1.62938e-05 1.56218e-05 1.79769e+308 2.4802 inf
931 5.72564e-06 1.69061e-05 1.56218e-05 1.79769e+308 2.4802 inf
932 5.731e-06 1.77403e-05 1.56218e-05 1.79769e+308 2.4802 inf
933 5.69367e-06 1.71263e-05 1.56218e-05 1.79769e+308 2.4802 inf
934 5.7368e-06 1.6885e-05 1.56218e-05 1.79769e+308 2.4802 inf
935 5.72011e-06 1.718e-05 1.56218e-05 1.79769e+308 2.4802 inf
936 5.72065e-06 1.87583e-05 1.56218e-05 1.79769e+308 2.4802 inf
937 5.73736e-06 1.81825e-05 1.56218e-05 1.79769e+308 2.4802 inf
938 5.73616e-06 1.83689e-05 1.56218e-05 1.79769e+308 2.4802 inf
939 5.81192e-06 1.7248e-05 1.56218e-05 1.79769e+308 2.4802 inf
940 5.67963e-06 1.67846e-05 1.56218e-05 1.79769e+308 2.4802 inf
941 5.7662e-06 2.19518e-05 1.56218e-05 1.79769e+308 2.4802 inf
942 5.71199e-06 1.75991e-05 1.56218e-05 1.79769e+308 2.4802 inf
943 5.8038e-06 1.76056e-05 1.56218e-05 1.79769e+308 2.4802 inf
944 5.69549e-06 1.88074e-05 1.56218e-05 1.79769e+308 2.4802 inf
945 5.79473e-06 1.7335e-05 1.56218e-05 1.79769e+308 2.4802 inf
946 5.69875e-06 1.75164e-05 1.56218e-05 1.79769e+308 2.4802 inf
947 5.76863e-06 1.69867e-05 1.56218e-05 1.79769e+308 2.4802 inf
948 5.7861e-06 1.82667e-05 1.56218e-05 1.79769e+308 2.4802 inf
949 5.72447e-06 2.01465e-05 1.56218e-05 1.79769e+308 2.4802 inf
950 5.76062e-06 1.6364e-05 1.56218e-05 1.79769e+308 2.4802 inf
951 5.67867e-06 1.75205e-05 1.56218e-05 1.79769e+308 2.4802 inf
952 5.71635e-06 1.70577e-05 1.56218e-05 1.79769e+308 2.4802 inf
953 5.7742e-06 1.73213e-05 1.56218e-05 1.79769e+308 2.4802 inf
954 5.73091e-06 1.73196e-05 1.56218e-05 1.79769e+308 2.4802 inf
955 5.69347e-06 1.65794e-05 1.56218e-05 1.79769e+308 2.4802 inf
956 5.73984e-06 1.73434e-05 1.56218e-05 1.79769e+308 2.4802 inf
957 5.78005e-06 1.83369e-05 1.56218e-05 1.79769e+308 2.4802 inf
958 5.73101e-06 1.66727e-05 1.56218e-05 1.79769e+308 2.4802 inf
959 5.70608e-06 1.73921e-05 1.56218e-05 1.79769e+308 2.4802 inf
960 5.7188e-06 1.76781e-05 1.56218e-05 1.79769e+308 2.4802 inf
961 5.74464e-06 1.76899e-05 1.56218e-05 1.79769e+308 2.4802 inf
962 5.77308e-06 1.79715e-05 1.56218e-05 1.79769e+308 2.4802 inf
963 5.69046e-06 1.7027e-05 1.56218e-05 1.79769e+308 2.4802 inf
964 5.73239e-06 1.77454e-05 1.56218e-05 1.79769e+308 2.4802 inf
965 5.77408e-06 1.69479e-05 1.56218e-05 1.79769e+308 2.4802 inf
966 5.68887e-06 1.68135e-05 1.56218e-05 1.79769e+308 2.4802 inf
967 5.70973e-06 1.72583e-05 1.56218e-05 1.79769e+308 2.4802 inf
968 5.73386e-06 1.74251e-05 1.56218e-05 1.79769e+308 2.4802 inf
969 5.69207e-06 2.37397e-05 1.56218e-05 1.79769e+308 2.4802 inf
970 5.7381e-06 1.69168e-05 1.56218e-05 1.79769e+308 2.4802 inf
971 5.72458e-06 1.68402e-05 1.56218e-05 1.79769e+308 2.4802 inf
972 5.71315e-06 1.76692e-05 1.56218e-05 1.79769e+308 2.4802 inf
973 5.74208e-06 1.61516e-05 1.56218e-05 1.79769e+308 2.4802 inf
974 5.66665e-06 1.6508e-05 1.56218e-05 1.79769e+308 2.4802 inf
975 5.79691e-06 1.68264e-05 1.56218e-05 1.79769e+308 2.4802 inf
976 5.64635e-06 1.76769e-05 1.56218e-05 1.79769e+308 2.4802 inf
977 5.75566e-06 1.63446e-05 1.56218e-05 1.79769e+308 2.4802 inf
978 5.71252e-06 1.69351e-05 1.56218e-05 1.79769e+308 2.4802 inf
979 5.75341e-06 1.81739e-05 1.56218e-05 1.79769e+308 2.4802 inf
980 5.70225e-06 1.88745e-05 1.56218e-05 1.79769e+308 2.4802 inf
981 5.74953e-06 1.69043e-05 1.56218e-05 1.79769e+308 2.4802 inf
982 5.73165e-06 1.71354e-05 1.56218e-05 1.79769e+308 2.4802 inf
983 5.81669e-06 1.87928e-05 1.56218e-05 1.79769e+308 2.4802 inf
984 5.70266e-06 1.85013e-05 1.56218e-05 1.79769e+308 2.4802 inf
985 5.72399e-06 3.26078e-05 1.56218e-05 1.79769e+308 2.4802 inf
986 5.74939e-06 1.70762e-05 1.56218e-05 1.79769e+308 2.4802 inf
987 5.69059e-06 1.73696e-05 1.56218e-05 1.79769e+308 2.4802 inf
988 5.80204e-06 1.76152e-05 1.56218e-05 1.79769e+308 2.4802 inf
989 5.71212e-06 1.64617e-05 1.56218e-05 1.79769e+308 2.4802 inf
990 5.87309e-06 1.7154e-05 1.56218e-05 1.79769e+308 2.4802 inf
991 5.57776e-06 1.66841e-05 1.56218e-05 1.79769e+308 2.4802 inf
992 5.77859e-06 1.98131e-05 1.56218e-05 1.79769e+308 2.4802 inf
993 5.71258e-06 2.02202e-05 1.56218e-05 1.79769e+308 2.4802 inf
994 5.71725e-06 1.88197e-05 1.56218e-05 1.79769e+308 2.4802 inf
995 5.70884e-06 1.67957e-05 1.56218e-05 1.79769e+308 2.4802 inf
996 5.72545e-06 1.80725e-05 1.56218e-05 1.79769e+308 2.4802 inf
997 5.79927e-06 1.8019e-05 1.56218e-05 1.79769e+308 2.4802 inf
998 5.72509e-06 1.64808e-05 1.56218e-05 1.79769e+308 2.4802 inf
999 5.74688e-06 1.68163e-05 1.56218e-05 1.79769e+308 2.4802 inf
1000 5.72919e-06 1.66586e-05 1.56218e-05 1.79769e+308 2.4802 inf
1001 5.70719e-06 1.92192e-05 1.56218e-05 1.79769e+308 2.4802 inf
1002 5.6915e-06 1.72321e-05 1.56218e-05 1.79769e+308 2.4802 inf
1003 5.76331e-06 1.76253e-05 1.56218e-05 1.79769e+308 2.4802 inf
1004 5.68755e-06 1.70855e-05 1.56218e-05 1.79769e+308 2.4802 inf
1005 5.72654e-06 1.73907e-05 1.56218e-05 1.79769e+308 2.4802 inf
1006 5.68572e-06 1.7891e-05 1.56218e-05 1.79769e+308 2.4802 inf
1007 5.70499e-06 2.10722e-05 1.56218e-05 1.79769e+308 2.4802 inf
1008 5.73596e-06 1.65146e-05 1.56218e-05 1.79769e+308 2.4802 inf
1009 5.71803e-06 1.60064e-05 1.56218e-05 1.79769e+308 2.4802 inf
1010 5.75273e-06 1.76965e-05 1.56218e-05 1.79769e+308 2.4802 inf
1011 5.72741e-06 1.9544e-05 1.56218e-05 1.79769e+308 2.4802 inf
1012 5.69272e-06 1.72308e-05 1.56218e-05 1.79769e+308 2.4802 inf
1013 5.71764e-06 2.17723e-05 1.56218e-05 1.79769e+308 2.4802 inf
1014 5.72369e-06 1.67749e-05 1.56218e-05 1.79769e+308 2.4802 inf
1015 5.71844e-06 1.62265e-05 1.56218e-05 1.79769e+308 2.4802 inf
1016 5.73768e-06 1.70516e-05 1.56218e-05 1.79769e+308 2.4802 inf
1017 5.63914e-06 1.66083e-05 1.56218e-05 1.79769e+308 2.4802 inf
1018 5.69819e-06 1.78264e-05 1.56218e-05 1.79769e+308 2.4802 inf
1019 5.82591e-06 1.99218e-05 1.56218e-05 1.79769e+308 2.4802 inf
1020 5.69699e-06 1.76468e-05 1.56218e-05 1.79769e+308 2.4802 inf
1021 5.65418e-06 1.82652e-05 1.56218e-05 1.79769e+308 2.4802 inf
1022 5.71502e-06 1.65825e-05 1.56218e-05 1.79769e+308 2.4802 inf
1023 5.71964e-06 1.65326e-05 1.56218e-05 1.79769e+308 2.4802 inf
1024 5.73264e-06 1.73443e-05 1.56218e-05 1.79769e+308 2.4802 inf
1025 5.74659e-06 1.74982e-05 1.56218e-05 1.79769e+308 2.4802 inf
1026 5.71487e-06 1.68298e-05 1.56218e-05 1.79769e+308 2.4802 inf
1027 5.73304e-06 1.6928e-05 1.56218e-05 1.79769e+308 2.4802 inf
1028 5.6907e-06 1.67326e-05 1.56218e-05 1.79769e+308 2.4802 inf
1029 5.8264e-06 1.77672e-05 1.56218e-05 1.79769e+308 2.4802 inf
1030 5.39698e-06 1.62782e-05 1.56218e-05 1.79769e+308 2.4802 inf
1031 5.42866e-06 1.72305e-05 1.56218e-05 1.79769e+308 2.4802 inf
1032 5.45877e-06 1.71808e-05 1.56218e-05 1.79769e+308 2.4802 inf
1033 5.42924e-06 1.70036e-05 1.56218e-05 1.79769e+308 2.4802 inf
1034 5.4378e-06 1.63167e-05 1.56218e-05 1.79769e+308 2.4802 inf
1035 5.44628e-06 1.71496e-05 1.56218e-05 1.79769e+308 2.4802 inf
1036 5.44699e-06 1.69663e-05 1.56218e-05 1.79769e+308 2.4802 inf
1037 5.43631e-06 1.66071e-05 1.56218e-05 1.79769e+308 2.4802 inf
1038 5.48887e-06 1.7034e-05 1.56218e-05 1.79769e+308 2.4802 inf
1039 5.5109e-06 1.67253e-05 1.56218e-05 1.79769e+308 2.4802 inf
1040 5.48087e-06 1.6618e-05 1.56218e-05 1.79769e+308 2.4802 inf
1041 5.49817e-06 2.0706e-05 1.56218e-05 1.79769e+308 2.4802 inf
1042 5.49627e-06 1.82321e-05 1.56218e-05 1.79769e+308 2.4802 inf
1043 5.50365e-06 1.6955e-05 1.56218e-05 1.79769e+308 2.4802 inf
1044 5.48181e-06 1.59403e-05 1.56218e-05 1.79769e+308 2.4802 inf
1045 5.50273e-06 1.73886e-05 1.56218e-05 1.79769e+308 2.4802 inf
1046 5.51131e-06 1.8039e-05 1.56218e-05 1.79769e+308 2.4802 inf
1047 5.52163e-06 1.82613e-05 1.56218e-05 1.79769e+308 2.4802 inf
1048 5.53222e-06 1.80284e-05 1.56218e-05 1.79769e+308 2.4802 inf
1049 5.51039e-06 1.72092e-05 1.56218e-05 1.79769e+308 2.4802 inf
1050 5.53411e-06 1.79995e-05 1.56218e-05 1.79769e+308 2.4802 inf
1051 5.56213e-06 1.71192e-05 1.56218e-05 1.79769e+308 2.4802 inf
1052 5.5089e-06 1.78938e-05 1.56218e-05 1.79769e+308 2.4802 inf
1053 5.54799e-06 1.70124e-05 1.56218e-05 1.79769e+308 2.4802 inf
1054 5.55899e-06 1.68128e-05 1.56218e-05 1.79769e+308 2.4802 inf
1055 5.55983e-06 1.75797e-05 1.56218e-05 1.79769e+308 2.4802 inf
1056 5.57729e-06 2.01424e-05 1.56218e-05 1.79769e+308 2.4802 inf
1057 5.54788e-06 1.73412e-05 1.56218e-05 1.79769e+308 2.4802 inf
1058 5.56209e-06 1.71954e-05 1.56218e-05 1.79769e+308 2.4802 inf
1059 5.56188e-06 1.6959e-05 1.56218e-05 1.79769e+308 2.4802 inf
1060 5.55743e-06 1.82735e-05 1.56218e-05 1.79769e+308 2.4802 inf
1061 5.54419e-06 1.73557e-05 1.56218e-05 1.79769e+308 2.4802 inf
1062 5.5705e-06 1.80367e-05 1.56218e-05 1.79769e+308 2.4802 inf
1063 5.56049e-06 1.75569e-05 1.56218e-05 1.79769e+308 2.4802 inf
1064 5.5683e-06 1.81097e-05 1.56218e-05 1.79769e+308 2.4802 inf
1065 5.59217e-06 1.74211e-05 1.56218e-05 1.79769e+308 2.4802 inf
1066 5.56232e-06 1.64532e-05 1.56218e-05 1.79769e+308 2.4802 inf
1067 5.57587e-06 1.68849e-05 1.56218e-05 1.79769e+308 2.4802 inf
1068 5.54344e-06 1.7946e-05 1.56218e-05 1.79769e+308 2.4802 inf
1069 5.56627e-06 1.79991e-05 1.56218e-05 1.79769e+308 2.4802 inf
1070 5.60879e-06 1.74948e-05 1.56218e-05 1.79769e+308 2.4802 inf
1071 5.62384e-06 1.64154e-05 1.56218e-05 1.79769e+308 2.4802 inf
1072 5.56694e-06 1.64892e-05 1.56218e-05 1.79769e+308 2.4802 inf
1073 5.60537e-06 1.83254e-05 1.56218e-05 1.79769e+308 2.4802 inf
1074 5.60354e-06 1.73834e-05 1.56218e-05 1.79769e+308 2.4802 inf
1075 5.59409e-06 1.89173e-05 1.56218e-05 1.79769e+308 2.4802 inf
1076 5.61125e-06 1.65075e-05 1.56218e-05 1.79769e+308 2.4802 inf
1077 5.58059e-06 1.66591e-05 1.56218e-05 1.79769e+308 2.4802 inf
1078 5.65118e-06 1.70039e-05 1.56218e-05 1.79769e+308 2.4802 inf
1079 5.58924e-06 1.64469e-05 1.56218e-05 1.79769e+308 2.4802 inf
1080 5.62456e-06 1.78801e-05 1.56218e-05 1.79769e+308 2.4802 inf
1081 5.59928e-06 1.76429e-05 1.56218e-05 1.79769e+308 2.4802 inf
1082 5.63184e-06 1.75393e-05 1.56218e-05 1.79769e+308 2.4802 inf
1083 5.63637e-06 1.78139e-05 1.56218e-05 1.79769e+308 2.4802 inf
1084 5.65092e-06 1.6722e-05 1.56218e-05 1.79769e+308 2.4802 inf
1085 5.6209e-06 1.80846e-05 1.56218e-05 1.79769e+308 2.4802 inf
1086 5.63129e-06 1.73699e-05 1.56218e-05 1.79769e+308 2.4802 inf
1087 5.63287e-06 1.89348e-05 1.56218e-05 1.79769e+308 2.4802 inf
1088 5.65549e-06 1.73176e-05 1.56218e-05 1.79769e+308 2.4802 inf
1089 5.63877e-06 2.05587e-05 1.56218e-05 1.79769e+308 2.4802 inf
1090 5.66373e-06 1.77424e-05 1.56218e-05 1.79769e+308 2.4802 inf
1091 5.68211e-06 1.74524e-05 1.56218e-05 1.79769e+308 2.4802 inf
1092 5.6541e-06 1.66621e-05 1.56218e-05 1.79769e+308 2.4802 inf
1093 5.65211e-06 1.75061e-05 1.56218e-05 1.79769e+308 2.4802 inf
1094 5.63748e-06 1.74412e-05 1.56218e-05 1.79769e+308 2.4802 inf
1095 5.65281e-06 1.81904e-05 1.56218e-05 1.79769e+308 2.4802 inf
1096 5.6603e-06 1.76061e-05 1.56218e-05 1.79769e+308 2.4802 inf
1097 5.6767e-06 1.82282e-05 1.56218e-05 1.79769e+308 2.4802 inf
1098 5.65036e-06 1.78778e-05 1.56218e-05 1.79769e+308 2.4802 inf
1099 5.68765e-06 1.7142e-05 1.56218e-05 1.79769e+308 2.4802 inf
1100 5.70543e-06 1.75126e-05 1.56218e-05 1.79769e+308 2.4802 inf
1101 5.69304e-06 1.98614e-05 1.56218e-05 1.79769e+308 2.4802 inf
1102 5.63688e-06 1.74243e-05 1.56218e-05 1.79769e+308 2.4802 inf
1103 5.70994e-06 1.73193e-05 1.56218e-05 1.79769e+308 2.4802 inf
1104 5.67199e-06 1.72161e-05 1.56218e-05 1.79769e+308 2.4802 inf
1105 5.63969e-06 1.72806e-05 1.56218e-05 1.79769e+308 2.4802 inf
1106 5.66468e-06 1.78646e-05 1.56218e-05 1.79769e+308 2.4802 inf
1107 5.72144e-06 1.85909e-05 1.56218e-05 1.79769e+308 2.4802 inf
1108 5.67623e-06 1.66714e-05 1.56218e-05 1.79769e+308 2.4802 inf
1109 5.66156e-06 1.73246e-05 1.56218e-05 1.79769e+308 2.4802 inf
1110 5.69074e-06 1.82677e-05 1.56218e-05 1.79769e+308 2.4802 inf
1111 5.70066e-06 1.82516e-05 1.56218e-05 1.79769e+308 2.4802 inf
1112 5.68983e-06 1.76293e-05 1.56218e-05 1.79769e+308 2.4802 inf
1113 5.68381e-06 1.86619e-05 1.56218e-05 1.79769e+308 2.4802 inf
1114 5.6923e-06 1.7471e-05 1.56218e-05 1.79769e+308 2.4802 inf
1115 5.69415e-06 1.76082e-05 1.56218e-05 1.79769e+308 2.4802 inf
1116 5.69559e-06 1.76352e-05 1.56218e-05 1.79769e+308 2.4802 inf
1117 5.69991e-06 1.65785e-05 1.56218e-05 1.79769e+308 2.4802 inf
1118 5.69327e-06 1.69363e-05 1.56218e-05 1.79769e+308 2.4802 inf
1119 5.77912e-06 1.68974e-05 1.56218e-05 1.79769e+308 2.4802 inf
1120 5.70254e-06 1.72323e-05 1.56218e-05 1.79769e+308 2.4802 inf
1121 5.71544e-06 1.83103e-05 1.56218e-05 1.79769e+308 2.4802 inf
1122 5.72916e-06 1.72872e-05 1.56218e-05 1.79769e+308 2.4802 inf
1123 5.68006e-06 1.75968e-05 1.56218e-05 1.79769e+308 2.4802 inf
1124 5.66021e-06 1.93749e-05 1.56218e-05 1.79769e+308 2.4802 inf
1125 5.70437e-06 1.77133e-05 1.56218e-05 1.79769e+308 2.4802 inf
1126 5.70408e-06 1.96559e-05 1.56218e-05 1.79769e+308 2.4802 inf
1127 5.66164e-06 1.87088e-05 1.56218e-05 1.79769e+308 2.4802 inf
1128 5.71689e-06 1.80015e-05 1.56218e-05 1.79769e+308 2.4802 inf
1129 5.76105e-06 1.81927e-05 1.56218e-05 1.79769e+308 2.4802 inf
1130 5.71128e-06 1.92275e-05 1.56218e-05 1.79769e+308 2.4802 inf
1131 5.75202e-06 1.69892e-05 1.56218e-05 1.79769e+308 2.4802 inf
1132 5.76626e-06 2.34441e-05 1.56218e-05 1.79769e+308 2.4802 inf
1133 5.79168e-06 2.08944e-05 1.56218e-05 1.79769e+308 2.4802 inf
1134 5.70897e-06 1.95769e-05 1.56218e-05 1.79769e+308 2.4802 inf
1135 5.72608e-06 1.74021e-05 1.56218e-05 1.79769e+308 2.4802 inf
1136 5.77987e-06 1.76716e-05 1.56218e-05 1.79769e+308 2.4802 inf
1137 5.75297e-06 1.79119e-05 1.56218e-05 1.79769e+308 2.4802 inf
1138 5.72269e-06 1.77146e-05 1.56218e-05 1.79769e+308 2.4802 inf
1139 5.75309e-06 1.85166e-05 1.56218e-05 1.79769e+308 2.4802 inf
1140 5.79963e-06 1.79727e-05 1.56218e-05 1.79769e+308 2.4802 inf
1141 5.81666e-06 1.78418e-05 1.56218e-05 1.79769e+308 2.4802 inf
1142 5.81533e-06 1.76933e-05 1.56218e-05 1.79769e+308 2.4802 inf
1143 5.82682e-06 1.73959e-05 1.56218e-05 1.79769e+308 2.4802 inf
1144 5.83424e-06 1.7819e-05 1.56218e-05 1.79769e+308 2.4802 inf
1145 5.85244e-06 1.75212e-05 1.56218e-05 1.79769e+308 2.4802 inf
1146 5.81027e-06 1.73471e-05 1.56218e-05 1.79769e+308 2.4802 inf
1147 5.86973e-06 1.84167e-05 1.56218e-05 1.79769e+308 2.4802 inf
1148 5.86525e-06 1.90475e-05 1.56218e-05 1.79769e+308 2.4802 inf
1149 5.88201e-06 1.75986e-05 1.56218e-05 1.79769e+308 2.4802 inf
1150 5.93574e-06 1.84561e-05 1.56218e-05 1.79769e+308 2.4802 inf
1151 5.88908e-06 1.76217e-05 1.56218e-05 1.79769e+308 2.4802 inf
1152 5.83174e-06 1.78318e-05 1.56218e-05 1.79769e+308 2.4802 inf
1153 5.89915e-06 1.80306e-05 1.56218e-05 1.79769e+308 2.4802 inf
1154 5.88877e-06 1.65925e-05 1.56218e-05 1.79769e+308 2.4802 inf
1155 5.92349e-06 1.85168e-05 1.56218e-05 1.79769e+308 2.4802 inf
1156 5.97413e-06 1.96621e-05 1.56218e-05 1.79769e+308 2.4802 inf
1157 5.9283e-06 1.86608e-05 1.56218e-05 1.79769e+308 2.4802 inf
1158 5.89017e-06 1.93609e-05 1.56218e-05 1.79769e+308 2.4802 inf
1159 5.89827e-06 1.77873e-05 1.56218e-05 1.79769e+308 2.4802 inf
1160 5.91457e-06 1.83318e-05 1.56218e-05 1.79769e+308 2.4802 inf
1161 5.94208e-06 1.7322e-05 1.56218e-05 1.79769e+308 2.4802 inf
1162 5.98091e-06 1.79164e-05 1.56218e-05 1.79769e+308 2.4802 inf
1163 5.96311e-06 1.81751e-05 1.56218e-05 1.79769e+308 2.4802 inf
1164 5.9644e-06 1.82369e-05 1.56218e-05 1.79769e+308 2.4802 inf
1165 5.97787e-06 1.82452e-05 1.56218e-05 1.79769e+308 2.4802 inf
1166 5.97148e-06 1.80591e-05 1.56218e-05 1.79769e+308 2.4802 inf
1167 6.00137e-06 1.89391e-05 1.56218e-05 1.79769e+308 2.4802 inf
1168 5.99995e-06 1.84204e-05 1.56218e-05 1.79769e+308 2.4802 inf
1169 5.97216e-06 1.89201e-05 1.56218e-05 1.79769e+308 2.4802 inf
1170 6.08962e-06 1.96784e-05 1.56218e-05 1.79769e+308 2.4802 inf
1171 6.02698e-06 1.73623e-05 1.56218e-05 1.79769e+308 2.4802 inf
1172 6.02846e-06 1.83703e-05 1.56218e-05 1.79769e+308 2.4802 inf
1173 6.0263e-06 1.85216e-05 1.56218e-05 1.79769e+308 2.4802 inf
1174 6.03606e-06 1.85542e-05 1.56218e-05 1.79769e+308 2.4802 inf
1175 6.03995e-06 1.84142e-05 1.56218e-05 1.79769e+308 2.4802 inf
1176 6.03357e-06 2.00647e-05 1.56218e-05 1.79769e+308 2.4802 inf
1177 6.03888e-06 1.84703e-05 1.56218e-05 1.79769e+308 2.4802 inf
1178 6.01216e-06 1.78967e-05 1.56218e-05 1.79769e+308 2.4802 inf
1179 6.04583e-06 1.94088e-05 1.56218e-05 1.79769e+308 2.4802 inf
1180 6.09789e-06 2.05891e-05 1.56218e-05 1.79769e+308 2.4802 inf
1181 6.07789e-06 1.82703e-05 1.56218e-05 1.79769e+308 2.4802 inf
1182 6.0621e-06 1.76544e-05 1.56218e-05 1.79769e+308 2.4802 inf
1183 6.09814e-06 1.98589e-05 1.56218e-05 1.79769e+308 2.4802 inf
1184 6.12802e-06 2.06194e-05 1.56218e-05 1.79769e+308 2.4802 inf
1185 6.08424e-06 1.79088e-05 1.56218e-05 1.79769e+308 2.4802 inf
1186 6.10678e-06 1.92502e-05 1.56218e-05 1.79769e+308 2.4802 inf
1187 6.10685e-06 1.9286e-05 1.56218e-05 1.79769e+308 2.4802 inf
1188 6.08849e-06 1.83148e-05 1.56218e-05 1.79769e+308 2.4802 inf
1189 6.07746e-06 1.87623e-05 1.56218e-05 1.79769e+308 2.4802 inf
1190 6.14819e-06 1.92874e-05 1.56218e-05 1.79769e+308 2.4802 inf
1191 6.15976e-06 1.92235e-05 1.56218e-05 1.79769e+308 2.4802 inf
1192 6.17743e-06 1.90484e-05 1.56218e-05 1.79769e+308 2.4802 inf
1193 6.1227e-06 1.87934e-05 1.56218e-05 1.79769e+308 2.4802 inf
1194 6.12895e-06 1.8831e-05 1.56218e-05 1.79769e+308 2.4802 inf
1195 6.14931e-06 1.7675e-05 1.56218e-05 1.79769e+308 2.4802 inf
1196 6.12503e-06 1.91629e-05 1.56218e-05 1.79769e+308 2.4802 inf
1197 6.11411e-06 1.87374e-05 1.56218e-05 1.79769e+308 2.4802 inf
1198 6.16899e-06 1.92487e-05 1.56218e-05 1.79769e+308 2.4802 inf
1199 6.18821e-06 1.90706e-05 1.56218e-05 1.79769e+308 2.4802 inf
1200 6.19999e-06 1.88391e-05 1.56218e-05 1.79769e+308 2.4802 inf
1201 6.23802e-06 1.93258e-05 1.56218e-05 1.79769e+308 2.4802 inf
1202 6.27324e-06 1.95979e-05 1.56218e-05 1.79769e+308 2.4802 inf
1203 6.27021e-06 1.87518e-05 1.56218e-05 1.79769e+308 2.4802 inf
1204 6.22588e-06 1.81772e-05 1.56218e-05 1.79769e+308 2.4802 inf
1205 6.18848e-06 2.11153e-05 1.56218e-05 1.79769e+308 2.4802 inf
1206 6.1813e-06 2.02549e-05 1.56218e-05 1.79769e+308 2.4802 inf
1207 6.17518e-06 1.94725e-05 1.56218e-05 1.79769e+308 2.4802 inf
1208 6.23535e-06 1.99386e-05 1.56218e-05 1.79769e+308 2.4802 inf
1209 6.2044e-06 2.17681e-05 1.56218e-05 1.79769e+308 2.4802 inf
1210 6.15425e-06 1.75462e-05 1.56218e-05 1.79769e+308 2.4802 inf
1211 6.17152e-06 1.94178e-05 1.56218e-05 1.79769e+308 2.4802 inf
1212 6.2383e-06 1.84981e-05 1.56218e-05 1.79769e+308 2.4802 inf
1213 6.21833e-06 2.10234e-05 1.56218e-05 1.79769e+308 2.4802 inf
1214 6.24753e-06 1.83536e-05 1.56218e-05 1.79769e+308 2.4802 inf
1215 6.27634e-06 1.82248e-05 1.56218e-05 1.79769e+308 2.4802 inf
1216 6.20928e-06 1.87906e-05 1.56218e-05 1.79769e+308 2.4802 inf
1217 6.2298e-06 1.89092e-05 1.56218e-05 1.79769e+308 2.4802 inf
1218 6.25904e-06 1.8645e-05 1.56218e-05 1.79769e+308 2.4802 inf
1219 6.25687e-06 1.96335e-05 1.56218e-05 1.79769e+308 2.4802 inf
1220 6.27813e-06 1.88519e-05 1.56218e-05 1.79769e+308 2.4802 inf
1221 6.30273e-06 1.8266e-05 1.56218e-05 1.79769e+308 2.4802 inf
1222 6.23821e-06 2.02072e-05 1.56218e-05 1.79769e+308 2.4802 inf
1223 6.2204e-06 2.23838e-05 1.56218e-05 1.79769e+308 2.4802 inf
1224 6.25354e-06 1.93327e-05 1.56218e-05 1.79769e+308 2.4802 inf
1225 6.29562e-06 1.86022e-05 1.56218e-05 1.79769e+308 2.4802 inf
1226 6.21903e-06 1.91941e-05 1.56218e-05 1.79769e+308 2.4802 inf
1227 6.25596e-06 1.82687e-05 1.56218e-05 1.79769e+308 2.4802 inf
1228 6.2912e-06 1.86762e-05 1.56218e-05 1.79769e+308 2.4802 inf
1229 6.26488e-06 1.89195e-05 1.56218e-05 1.79769e+308 2.4802 inf
1230 6.43042e-06 1.93061e-05 1.56218e-05 1.79769e+308 2.4802 inf
1231 6.46227e-06 1.89709e-05 1.56218e-05 1.79769e+308 2.4802 inf
1232 6.48449e-06 1.95544e-05 1.56218e-05 1.79769e+308 2.4802 inf
1233 6.46777e-06 1.83277e-05 1.56218e-05 1.79769e+308 2.4802 inf
1234 6.49218e-06 1.89576e-05 1.56218e-05 1.79769e+308 2.4802 inf
1235 6.49839e-06 1.89968e-05 1.56218e-05 1.79769e+308 2.4802 inf
1236 6.53028e-06 1.93706e-05 1.56218e-05 1.79769e+308 2.4802 inf
1237 6.58837e-06 1.76435e-05 1.56218e-05 1.79769e+308 2.4802 inf
1238 6.55854e-06 1.77675e-05 1.56218e-05 1.79769e+308 2.4802 inf
1239 6.58154e-06 1.93418e-05 1.56218e-05 1.79769e+308 2.4802 inf
1240 6.6873e-06 1.94691e-05 1.56218e-05 1.79769e+308 2.4802 inf
1241 6.64929e-06 1.98314e-05 1.56218e-05 1.79769e+308 2.4802 inf
1242 6.66005e-06 1.92335e-05 1.56218e-05 1.79769e+308 2.4802 inf
1243 6.6653e-06 1.93572e-05 1.56218e-05 1.79769e+308 2.4802 inf
1244 6.6813e-06 1.99024e-05 1.56218e-05 1.79769e+308 2.4802 inf
1245 6.70154e-06 1.95159e-05 1.56218e-05 1.79769e+308 2.4802 inf
1246 6.73153e-06 1.96476e-05 1.56218e-05 1.79769e+308 2.4802 inf
1247 6.6702e-06 1.85027e-05 1.56218e-05 1.79769e+308 2.4802 inf
1248 6.72176e-06 1.93917e-05 1.56218e-05 1.79769e+308 2.4802 inf
1249 6.83308e-06 1.93388e-05 1.56218e-05 1.79769e+308 2.4802 inf
1250 6.79559e-06 1.93653e-05 1.56218e-05 1.79769e+308 2.4802 inf
1251 6.84866e-06 1.97978e-05 1.56218e-05 1.79769e+308 2.4802 inf
1252 6.8398e-06 1.9172e-05 1.56218e-05 1.79769e+308 2.4802 inf
1253 6.81616e-06 2.0055e-05 1.56218e-05 1.79769e+308 2.4802 inf
1254 6.84257e-06 2.01343e-05 1.56218e-05 1.79769e+308 2.4802 inf
1255 6.8043e-06 1.88377e-05 1.56218e-05 1.79769e+308 2.4802 inf
1256 6.86921e-06 1.99551e-05 1.56218e-05 1.79769e+308 2.4802 inf
1257 6.83435e-06 1.94832e-05 1.56218e-05 1.79769e+308 2.4802 inf
1258 6.9305e-06 1.97254e-05 1.56218e-05 1.79769e+308 2.4802 inf
1259 6.92779e-06 2.00589e-05 1.56218e-05 1.79769e+308 2.4802 inf
1260 6.95789e-06 1.90851e-05 1.56218e-05 1.79769e+308 2.4802 inf
1261 6.91455e-06 2.03511e-05 1.56218e-05 1.79769e+308 2.4802 inf
1262 6.93712e-06 1.9439e-05 1.56218e-05 1.79769e+308 2.4802 inf
1263 7.00238e-06 2.00604e-05 1.56218e-05 1.79769e+308 2.4802 inf
1264 6.94159e-06 2.07485e-05 1.56218e-05 1.79769e+308 2.4802 inf
1265 6.96009e-06 1.99453e-05 1.56218e-05 1.79769e+308 2.4802 inf
1266 6.96199e-06 2.116e-05 1.56218e-05 1.79769e+308 2.4802 inf
1267 7.00836e-06 2.30915e-05 1.56218e-05 1.79769e+308 2.4802 inf
1268 6.9464e-06 2.07235e-05 1.56218e-05 1.79769e+308 2.4802 inf
1269 7.05071e-06 1.95443e-05 1.56218e-05 1.79769e+308 2.4802 inf
1270 7.01835e-06 1.95638e-05 1.56218e-05 1.79769e+308 2.4802 inf
1271 7.11681e-06 2.01123e-05 1.56218e-05 1.79769e+308 2.4802 inf
1272 7.05028e-06 2.09529e-05 1.56218e-05 1.79769e+308 2.4802 inf
1273 7.0145e-06 1.90412e-05 1.56218e-05 1.79769e+308 2.4802 inf
1274 7.02593e-06 1.98107e-05 1.56218e-05 1.79769e+308 2.4802 inf
1275 7.12952e-06 2.11944e-05 1.56218e-05 1.79769e+308 2.4802 inf
1276 7.15968e-06 2.06956e-05 1.56218e-05 1.79769e+308 2.4802 inf
1277 7.16737e-06 1.92106e-05 1.56218e-05 1.79769e+308 2.4802 inf
1278 7.14529e-06 1.92739e-05 1.56218e-05 1.79769e+308 2.4802 inf
1279 7.19605e-06 2.19348e-05 1.56218e-05 1.79769e+308 2.4802 inf
1280 7.23281e-06 1.98648e-05 1.56218e-05 1.79769e+308 2.4802 inf
1281 7.26076e-06 1.8662e-05 1.56218e-05 1.79769e+308 2.4802 inf
1282 7.15939e-06 1.96355e-05 1.56218e-05 1.79769e+308 2.4802 inf
1283 7.23295e-06 2.07455e-05 1.56218e-05 1.79769e+308 2.4802 inf
1284 7.23014e-06 2.10251e-05 1.56218e-05 1.79769e+308 2.4802 inf
1285 7.18066e-06 1.88807e-05 1.56218e-05 1.79769e+308 2.4802 inf
1286 7.21275e-06 2.03783e-05 1.56218e-05 1.79769e+308 2.4802 inf
1287 7.22166e-06 2.06174e-05 1.56218e-05 1.79769e+308 2.4802 inf
1288 7.28187e-06 2.10247e-05 1.56218e-05 1.79769e+308 2.4802 inf
1289 7.29778e-06 2.08657e-05 1.56218e-05 1.79769e+308 2.4802 inf
1290 7.24589e-06 2.12471e-05 1.56218e-05 1.79769e+308 2.4802 inf
1291 7.27546e-06 2.10896e-05 1.56218e-05 1.79769e+308 2.4802 inf
1292 7.28066e-06 2.04205e-05 1.56218e-05 1.79769e+308 2.4802 inf
1293 7.2643e-06 2.03751e-05 1.56218e-05 1.79769e+308 2.4802 inf
1294 7.35968e-06 2.04441e-05 1.56218e-05 1.79769e+308 2.4802 inf
1295 7.40833e-06 2.01888e-05 1.56218e-05 1.79769e+308 2.4802 inf
1296 7.35063e-06 1.95667e-05 1.56218e-05 1.79769e+308 2.4802 inf
1297 7.3268e-06 2.12191e-05 1.56218e-05 1.79769e+308 2.4802 inf
1298 7.37821e-06 2.12652e-05 1.56218e-05 1.79769e+308 2.4802 inf
1299 7.3705e-06 2.16704e-05 1.56218e-05 1.79769e+308 2.4802 inf
1300 7.4511e-06 2.21483e-05 1.56218e-05 1.79769e+308 2.4802 inf
1301 7.37651e-06 2.21499e-05 1.56218e-05 1.79769e+308 2.4802 inf
1302 7.41477e-06 1.98081e-05 1.56218e-05 1.79769e+308 2.4802 inf
1303 7.42615e-06 2.02739e-05 1.56218e-05 1.79769e+308 2.4802 inf
1304 7.51952e-06 2.22591e-05 1.56218e-05 1.79769e+308 2.4802 inf
1305 7.3336e-06 2.02072e-05 1.56218e-05 1.79769e+308 2.4802 inf
1306 7.39563e-06 2.06638e-05 1.56218e-05 1.79769e+308 2.4802 inf
1307 7.4096e-06 2.14467e-05 1.56218e-05 1.79769e+308 2.4802 inf
1308 7.4691e-06 2.14991e-05 1.56218e-05 1.79769e+308 2.4802 inf
1309 7.49463e-06 2.35832e-05 1.56218e-05 1.79769e+308 2.4802 inf
1310 7.5172e-06 2.05992e-05 1.56218e-05 1.79769e+308 2.4802 inf
1311 7.42166e-06 2.10397e-05 1.56218e-05 1.79769e+308 2.4802 inf
1312 7.56168e-06 2.1159e-05 1.56218e-05 1.79769e+308 2.4802 inf
1313 7.46553e-06 2.01997e-05 1.56218e-05 1.79769e+308 2.4802 inf
1314 7.42306e-06 1.98557e-05 1.56218e-05 1.79769e+308 2.4802 inf
1315 7.44093e-06 2.2496e-05 1.56218e-05 1.79769e+308 2.4802 inf
1316 7.56916e-06 2.20081e-05 1.56218e-05 1.79769e+308 2.4802 inf
1317 7.64377e-06 2.04079e-05 1.56218e-05 1.79769e+308 2.4802 inf
1318 7.57827e-06 2.24509e-05 1.56218e-05 1.79769e+308 2.4802 inf
1319 7.59579e-06 2.45174e-05 1.56218e-05 1.79769e+308 2.4802 inf
1320 7.65689e-06 2.26422e-05 1.56218e-05 1.79769e+308 2.4802 inf
1321 7.69839e-06 2.16508e-05 1.56218e-05 1.79769e+308 2.4802 inf
1322 7.60346e-06 2.1255e-05 1.56218e-05 1.79769e+308 2.4802 inf
1323 7.60504e-06 2.10448e-05 1.56218e-05 1.79769e+308 2.4802 inf
1324 7.59541e-06 2.13166e-05 1.56218e-05 1.79769e+308 2.4802 inf
1325 7.62414e-06 2.19538e-05 1.56218e-05 1.79769e+308 2.4802 inf
1326 7.61891e-06 2.20678e-05 1.56218e-05 1.79769e+308 2.4802 inf
1327 7.56099e-06 2.07546e-05 1.56218e-05 1.79769e+308 2.4802 inf
1328 7.68031e-06 2.03501e-05 1.56218e-05 1.79769e+308 2.4802 inf
1329 7.60423e-06 2.12785e-05 1.56218e-05 1.79769e+308 2.4802 inf
1330 7.94458e-06 2.01453e-05 1.56218e-05 1.79769e+308 2.4802 inf
1331 7.95125e-06 2.07384e-05 1.56218e-05 1.79769e+308 2.4802 inf
1332 8.25735e-06 2.04703e-05 1.56218e-05 1.79769e+308 2.4802 inf
1333 8.16768e-06 2.10538e-05 1.56218e-05 1.79769e+308 2.4802 inf
1334 8.13446e-06 2.08658e-05 1.56218e-05 1.79769e+308 2.4802 inf
1335 8.2946e-06 2.11782e-05 1.56218e-05 1.79769e+308 2.4802 inf
1336 8.26753e-06 2.05744e-05 1.56218e-05 1.79769e+308 2.4802 inf
1337 8.30493e-06 2.01793e-05 1.56218e-05 1.79769e+308 2.4802 inf
1338 8.37419e-06 2.14223e-05 1.56218e-05 1.79769e+308 2.4802 inf
1339 8.30524e-06 2.05289e-05 1.56218e-05 1.79769e+308 2.4802 inf
1340 8.31184e-06 2.11772e-05 1.56218e-05 1.79769e+308 2.4802 inf
1341 8.32343e-06 2.18395e-05 1.56218e-05 1.79769e+308 2.4802 inf
1342 8.37973e-06 2.11746e-05 1.56218e-05 1.79769e+308 2.4802 inf
1343 8.55883e-06 2.15417e-05 1.56218e-05 1.79769e+308 2.4802 inf
1344 8.47989e-06 2.08017e-05 1.56218e-05 1.79769e+308 2.4802 inf
1345 8.51061e-06 2.10859e-05 1.56218e-05 1.79769e+308 2.4802 inf
1346 8.58234e-06 2.20454e-05 1.56218e-05 1.79769e+308 2.4802 inf
1347 8.52549e-06 2.17223e-05 1.56218e-05 1.79769e+308 2.4802 inf
1348 8.46486e-06 1.99565e-05 1.56218e-05 1.79769e+308 2.4802 inf
1349 8.5664e-06 2.21079e-05 1.56218e-05 1.79769e+308 2.4802 inf
1350 8.65277e-06 2.19305e-05 1.56218e-05 1.79769e+308 2.4802 inf
1351 8.64782e-06 2.21269e-05 1.56218e-05 1.79769e+308 2.4802 inf
1352 8.74295e-06 2.20645e-05 1.56218e-05 1.79769e+308 2.4802 inf
1353 8.71905e-06 2.32339e-05 1.56218e-05 1.79769e+308 2.4802 inf
1354 8.74829e-06 2.09511e-05 1.56218e-05 1.79769e+308 2.4802 inf
1355 8.75671e-06 2.26368e-05 1.56218e-05 1.79769e+308 2.4802 inf
1356 8.87878e-06 2.20972e-05 1.56218e-05 1.79769e+308 2.4802 inf
1357 8.71734e-06 2.19226e-05 1.56218e-05 1.79769e+308 2.4802 inf
1358 8.86264e-06 2.24263e-05 1.56218e-05 1.79769e+308 2.4802 inf
1359 8.88767e-06 2.17594e-05 1.56218e-05 1.79769e+308 2.4802 inf
1360 8.99876e-06 2.58186e-05 1.56218e-05 1.79769e+308 2.4802 inf
1361 9.08248e-06 2.20079e-05 1.56218e-05 1.79769e+308 2.4802 inf
1362 8.87514e-06 2.13485e-05 1.56218e-05 1.79769e+308 2.4802 inf
1363 8.86093e-06 2.16555e-05 1.56218e-05 1.79769e+308 2.4802 inf
1364 8.9143e-06 2.23046e-05 1.56218e-05 1.79769e+308 2.4802 inf
1365 8.99848e-06 2.19473e-05 1.56218e-05 1.79769e+308 2.4802 inf
1366 9.10356e-06 2.39176e-05 1.56218e-05 1.79769e+308 2.4802 inf
1367 9.03719e-06 2.34881e-05 1.56218e-05 1.79769e+308 2.4802 inf
1368 8.98011e-06 2.29007e-05 1.56218e-05 1.79769e+308 2.4802 inf
1369 9.06791e-06 2.33796e-05 1.56218e-05 1.79769e+308 2.4802 inf
1370 9.26579e-06 2.18859e-05 1.56218e-05 1.79769e+308 2.4802 inf
1371 9.11403e-06 2.1287e-05 1.56218e-05 1.79769e+308 2.4802 inf
1372 9.26338e-06 2.28177e-05 1.56218e-05 1.79769e+308 2.4802 inf
1373 9.11409e-06 2.3437e-05 1.56218e-05 1.79769e+308 2.4802 inf
1374 9.1117e-06 2.1933e-05 1.56218e-05 1.79769e+308 2.4802 inf
1375 9.0717e-06 2.28342e-05 1.56218e-05 1.79769e+308 2.4802 inf
1376 9.20656e-06 2.2311e-05 1.56218e-05 1.79769e+308 2.4802 inf
1377 9.24168e-06 2.26442e-05 1.56218e-05 1.79769e+308 2.4802 inf
1378 9.17158e-06 2.39467e-05 1.56218e-05 1.79769e+308 2.4802 inf
1379 9.31936e-06 2.18399e-05 1.56218e-05 1.79769e+308 2.4802 inf
1380 9.38991e-06 2.31776e-05 1.56218e-05 1.79769e+308 2.4802 inf
1381 9.53773e-06 2.28147e-05 1.56218e-05 1.79769e+308 2.4802 inf
1382 9.28233e-06 2.29829e-05 1.56218e-05 1.79769e+308 2.4802 inf
1383 9.49618e-06 2.35039e-05 1.56218e-05 1.79769e+308 2.4802 inf
1384 9.45666e-06 2.3518e-05 1.56218e-05 1.79769e+308 2.4802 inf
1385 9.4746e-06 2.21098e-05 1.56218e-05 1.79769e+308 2.4802 inf
1386 9.34374e-06 2.23946e-05 1.56218e-05 1.79769e+308 2.4802 inf
1387 9.48935e-06 2.35318e-05 1.56218e-05 1.79769e+308 2.4802 inf
1388 9.68959e-06 2.30972e-05 1.56218e-05 1.79769e+308 2.4802 inf
1389 9.52254e-06 2.29383e-05 1.56218e-05 1.79769e+308 2.4802 inf
1390 9.42599e-06 2.27793e-05 1.56218e-05 1.79769e+308 2.4802 inf
1391 9.57568e-06 2.32779e-05 1.56218e-05 1.79769e+308 2.4802 inf
1392 9.49563e-06 2.3804e-05 1.56218e-05 1.79769e+308 2.4802 inf
1393 9.46011e-06 2.45349e-05 1.56218e-05 1.79769e+308 2.4802 inf
1394 9.56761e-06 2.26491e-05 1.56218e-05 1.79769e+308 2.4802 inf
1395 9.73886e-06 2.4209e-05 1.56218e-05 1.79769e+308 2.4802 inf
1396 9.7838e-06 2.34902e-05 1.56218e-05 1.79769e+308 2.4802 inf
1397 9.6957e-06 2.4591e-05 1.56218e-05 1.79769e+308 2.4802 inf
1398 9.57917e-06 2.23305e-05 1.56218e-05 1.79769e+308 2.4802 inf
1399 9.53415e-06 2.26453e-05 1.56218e-05 1.79769e+308 2.4802 inf
1400 9.6755e-06 2.27007e-05 1.56218e-05 1.79769e+308 2.4802 inf
1401 9.56147e-06 2.18454e-05 1.56218e-05 1.79769e+308 2.4802 inf
1402 9.75048e-06 2.50327e-05 1.56218e-05 1.79769e+308 2.4802 inf
1403 9.75002e-06 2.39439e-05 1.56218e-05 1.79769e+308 2.4802 inf
1404 9.61634e-06 2.43644e-05 1.56218e-05 1.79769e+308 2.4802 inf
1405 9.72905e-06 2.41106e-05 1.56218e-05 1.79769e+308 2.4802 inf
1406 9.84529e-06 2.22815e-05 1.56218e-05 1.79769e+308 2.4802 inf
1407 9.76129e-06 2.21139e-05 1.56218e-05 1.79769e+308 2.4802 inf
1408 9.74137e-06 2.31397e-05 1.56218e-05 1.79769e+308 2.4802 inf
1409 9.77909e-06 2.36963e-05 1.56218e-05 1.79769e+308 2.4802 inf
1410 9.74532e-06 2.44152e-05 1.56218e-05 1.79769e+308 2.4802 inf
1411 9.89701e-06 2.60479e-05 1.56218e-05 1.79769e+308 2.4802 inf
1412 9.9251e-06 2.39712e-05 1.56218e-05 1.79769e+308 2.4802 inf
1413 9.96036e-06 2.39749e-05 1.56218e-05 1.79769e+308 2.4802 inf
1414 1.0092e-05 2.45096e-05 1.56218e-05 1.79769e+308 2.4802 inf
1415 9.92005e-06 2.5574e-05 1.56218e-05 1.79769e+308 2.4802 inf
1416 9.88235e-06 2.32054e-05 1.56218e-05 1.79769e+308 2.4802 inf
1417 1.00365e-05 2.59336e-05 1.56218e-05 1.79769e+308 2.4802 inf
1418 1.01377e-05 2.42245e-05 1.56218e-05 1.79769e+308 2.4802 inf
1419 9.90851e-06 2.56981e-05 1.56218e-05 1.79769e+308 2.4802 inf
1420 1.01056e-05 2.38412e-05 1.56218e-05 1.79769e+308 2.4802 inf
1421 9.92052e-06 2.45492e-05 1.56218e-05 1.79769e+308 2.4802 inf
1422 9.94489e-06 2.60351e-05 1.56218e-05 1.79769e+308 2.4802 inf
1423 1.00365e-05 2.36665e-05 1.56218e-05 1.79769e+308 2.4802 inf
1424 1.00684e-05 2.35422e-05 1.56218e-05 1.79769e+308 2.4802 inf
1425 1.02066e-05 2.50098e-05 1.56218e-05 1.79769e+308 2.4802 inf
1426 1.02655e-05 2.3405e-05 1.56218e-05 1.79769e+308 2.4802 inf
1427 1.03341e-05 2.36237e-05 1.56218e-05 1.79769e+308 2.4802 inf
1428 1.03419e-05 2.41894e-05 1.56218e-05 1.79769e+308 2.4802 inf
1429 1.02542e-05 2.55786e-05 1.56218e-05 1.79769e+308 2.4802 inf
