1 100
2 100
3 100
4 100
5 100
6 100
7 99
8 99
9 98
10 98
11 97
12 97
13 96
14 95
15 95
16 95
17 94
18 93
19 93
20 93
21 92
22 91
23 91
24 90
25 90
26 90
27 89
28 89
29 88
30 88
31 87
32 86
33 86
34 85
35 85
36 85
37 84
38 83
39 83
40 82
41 82
42 82
43 81
44 80
45 80
46 80
47 79
48 79
49 78
50 77
51 77
52 77
53 76
54 75
55 75
56 75
57 74
58 73
59 73
60 72
61 72
62 72
63 71
64 70
65 70
66 69
67 69
68 69
69 68
70 67
71 67
72 66
73 66
74 66
75 65
76 64
77 64
78 63
79 63
80 63
81 62
82 62
83 61
84 60
85 60
86 60
87 59
88 59
89 58
90 57
91 57
92 57
93 56
94 56
95 55
96 54
97 54
98 54
99 53
100 53
101 52
102 51
103 51
104 50
105 50
106 50
107 49
108 49
109 48
110 48
111 47
112 46
113 46
114 45
115 45
116 44
117 44
118 44
119 43
120 43
121 42
122 42
123 41
124 40
125 40
126 39
127 39
128 38
129 38
130 38
131 37
132 37
133 36
134 36
135 35
136 34
137 34
138 33
139 33
140 32
141 32
142 32
143 31
144 31
145 30
146 30
147 29
148 28
149 28
150 27
151 27
152 26
153 26
154 25
155 25
156 25
157 24
158 24
159 23
160 23
161 22
162 21
163 21
164 20
165 20
166 19
167 19
168 19
169 18
170 18
171 17
172 17
173 16
174 15
175 15
176 14
177 14
178 13
179 13
180 13
181 12
182 12
183 11
184 11
185 10
186 9
187 9
188 8
189 8
190 7
191 7
192 7
193 6
194 6
195 5
196 5
197 4
198 3
199 3
200 2
201 2
202 1
203 1
204 0
205 100
206 100
207 99
208 99
209 98
210 98
211 97
212 97
213 96
214 95
215 95
216 95
217 94
218 93
219 93
220 93
221 92
222 91
223 91
224 90
225 90
226 90
227 89
228 89
229 88
230 88
231 87
232 86
233 86
234 85
235 85
236 85
237 84
238 83
239 83
240 82
241 82
242 82
243 81
244 80
245 80
246 80
247 79
248 79
249 78
250 77
251 77
252 77
253 76
254 75
255 75
256 75
257 74
258 73
259 73
260 72
261 72
262 72
263 71
264 70
265 70
266 69
267 69
268 69
269 68
270 67
271 67
272 66
273 66
274 66
275 65
276 64
277 64
278 63
279 63
280 63
281 62
282 62
283 61
284 60
285 60
286 60
287 59
288 59
289 58
290 57
291 57
292 57
293 56
294 56
295 55
296 54
297 54
298 54
299 53
300 53
301 52
302 51
303 51
304 50
305 50
306 50
307 49
308 49
309 48
310 48
311 47
312 46
313 46
314 45
315 45
316 44
317 44
318 44
319 43
320 43
321 42
322 42
323 41
324 40
325 40
326 39
327 39
328 38
329 38
330 38
331 37
332 37
333 36
334 36
335 35
336 34
337 34
338 33
339 33
340 32
341 32
342 32
343 31
344 31
345 30
346 30
347 29
348 28
349 28
350 27
351 27
352 26
353 26
354 25
355 25
356 25
357 24
358 24
359 23
360 23
361 22
362 21
363 21
364 20
365 20
366 19
367 19
368 19
369 18
370 18
371 17
372 17
373 16
374 15
375 15
376 14
377 14
378 13
379 13
380 13
381 12
382 12
383 11
384 11
385 10
386 9
387 9
388 8
389 8
390 7
391 7
392 7
393 6
394 6
395 5
396 5
397 4
398 3
399 3
400 2
401 2
402 1
403 1
404 0
405 100
406 100
407 99
408 99
409 98
410 98
411 97
412 97
413 96
414 95
415 95
416 95
417 94
418 93
419 93
420 93
421 92
422 91
423 100
424 100
425 99
426 99
427 98
428 98
429 97
430 97
431 96
432 95
433 95
434 95
435 94
436 93
437 93
438 93
439 92
440 91
441 91
442 90
443 90
444 90
445 89
446 89
447 88
448 88
449 87
450 100
451 100
452 99
453 99
454 98
455 98
456 97
457 97
458 96
459 95
460 95
461 95
462 94
463 93
464 93
465 93
466 92
467 91
468 91
469 90
470 90
471 90
472 89
473 89
474 88
475 88
476 87
477 86
478 86
479 85
480 85
481 85
482 84
483 83
484 83
485 82
486 82
487 82
488 81
489 80
490 80
491 80
492 79
493 79
494 78
495 77
496 77
497 77
498 76
499 75
500 75
501 75
502 74
503 73
504 73
505 72
506 72
507 72
508 71
509 70
510 70
511 100
512 100
513 99
514 99
515 98
516 98
517 97
518 97
519 96
520 95
521 95
522 95
523 94
524 93
525 93
526 93
527 92
528 91
529 91
530 90
531 90
532 90
533 89
534 89
535 88
536 88
537 87
538 86
539 86
540 85
541 85
542 85
543 84
544 83
545 83
546 82
547 82
548 82
549 81
550 80
551 80
552 80
553 79
554 79
555 78
556 77
557 77
558 77
559 76
560 75
561 75
562 75
563 74
564 73
565 73
566 72
567 72
568 72
569 71
570 70
571 70
572 69
573 69
574 69
575 68
576 67
577 67
578 66
579 66
580 66
581 65
582 64
583 64
584 63
585 63
586 63
587 62
588 62
589 61
590 60
591 60
592 60
593 59
594 59
595 58
596 57
597 57
598 57
599 56
600 56
601 55
602 54
603 54
604 54
605 53
606 53
607 52
608 51
609 51
610 50
611 50
612 50
613 49
614 49
615 48
616 48
617 47
618 46
619 46
620 45
621 45
622 44
623 44
624 44
625 43
626 43
627 42
628 42
629 41
630 40
631 40
632 39
633 39
634 38
635 38
636 38
637 37
638 37
639 36
640 36
641 35
642 34
643 34
644 33
645 33
646 32
647 32
648 32
649 31
650 31
651 30
652 30
653 29
654 28
655 28
656 27
657 27
658 26
659 100
660 100
661 99
662 99
663 98
664 98
665 97
666 97
667 96
668 95
669 95
670 95
671 94
672 93
673 93
674 93
675 92
676 91
677 91
678 90
679 90
680 90
681 89
682 89
683 88
684 88
685 87
686 86
687 86
688 85
689 85
690 85
691 84
692 83
693 83
694 82
695 82
696 82
697 81
698 80
699 80
700 80
701 79
702 79
703 78
704 77
705 77
706 77
707 76
708 75
709 75
710 75
711 74
712 73
713 73
714 72
715 72
716 72
717 71
718 70
719 70
720 69
721 69
722 69
723 68
724 67
725 67
726 66
727 66
728 66
729 65
730 64
731 64
732 63
733 63
734 63
735 62
736 62
737 61
738 60
739 60
740 60
741 59
742 59
743 58
744 57
745 57
746 57
747 56
748 56
749 55
750 54
751 54
752 54
753 53
754 53
755 52
756 51
757 51
758 50
759 50
760 50
761 49
762 49
763 48
764 48
765 47
766 46
767 46
768 45
769 45
770 44
771 44
772 44
773 43
774 43
775 42
776 42
777 41
778 40
779 40
780 39
781 39
782 38
783 38
784 38
785 37
786 37
787 36
788 36
789 35
790 34
791 34
792 33
793 33
794 32
795 32
796 32
797 31
798 31
799 30
800 30
801 29
802 28
803 28
804 27
805 27
806 26
807 26
808 25
809 25
810 25
811 24
812 24
813 23
814 23
815 22
816 21
817 21
818 20
819 20
820 19
821 19
822 19
823 18
824 18
825 17
826 17
827 16
828 15
829 15
830 14
831 14
832 13
833 13
834 13
835 12
836 12
837 11
838 11
839 10
840 9
841 9
842 8
843 8
844 7
845 7
846 7
847 6
848 6
849 5
850 5
851 4
852 3
853 3
854 2
855 2
856 1
857 1
858 0
859 100
860 100
861 99
862 99
863 98
864 98
865 97
866 97
867 100
868 100
869 99
870 99
871 98
872 98
873 97
874 97
875 96
876 95
877 95
878 95
879 94
880 93
881 93
882 93
883 92
884 91
885 91
886 90
887 90
888 90
889 89
890 89
891 88
892 88
893 87
894 86
895 86
896 85
897 85
898 85
899 84
900 83
901 83
902 82
903 82
904 82
905 81
906 80
907 80
908 80
909 79
910 79
911 78
912 77
913 77
914 77
915 76
916 75
917 75
918 75
919 74
920 73
921 73
922 72
923 72
924 72
925 71
926 70
927 70
928 69
929 69
930 69
931 68
932 67
933 67
934 66
935 66
936 66
937 65
938 64
939 64
940 63
941 63
942 63
943 62
944 62
945 61
946 60
947 60
948 60
949 59
950 59
951 58
952 57
953 57
954 57
955 56
956 56
957 55
958 54
959 54
960 54
961 53
962 53
963 52
964 51
965 51
966 50
967 50
968 50
969 49
970 49
971 48
972 48
973 47
974 46
975 46
976 45
977 45
978 44
979 44
980 44
981 43
982 43
983 42
984 42
985 41
986 40
987 40
988 39
989 39
990 38
991 38
992 38
993 37
994 37
995 36
996 36
997 35
998 34
999 34
1000 33
1001 33
1002 32
1003 32
1004 32
1005 31
1006 31
1007 30
1008 30
1009 29
1010 28
1011 28
1012 27
1013 27
1014 26
1015 26
1016 25
1017 25
1018 25
1019 24
1020 24
1021 23
1022 23
1023 22
1024 21
1025 21
1026 20
1027 100
1028 100
1029 99
1030 99
1031 98
1032 98
1033 97
1034 97
1035 96
1036 95
1037 95
1038 95
1039 94
1040 93
1041 93
1042 93
1043 92
1044 91
1045 91
1046 90
1047 90
1048 90
1049 89
1050 89
1051 88
1052 88
1053 87
1054 86
1055 86
1056 85
1057 85
1058 85
1059 84
1060 83
1061 83
1062 82
1063 82
1064 82
1065 81
1066 80
1067 80
1068 80
1069 79
1070 79
1071 78
1072 77
1073 77
1074 77
1075 76
1076 75
1077 75
1078 75
1079 74
1080 73
1081 73
1082 72
1083 72
1084 72
1085 71
1086 70
1087 70
1088 69
1089 69
1090 69
1091 68
1092 67
1093 67
1094 66
1095 66
1096 66
1097 65
1098 64
1099 64
1100 63
1101 63
1102 63
1103 62
1104 62
1105 61
1106 60
1107 60
1108 60
1109 59
1110 59
1111 58
1112 57
1113 57
1114 57
1115 56
1116 56
1117 55
1118 54
1119 54
1120 54
1121 53
1122 53
1123 52
1124 51
1125 51
1126 50
1127 50
1128 50
1129 49
1130 49
1131 48
1132 48
1133 47
1134 46
1135 46
1136 45
1137 45
1138 44
1139 44
1140 44
1141 43
1142 43
1143 42
1144 42
1145 41
1146 40
1147 40
1148 39
1149 39
1150 38
1151 38
1152 38
1153 37
1154 37
1155 36
1156 36
1157 35
1158 34
1159 34
1160 33
1161 33
1162 32
1163 32
1164 32
1165 31
1166 31
1167 30
1168 30
1169 29
1170 28
1171 28
1172 27
1173 27
1174 26
1175 26
1176 25
1177 25
1178 25
1179 24
1180 24
1181 23
1182 23
1183 22
1184 21
1185 21
1186 20
1187 20
1188 19
1189 19
1190 19
1191 18
1192 18
1193 17
1194 17
1195 16
1196 15
1197 15
1198 14
1199 14
1200 13
1201 13
1202 13
1203 12
1204 12
1205 11
1206 11
1207 10
1208 9
1209 9
1210 8
1211 8
1212 7
1213 7
1214 7
1215 6
1216 6
1217 5
1218 5
1219 4
1220 3
1221 3
1222 2
1223 2
1224 1
1225 1
1226 0
1227 100
1228 100
1229 99
1230 99
1231 98
1232 98
1233 97
1234 97
1235 96
1236 95
1237 95
1238 95
1239 94
1240 93
1241 93
1242 93
1243 92
1244 91
1245 91
1246 90
1247 90
1248 90
1249 89
1250 89
1251 88
1252 88
1253 87
1254 86
1255 86
1256 85
1257 85
1258 85
1259 84
1260 83
1261 83
1262 82
1263 82
1264 82
1265 81
1266 80
1267 80
1268 80
1269 79
1270 79
1271 78
1272 77
1273 77
1274 77
1275 76
1276 75
1277 75
1278 75
1279 74
1280 73
1281 73
1282 72
1283 72
1284 72
1285 71
1286 70
1287 70
1288 100
1289 100
1290 99
1291 99
1292 98
1293 98
1294 97
1295 97
1296 96
1297 95
1298 95
1299 95
1300 94
1301 93
1302 93
1303 93
1304 92
1305 91
1306 91
1307 90
1308 90
1309 90
1310 89
1311 89
1312 88
1313 88
1314 87
1315 86
1316 86
1317 85
1318 85
1319 85
1320 84
1321 83
1322 83
1323 82
1324 82
1325 82
1326 81
1327 80
1328 80
1329 80
1330 79
1331 79
1332 78
1333 77
1334 77
1335 77
1336 76
1337 75
1338 75
1339 75
1340 74
1341 73
1342 73
1343 72
1344 72
1345 72
1346 71
1347 70
1348 70
1349 69
1350 69
1351 69
1352 68
1353 67
1354 67
1355 66
1356 66
1357 66
1358 65
1359 64
1360 64
1361 63
1362 63
1363 63
1364 62
1365 62
1366 61
1367 60
1368 60
1369 60
1370 59
1371 59
1372 58
1373 57
1374 57
1375 57
1376 56
1377 56
1378 55
1379 54
1380 54
1381 54
1382 53
1383 53
1384 52
1385 51
1386 51
1387 50
1388 50
1389 50
1390 49
1391 49
1392 48
1393 48
1394 47
1395 46
1396 46
1397 45
1398 45
1399 44
1400 44
1401 44
1402 43
1403 43
1404 42
1405 42
1406 41
1407 40
1408 40
1409 39
1410 39
1411 38
1412 38
1413 38
1414 37
1415 37
1416 36
1417 36
1418 35
1419 34
1420 34
1421 33
1422 33
1423 32
1424 32
1425 32
1426 31
1427 31
1428 30
1429 30
1430 29
1431 28
1432 28
1433 27
1434 27
1435 26
1436 26
1437 25
1438 25
1439 25
1440 24
1441 24
1442 23
1443 23
1444 22
1445 21
1446 21
1447 20
1448 20
1449 19
1450 19
1451 19
1452 18
1453 18
1454 17
1455 17
1456 16
1457 15
1458 15
1459 14
1460 14
1461 13
1462 13
1463 13
1464 12
1465 12
1466 11
1467 11
1468 10
1469 9
1470 9
1471 8
1472 8
1473 7
1474 7
1475 7
1476 6
1477 6
1478 5
1479 5
1480 4
1481 3
1482 3
1483 2
1484 2
1485 1
1486 1
1487 0
1488 100
1489 100
1490 99
1491 99
1492 98
1493 98
1494 97
1495 97
1496 96
1497 95
1498 95
1499 95
1500 94
1501 93
1502 93
1503 93
1504 92
1505 91
1506 91
1507 90
1508 100
1509 100
1510 99
1511 99
1512 98
1513 98
1514 97
1515 97
1516 96
1517 95
1518 95
1519 95
1520 94
1521 93
1522 93
1523 93
1524 92
1525 91
1526 91
1527 90
1528 90
1529 90
1530 89
1531 89
1532 88
1533 88
1534 87
1535 86
1536 86
1537 85
1538 85
1539 85
1540 84
1541 83
1542 83
1543 82
1544 82
1545 82
1546 81
1547 80
1548 80
1549 80
1550 79
1551 79
1552 78
1553 77
1554 77
1555 77
1556 76
1557 100
1558 100
1559 99
1560 99
1561 98
1562 98
1563 97
1564 97
1565 96
1566 95
1567 95
1568 95
1569 94
1570 93
1571 93
1572 93
1573 92
1574 91
1575 91
1576 90
1577 90
1578 90
1579 89
1580 89
1581 88
1582 88
1583 87
1584 86
1585 86
1586 85
1587 85
1588 85
1589 84
1590 83
1591 83
1592 82
1593 82
1594 82
1595 81
1596 80
1597 80
1598 80
1599 79
1600 79
1601 78
1602 77
1603 77
1604 77
1605 76
1606 75
1607 75
1608 75
1609 74
1610 73
1611 73
1612 72
1613 72
1614 72
1615 71
1616 70
1617 70
1618 69
1619 69
1620 69
1621 68
1622 67
1623 67
1624 66
1625 66
1626 66
1627 65
1628 64
1629 64
1630 63
1631 63
1632 63
1633 62
1634 62
1635 61
1636 60
1637 60
1638 60
1639 59
1640 59
1641 58
1642 57
1643 57
1644 57
1645 56
1646 56
1647 55
1648 54
1649 54
1650 54
1651 53
1652 53
1653 52
1654 51
1655 51
1656 50
1657 50
1658 50
1659 49
1660 49
1661 48
1662 48
1663 47
1664 46
1665 46
1666 45
1667 45
1668 44
1669 44
1670 44
1671 43
1672 43
1673 42
1674 42
1675 41
1676 40
1677 40
1678 39
1679 39
1680 38
1681 38
1682 38
1683 37
1684 37
1685 36
1686 36
1687 35
1688 34
1689 34
1690 33
1691 33
1692 32
1693 32
1694 32
1695 31
1696 31
1697 30
1698 30
1699 29
1700 28
1701 28
1702 27
1703 27
1704 26
1705 26
1706 25
1707 25
1708 25
1709 24
1710 24
1711 23
1712 23
1713 22
1714 21
1715 21
1716 20
1717 20
1718 19
1719 19
1720 19
1721 18
1722 18
1723 17
1724 17
1725 16
1726 15
1727 15
1728 14
1729 14
1730 13
1731 13
1732 13
1733 12
1734 12
1735 11
1736 11
1737 10
1738 9
1739 9
1740 8
1741 8
1742 7
1743 7
1744 7
1745 6
1746 6
1747 5
1748 5
1749 4
1750 3
1751 3
1752 2
1753 2
1754 1
1755 1
1756 0
1757 100
1758 100
1759 100
1760 100
1761 99
1762 99
1763 98
1764 100
1765 100
1766 99
1767 99
1768 98
1769 98
1770 97
1771 97
1772 96
1773 95
1774 95
1775 95
1776 94
1777 93
1778 93
1779 93
1780 92
1781 91
1782 91
1783 90
1784 90
1785 90
1786 89
1787 89
1788 88
1789 88
1790 87
1791 86
1792 86
1793 85
1794 85
1795 85
1796 100
1797 100
1798 99
1799 99
1800 98
1801 98
1802 97
1803 97
1804 96
1805 95
1806 95
1807 95
1808 94
1809 93
1810 93
1811 93
1812 92
1813 91
1814 91
1815 90
1816 90
1817 90
1818 89
1819 89
1820 88
1821 88
1822 87
1823 86
1824 86
1825 85
1826 85
1827 85
1828 84
1829 83
1830 83
1831 82
1832 82
1833 82
1834 81
1835 80
1836 80
1837 80
1838 79
1839 79
1840 78
1841 77
1842 77
1843 77
1844 76
1845 75
1846 75
1847 75
1848 74
1849 73
1850 73
1851 72
1852 72
1853 72
1854 71
1855 70
1856 70
1857 69
1858 69
1859 69
1860 68
1861 67
1862 67
1863 66
1864 66
1865 66
1866 65
1867 64
1868 64
1869 63
1870 63
1871 63
1872 62
1873 62
1874 61
1875 60
1876 60
1877 60
1878 59
1879 59
1880 58
1881 57
1882 57
1883 57
1884 56
1885 56
1886 55
1887 54
1888 54
1889 54
1890 53
1891 53
1892 52
1893 51
1894 51
1895 50
1896 50
1897 50
1898 49
1899 49
1900 48
1901 48
1902 47
1903 46
1904 46
1905 45
1906 45
1907 44
1908 44
1909 44
1910 43
1911 43
1912 42
1913 42
1914 41
1915 40
1916 40
1917 39
1918 39
1919 38
1920 38
1921 38
1922 37
1923 37
1924 36
1925 36
1926 35
1927 34
1928 34
1929 33
1930 33
1931 32
1932 32
1933 32
1934 31
1935 31
1936 30
1937 30
1938 29
1939 28
1940 28
1941 27
1942 27
1943 26
1944 26
1945 25
1946 25
1947 25
1948 24
1949 24
1950 23
1951 23
1952 22
1953 21
1954 21
1955 20
1956 20
1957 19
1958 19
1959 19
1960 18
1961 18
1962 17
1963 17
1964 16
1965 15
1966 15
1967 14
1968 14
1969 13
1970 13
1971 13
1972 12
1973 12
1974 11
1975 11
1976 10
1977 9
1978 9
1979 8
1980 8
1981 7
1982 7
1983 7
1984 6
1985 6
1986 5
1987 5
1988 4
1989 3
1990 3
1991 2
1992 2
1993 1
1994 1
1995 0
1996 100
1997 100
1998 99
1999 99
2000 98
2001 98
2002 97
2003 97
2004 96
2005 95
2006 95
2007 95
2008 94
2009 93
2010 93
2011 93
2012 92
2013 91
2014 91
2015 90
2016 90
2017 90
2018 89
2019 89
2020 88
2021 88
2022 87
2023 86
2024 86
2025 85
2026 85
2027 85
2028 84
2029 83
2030 83
2031 82
2032 82
2033 82
2034 81
2035 80
2036 80
2037 80
2038 79
2039 79
2040 78
2041 77
2042 77
2043 77
2044 76
2045 75
2046 75
2047 75
2048 74
2049 73
2050 73
2051 72
2052 72
2053 72
2054 71
2055 70
2056 70
2057 69
2058 69
2059 69
2060 68
2061 67
2062 67
2063 66
2064 66
2065 66
2066 65
2067 64
2068 64
2069 63
2070 63
2071 63
2072 62
2073 62
2074 61
2075 60
2076 60
2077 60
2078 59
2079 59
2080 58
2081 57
2082 57
2083 57
2084 56
2085 56
2086 55
2087 54
2088 54
2089 54
2090 53
2091 53
2092 52
2093 51
2094 51
2095 50
2096 50
2097 50
2098 49
2099 49
2100 48
2101 48
2102 47
2103 46
2104 46
2105 45
2106 45
2107 44
2108 44
2109 44
2110 43
2111 43
2112 42
2113 42
2114 41
2115 40
2116 40
2117 39
2118 39
2119 38
2120 38
2121 38
2122 37
2123 37
2124 36
2125 36
2126 35
2127 34
2128 34
2129 33
2130 33
2131 32
2132 32
2133 32
2134 31
2135 31
2136 30
2137 30
2138 29
2139 28
2140 28
2141 27
2142 27
2143 26
2144 26
2145 25
2146 25
2147 25
2148 24
2149 24
2150 23
2151 23
2152 22
2153 21
2154 21
2155 20
2156 20
2157 19
2158 19
2159 19
2160 18
2161 18
2162 17
2163 17
2164 16
2165 15
2166 15
2167 14
2168 14
2169 13
2170 13
2171 13
2172 12
2173 12
2174 11
2175 11
2176 10
2177 9
2178 9
2179 8
2180 8
2181 7
2182 7
2183 7
2184 6
2185 6
2186 5
2187 5
2188 4
2189 3
2190 3
2191 2
2192 2
2193 1
2194 1
2195 0
2196 100
2197 100
2198 99
2199 99
2200 98
2201 98
2202 97
2203 97
2204 96
2205 95
2206 95
2207 95
2208 94
2209 93
2210 93
2211 93
2212 92
2213 91
2214 91
2215 90
2216 90
2217 90
2218 89
2219 89
2220 88
2221 88
2222 87
2223 86
2224 86
2225 85
2226 85
2227 85
2228 84
2229 83
2230 83
2231 82
2232 82
2233 82
2234 81
2235 80
2236 80
2237 80
2238 79
2239 79
2240 78
2241 77
2242 77
2243 77
2244 76
2245 75
2246 75
2247 75
2248 74
2249 73
2250 73
2251 72
2252 72
2253 72
2254 71
2255 70
2256 70
2257 69
2258 69
2259 69
2260 68
2261 67
2262 67
2263 66
2264 66
2265 66
2266 65
2267 64
2268 64
2269 63
2270 63
2271 63
2272 62
2273 62
2274 61
2275 60
2276 60
2277 60
2278 59
2279 59
2280 58
2281 57
2282 57
2283 57
2284 56
2285 56
2286 55
2287 54
2288 54
2289 54
2290 53
2291 53
2292 52
2293 51
2294 51
2295 50
2296 50
2297 50
2298 49
2299 49
2300 48
2301 48
2302 47
2303 46
2304 46
2305 45
2306 45
2307 44
2308 44
2309 44
2310 43
2311 43
2312 42
2313 42
2314 41
2315 40
2316 40
2317 39
2318 39
2319 38
2320 38
2321 38
2322 37
2323 37
2324 36
2325 36
2326 35
2327 34
2328 34
2329 33
2330 33
2331 32
2332 32
2333 32
2334 31
2335 31
2336 30
2337 30
2338 29
2339 28
2340 28
2341 27
2342 27
2343 26
2344 26
2345 25
2346 25
2347 25
2348 24
2349 24
2350 23
2351 23
2352 22
2353 21
2354 21
2355 20
2356 20
2357 19
2358 19
2359 19
2360 18
2361 18
2362 17
2363 17
2364 16
2365 15
2366 15
2367 14
2368 14
2369 13
2370 13
2371 13
2372 12
2373 12
2374 11
2375 11
2376 10
2377 9
2378 9
2379 8
2380 8
2381 7
2382 7
2383 7
2384 6
2385 6
2386 5
2387 5
2388 4
2389 3
2390 3
2391 2
2392 2
2393 1
2394 1
2395 0
2396 100
2397 100
2398 99
2399 99
2400 98
2401 98
2402 97
2403 97
2404 96
2405 95
2406 95
2407 95
2408 94
2409 93
2410 93
2411 93
2412 92
2413 91
2414 91
2415 90
2416 90
2417 90
2418 89
2419 89
2420 88
2421 88
2422 87
2423 86
2424 86
2425 85
2426 85
2427 85
2428 84
2429 83
2430 83
2431 82
2432 82
2433 82
2434 81
2435 80
2436 80
2437 80
2438 79
2439 79
2440 78
2441 77
2442 77
2443 77
2444 76
2445 75
2446 75
2447 75
2448 74
2449 73
2450 73
2451 72
2452 72
2453 72
2454 71
2455 70
2456 70
2457 69
2458 69
2459 69
2460 68
2461 67
2462 67
2463 66
2464 66
2465 66
2466 65
2467 64
2468 64
2469 63
2470 63
2471 63
2472 62
2473 62
2474 61
2475 60
2476 60
2477 60
2478 59
2479 59
2480 58
2481 57
2482 57
2483 57
2484 56
2485 56
2486 55
2487 54
2488 54
2489 54
2490 53
2491 53
2492 52
2493 51
2494 51
2495 50
2496 50
2497 50
2498 49
2499 49
2500 48
2501 48
2502 47
2503 46
2504 46
2505 45
2506 45
2507 44
2508 44
2509 44
2510 43
2511 43
2512 42
2513 42
2514 41
2515 40
2516 40
2517 39
2518 39
2519 38
2520 38
2521 38
2522 37
2523 37
2524 36
2525 36
2526 35
2527 34
2528 34
2529 33
2530 33
2531 32
2532 32
2533 32
2534 31
2535 31
2536 30
2537 30
2538 29
2539 28
2540 28
2541 27
2542 27
2543 26
2544 26
2545 25
2546 25
2547 25
2548 24
2549 24
2550 23
2551 23
2552 22
2553 21
2554 21
2555 20
2556 20
2557 19
2558 19
2559 19
2560 18
2561 18
2562 17
2563 17
2564 16
2565 15
2566 15
2567 14
2568 14
2569 13
2570 13
2571 13
2572 12
2573 12
2574 11
2575 11
2576 10
2577 9
2578 9
2579 8
2580 8
2581 7
2582 7
2583 7
2584 6
2585 6
2586 5
2587 5
2588 4
2589 3
2590 3
2591 2
2592 2
2593 1
2594 1
2595 0
