1 14.711 0.0541842 1.79769e+308 1.79769e+308 inf inf
2 0.236015 0.143934 1.79769e+308 1.79769e+308 inf inf
3 0.464269 0.22226 0.143934 0.00104765 238.068 20.3109
4 0.108421 0.189538 0.143934 0.00104765 238.068 20.3109
5 0.524179 0.0237025 0.143934 0.00104765 238.068 20.3109
6 0.0684631 0.0963974 0.0237025 0.000611754 96.6089 15.5206
7 0.309541 0.0380415 0.0237025 0.000611754 96.6089 15.5206
8 0.076228 0.26576 0.0237025 0.000611754 96.6089 15.5206
9 0.0715872 0.0262936 0.0237025 0.000611754 96.6089 15.5206
10 0.099606 0.0121042 0.0237025 0.000611754 96.6089 15.5206
11 1.62322 0.111746 0.0121042 0.000416278 69.0381 12.803
12 0.051749 0.012613 0.0121042 0.000416278 69.0381 12.803
13 0.0665877 0.120313 0.0121042 0.000416278 69.0381 12.803
14 0.044733 0.0272753 0.0121042 0.000416278 69.0381 12.803
15 0.0815507 0.0467453 0.0121042 0.000416278 69.0381 12.803
16 0.0608205 0.0733203 0.0121042 0.000416278 69.0381 12.803
17 0.0685615 0.125914 0.0121042 0.000416278 69.0381 12.803
18 0.202767 0.0144144 0.0121042 0.000416278 69.0381 12.803
19 0.0521809 0.00925016 0.0121042 0.000416278 69.0381 12.803
20 0.0583079 0.0142762 0.00925016 0.000352898 60.3524 11.7881
21 0.0580642 0.0368991 0.00925016 0.000352898 60.3524 11.7881
22 0.0459184 0.0984819 0.00925016 0.000352898 60.3524 11.7881
23 0.071023 0.0856696 0.00925016 0.000352898 60.3524 11.7881
24 0.0655885 0.0072989 0.00925016 0.000352898 60.3524 11.7881
25 0.044313 0.0226147 0.0072989 0.000326224 53.6104 11.3339
26 0.0758923 0.0111054 0.0072989 0.000326224 53.6104 11.3339
27 0.027428 0.0142672 0.0072989 0.000326224 53.6104 11.3339
28 0.042951 0.0731878 0.0072989 0.000326224 53.6104 11.3339
29 0.0635451 0.00959204 0.0072989 0.000326224 53.6104 11.3339
30 0.0853191 0.0149199 0.0072989 0.000326224 53.6104 11.3339
31 0.0576144 0.0187121 0.0072989 0.000326224 53.6104 11.3339
32 0.0178906 0.0101236 0.0072989 0.000326224 53.6104 11.3339
33 0.0368859 0.00718479 0.0072989 0.000326224 53.6104 11.3339
34 0.0476685 0.0349914 0.00718479 0.000323197 53.1897 11.2812
35 0.0440629 0.0152189 0.00718479 0.000323197 53.1897 11.2812
36 0.0528929 0.013757 0.00718479 0.000323197 53.1897 11.2812
37 0.0631349 0.00653005 0.00718479 0.000323197 53.1897 11.2812
38 0.019586 0.0225444 0.00653005 0.000310624 50.7082 11.0596
39 0.0575539 0.130721 0.00653005 0.000310624 50.7082 11.0596
40 0.0447669 0.0609605 0.00653005 0.000310624 50.7082 11.0596
41 0.0387532 0.00502455 0.00653005 0.000310624 50.7082 11.0596
42 0.0274902 0.0123844 0.00502455 0.00030163 44.4804 10.8983
43 0.055243 0.0261613 0.00502455 0.00030163 44.4804 10.8983
44 0.0280589 0.12775 0.00502455 0.00030163 44.4804 10.8983
45 0.0384327 0.007256 0.00502455 0.00030163 44.4804 10.8983
46 0.0866893 0.0139776 0.00502455 0.00030163 44.4804 10.8983
47 0.0260072 0.0115997 0.00502455 0.00030163 44.4804 10.8983
48 0.0367454 0.0105558 0.00502455 0.00030163 44.4804 10.8983
49 0.0367093 0.0118344 0.00502455 0.00030163 44.4804 10.8983
50 0.0458967 0.00936476 0.00502455 0.00030163 44.4804 10.8983
51 0.0502917 0.00829653 0.00502455 0.00030163 44.4804 10.8983
52 0.0327184 0.0104371 0.00502455 0.00030163 44.4804 10.8983
53 0.0431468 0.00485361 0.00502455 0.00030163 44.4804 10.8983
54 0.0219231 0.0607544 0.00485361 0.000289754 43.7172 10.6816
55 0.0464867 0.013261 0.00485361 0.000289754 43.7172 10.6816
56 0.0278594 0.0550189 0.00485361 0.000289754 43.7172 10.6816
57 0.0438007 0.013404 0.00485361 0.000289754 43.7172 10.6816
58 0.0642599 0.121219 0.00485361 0.000289754 43.7172 10.6816
59 0.0234852 0.00805786 0.00485361 0.000289754 43.7172 10.6816
60 0.0241637 0.00668416 0.00485361 0.000289754 43.7172 10.6816
61 0.0312719 0.0164281 0.00485361 0.000289754 43.7172 10.6816
62 0.0328904 0.00514759 0.00485361 0.000289754 43.7172 10.6816
63 0.085792 0.00498693 0.00485361 0.000289754 43.7172 10.6816
64 0.0195795 0.0638581 0.00485361 0.000289754 43.7172 10.6816
65 0.0243125 0.0184903 0.00485361 0.000289754 43.7172 10.6816
66 0.0417167 0.00871305 0.00485361 0.000289754 43.7172 10.6816
67 0.0734503 0.00551181 0.00485361 0.000289754 43.7172 10.6816
68 0.0150259 0.00447276 0.00485361 0.000289754 43.7172 10.6816
69 0.0390909 0.174087 0.00447276 0.000285521 41.967 10.6033
70 0.0444492 0.00559241 0.00447276 0.000285521 41.967 10.6033
71 0.0266401 0.0154476 0.00447276 0.000285521 41.967 10.6033
72 0.0417512 0.00773613 0.00447276 0.000285521 41.967 10.6033
73 0.0270232 0.00496621 0.00447276 0.000285521 41.967 10.6033
74 0.0345556 0.0107061 0.00447276 0.000285521 41.967 10.6033
75 0.0278981 0.0335957 0.00447276 0.000285521 41.967 10.6033
76 0.0428451 0.0159622 0.00447276 0.000285521 41.967 10.6033
77 0.0672194 0.00830542 0.00447276 0.000285521 41.967 10.6033
78 0.0105096 0.00834139 0.00447276 0.000285521 41.967 10.6033
79 0.0378634 0.0107286 0.00447276 0.000285521 41.967 10.6033
80 0.0414679 0.00993267 0.00447276 0.000285521 41.967 10.6033
81 0.0211064 0.00650141 0.00447276 0.000285521 41.967 10.6033
82 0.0318382 0.0323705 0.00447276 0.000285521 41.967 10.6033
83 0.0383405 0.0040804 0.00447276 0.000285521 41.967 10.6033
84 0.0354746 0.0209587 0.0040804 0.000284085 40.084 10.5766
85 0.0454584 0.0872055 0.0040804 0.000284085 40.084 10.5766
86 0.0164921 0.00554913 0.0040804 0.000284085 40.084 10.5766
87 0.0374458 0.043929 0.0040804 0.000284085 40.084 10.5766
88 0.0754345 0.00394437 0.0040804 0.000284085 40.084 10.5766
89 0.0119588 0.00524663 0.00394437 0.000281165 39.4102 10.5221
90 0.0295489 0.00869608 0.00394437 0.000281165 39.4102 10.5221
91 0.034678 0.0208007 0.00394437 0.000281165 39.4102 10.5221
92 0.0370258 0.0171495 0.00394437 0.000281165 39.4102 10.5221
93 0.0381434 0.00376391 0.00394437 0.000281165 39.4102 10.5221
94 0.0234342 0.0148354 0.00376391 0.000284105 38.4982 10.5769
95 0.0511753 0.00373275 0.00376391 0.000284105 38.4982 10.5769
96 0.0195225 0.0112946 0.00373275 0.000284613 38.3384 10.5864
97 0.0224989 0.00580731 0.00373275 0.000284613 38.3384 10.5864
98 0.0487421 0.00421353 0.00373275 0.000284613 38.3384 10.5864
99 0.0259933 0.0452556 0.00373275 0.000284613 38.3384 10.5864
100 0.033788 0.00415964 0.00373275 0.000284613 38.3384 10.5864
101 0.0587182 0.0133812 0.00373275 0.000284613 38.3384 10.5864
102 0.0163996 0.0480147 0.00373275 0.000284613 38.3384 10.5864
103 0.0330665 0.00374294 0.00373275 0.000284613 38.3384 10.5864
104 0.0367641 0.0141302 0.00373275 0.000284613 38.3384 10.5864
105 0.0225831 0.00580115 0.00373275 0.000284613 38.3384 10.5864
106 0.0262255 0.00633138 0.00373275 0.000284613 38.3384 10.5864
107 0.0309188 0.00374643 0.00373275 0.000284613 38.3384 10.5864
108 0.0293131 0.0120105 0.00373275 0.000284613 38.3384 10.5864
109 0.0686398 0.00357513 0.00373275 0.000284613 38.3384 10.5864
110 0.0178341 0.00608205 0.00357513 0.000286607 37.5203 10.6234
111 0.0385368 0.00391355 0.00357513 0.000286607 37.5203 10.6234
112 0.0251607 0.198414 0.00357513 0.000286607 37.5203 10.6234
113 0.0370866 0.00479833 0.00357513 0.000286607 37.5203 10.6234
114 0.024686 0.0126097 0.00357513 0.000286607 37.5203 10.6234
115 0.0455515 0.0705053 0.00357513 0.000286607 37.5203 10.6234
116 0.0284058 0.00504868 0.00357513 0.000286607 37.5203 10.6234
117 0.0325448 0.00500105 0.00357513 0.000286607 37.5203 10.6234
118 0.0317643 0.00382456 0.00357513 0.000286607 37.5203 10.6234
119 0.0215037 0.0551215 0.00357513 0.000286607 37.5203 10.6234
120 0.0399406 0.00803207 0.00357513 0.000286607 37.5203 10.6234
121 0.0189005 0.0194934 0.00357513 0.000286607 37.5203 10.6234
122 0.0509803 0.00448403 0.00357513 0.000286607 37.5203 10.6234
123 0.0231395 0.0292442 0.00357513 0.000286607 37.5203 10.6234
124 0.0189032 0.00720237 0.00357513 0.000286607 37.5203 10.6234
125 0.0575652 0.00776476 0.00357513 0.000286607 37.5203 10.6234
126 0.0152692 0.00526288 0.00357513 0.000286607 37.5203 10.6234
127 0.058483 0.00325252 0.00357513 0.000286607 37.5203 10.6234
128 0.0232097 0.0637003 0.00325252 0.000285488 35.7874 10.6026
129 0.0365468 0.00651157 0.00325252 0.000285488 35.7874 10.6026
130 0.0280336 0.00449348 0.00325252 0.000285488 35.7874 10.6026
131 0.0301556 0.0178732 0.00325252 0.000285488 35.7874 10.6026
132 0.0265306 0.0248742 0.00325252 0.000285488 35.7874 10.6026
133 0.0406524 0.032575 0.00325252 0.000285488 35.7874 10.6026
134 0.0274043 0.00738624 0.00325252 0.000285488 35.7874 10.6026
135 0.0614741 0.0148904 0.00325252 0.000285488 35.7874 10.6026
136 0.0158159 0.0168543 0.00325252 0.000285488 35.7874 10.6026
137 0.0248133 0.0055047 0.00325252 0.000285488 35.7874 10.6026
138 0.0240793 0.0127044 0.00325252 0.000285488 35.7874 10.6026
139 0.0548588 0.00431837 0.00325252 0.000285488 35.7874 10.6026
140 0.0317941 0.0081382 0.00325252 0.000285488 35.7874 10.6026
141 0.0188014 0.00949963 0.00325252 0.000285488 35.7874 10.6026
142 0.0328147 0.0223376 0.00325252 0.000285488 35.7874 10.6026
143 0.0326997 0.0138894 0.00325252 0.000285488 35.7874 10.6026
144 0.0341764 0.00708189 0.00325252 0.000285488 35.7874 10.6026
145 0.0211717 0.00389321 0.00325252 0.000285488 35.7874 10.6026
146 0.0440769 0.0188651 0.00325252 0.000285488 35.7874 10.6026
147 0.0335484 0.00696556 0.00325252 0.000285488 35.7874 10.6026
148 0.0369899 0.221337 0.00325252 0.000285488 35.7874 10.6026
149 0.0314956 0.0130086 0.00325252 0.000285488 35.7874 10.6026
150 0.0204379 0.0207582 0.00325252 0.000285488 35.7874 10.6026
151 0.0479178 0.00633608 0.00325252 0.000285488 35.7874 10.6026
152 0.0269305 0.0296877 0.00325252 0.000285488 35.7874 10.6026
153 0.0403385 0.0132326 0.00325252 0.000285488 35.7874 10.6026
154 0.0256951 0.00907489 0.00325252 0.000285488 35.7874 10.6026
155 0.0309386 0.00273128 0.00325252 0.000285488 35.7874 10.6026
156 0.041586 0.0914927 0.00273128 0.000287387 32.7947 10.6378
157 0.0236707 0.00565538 0.00273128 0.000287387 32.7947 10.6378
158 0.0258787 0.00565854 0.00273128 0.000287387 32.7947 10.6378
159 0.0288829 0.0227431 0.00273128 0.000287387 32.7947 10.6378
160 0.0734978 0.00627459 0.00273128 0.000287387 32.7947 10.6378
161 0.0137039 0.0186375 0.00273128 0.000287387 32.7947 10.6378
162 0.0352419 0.0244779 0.00273128 0.000287387 32.7947 10.6378
163 0.038677 0.00784196 0.00273128 0.000287387 32.7947 10.6378
164 0.0250368 0.0100111 0.00273128 0.000287387 32.7947 10.6378
165 0.0558131 0.0124406 0.00273128 0.000287387 32.7947 10.6378
166 0.0116315 0.00872633 0.00273128 0.000287387 32.7947 10.6378
167 0.0516107 0.00601751 0.00273128 0.000287387 32.7947 10.6378
168 0.0214051 0.00596602 0.00273128 0.000287387 32.7947 10.6378
169 0.027371 0.0089841 0.00273128 0.000287387 32.7947 10.6378
170 0.0347411 0.0159251 0.00273128 0.000287387 32.7947 10.6378
171 0.0283637 0.0121547 0.00273128 0.000287387 32.7947 10.6378
172 0.0310188 0.0173439 0.00273128 0.000287387 32.7947 10.6378
173 0.0221199 0.00430747 0.00273128 0.000287387 32.7947 10.6378
174 0.0623408 0.0154737 0.00273128 0.000287387 32.7947 10.6378
175 0.0111525 0.00361857 0.00273128 0.000287387 32.7947 10.6378
176 0.0315043 0.00674887 0.00273128 0.000287387 32.7947 10.6378
177 0.0345118 0.00630696 0.00273128 0.000287387 32.7947 10.6378
178 0.0341366 0.00642911 0.00273128 0.000287387 32.7947 10.6378
179 0.0419136 0.00966895 0.00273128 0.000287387 32.7947 10.6378
180 0.0139561 0.0121582 0.00273128 0.000287387 32.7947 10.6378
181 0.0346839 0.0119025 0.00273128 0.000287387 32.7947 10.6378
182 0.0215598 0.0242058 0.00273128 0.000287387 32.7947 10.6378
183 0.0728571 0.00444642 0.00273128 0.000287387 32.7947 10.6378
184 0.0124733 0.010204 0.00273128 0.000287387 32.7947 10.6378
185 0.0239851 0.00493921 0.00273128 0.000287387 32.7947 10.6378
186 0.0571505 0.0068807 0.00273128 0.000287387 32.7947 10.6378
187 0.0207983 0.0232971 0.00273128 0.000287387 32.7947 10.6378
188 0.0352596 0.0102158 0.00273128 0.000287387 32.7947 10.6378
189 0.0327729 0.00770085 0.00273128 0.000287387 32.7947 10.6378
190 0.0167087 0.0155918 0.00273128 0.000287387 32.7947 10.6378
191 0.0328757 0.00573924 0.00273128 0.000287387 32.7947 10.6378
192 0.0329932 0.966789 0.00273128 0.000287387 32.7947 10.6378
193 0.022599 0.0179132 0.00273128 0.000287387 32.7947 10.6378
194 0.0819025 0.00389981 0.00273128 0.000287387 32.7947 10.6378
195 0.0117786 0.00970495 0.00273128 0.000287387 32.7947 10.6378
196 0.0266683 0.00927812 0.00273128 0.000287387 32.7947 10.6378
197 0.0326286 0.00655749 0.00273128 0.000287387 32.7947 10.6378
198 0.0188551 0.00566631 0.00273128 0.000287387 32.7947 10.6378
199 0.0374858 0.0174479 0.00273128 0.000287387 32.7947 10.6378
200 0.0301077 0.0199117 0.00273128 0.000287387 32.7947 10.6378
201 0.0408005 0.018783 0.00273128 0.000287387 32.7947 10.6378
202 0.0182252 0.00472187 0.00273128 0.000287387 32.7947 10.6378
203 0.0520453 0.0122959 0.00273128 0.000287387 32.7947 10.6378
204 0.0183344 0.00494986 0.00273128 0.000287387 32.7947 10.6378
205 0.0923368 0.00544995 0.00273128 0.000287387 32.7947 10.6378
206 0.0105507 0.0362074 0.00273128 0.000287387 32.7947 10.6378
207 0.020941 0.00500538 0.00273128 0.000287387 32.7947 10.6378
208 0.0657475 0.00902624 0.00273128 0.000287387 32.7947 10.6378
209 0.00747279 0.00341435 0.00273128 0.000287387 32.7947 10.6378
210 0.0292436 0.0369562 0.00273128 0.000287387 32.7947 10.6378
211 0.0741306 0.00625482 0.00273128 0.000287387 32.7947 10.6378
212 0.0123273 0.0407675 0.00273128 0.000287387 32.7947 10.6378
213 0.0412977 0.00402007 0.00273128 0.000287387 32.7947 10.6378
214 0.0206299 0.040849 0.00273128 0.000287387 32.7947 10.6378
215 0.0427366 0.00824894 0.00273128 0.000287387 32.7947 10.6378
216 0.0281791 0.00653547 0.00273128 0.000287387 32.7947 10.6378
217 0.0210891 0.0227796 0.00273128 0.000287387 32.7947 10.6378
218 0.0705376 0.00351328 0.00273128 0.000287387 32.7947 10.6378
219 0.0136092 0.00694433 0.00273128 0.000287387 32.7947 10.6378
220 0.0357111 0.00383966 0.00273128 0.000287387 32.7947 10.6378
221 0.0249292 0.00507059 0.00273128 0.000287387 32.7947 10.6378
222 0.0405911 0.0573938 0.00273128 0.000287387 32.7947 10.6378
223 0.0216943 0.00395856 0.00273128 0.000287387 32.7947 10.6378
224 0.0366229 0.0200583 0.00273128 0.000287387 32.7947 10.6378
225 0.0269972 0.00427866 0.00273128 0.000287387 32.7947 10.6378
226 0.0391391 0.00588405 0.00273128 0.000287387 32.7947 10.6378
227 0.0261612 0.0116871 0.00273128 0.000287387 32.7947 10.6378
228 0.0291296 0.0717591 0.00273128 0.000287387 32.7947 10.6378
229 0.0821981 0.0041929 0.00273128 0.000287387 32.7947 10.6378
230 0.00742344 0.00584952 0.00273128 0.000287387 32.7947 10.6378
231 0.0393047 0.00315494 0.00273128 0.000287387 32.7947 10.6378
232 0.0232959 0.00551493 0.00273128 0.000287387 32.7947 10.6378
233 0.0492447 0.00587693 0.00273128 0.000287387 32.7947 10.6378
234 0.0236615 0.0230617 0.00273128 0.000287387 32.7947 10.6378
235 0.021746 0.0241312 0.00273128 0.000287387 32.7947 10.6378
236 0.0385369 0.00850843 0.00273128 0.000287387 32.7947 10.6378
237 0.0252236 0.00630247 0.00273128 0.000287387 32.7947 10.6378
238 0.0410395 0.0178838 0.00273128 0.000287387 32.7947 10.6378
239 0.0230595 0.00566116 0.00273128 0.000287387 32.7947 10.6378
240 0.0673946 0.00337282 0.00273128 0.000287387 32.7947 10.6378
241 0.0135697 0.00468846 0.00273128 0.000287387 32.7947 10.6378
242 0.0315358 0.00727983 0.00273128 0.000287387 32.7947 10.6378
243 0.0478919 0.00735674 0.00273128 0.000287387 32.7947 10.6378
244 0.0118434 0.0076503 0.00273128 0.000287387 32.7947 10.6378
245 0.0495571 0.00943238 0.00273128 0.000287387 32.7947 10.6378
246 0.0166226 0.0217752 0.00273128 0.000287387 32.7947 10.6378
247 0.037026 0.00490882 0.00273128 0.000287387 32.7947 10.6378
248 0.0332261 0.010952 0.00273128 0.000287387 32.7947 10.6378
249 0.0214171 0.0217591 0.00273128 0.000287387 32.7947 10.6378
250 0.0517333 0.00471536 0.00273128 0.000287387 32.7947 10.6378
251 0.0104849 0.0135327 0.00273128 0.000287387 32.7947 10.6378
252 0.0339557 0.0570204 0.00273128 0.000287387 32.7947 10.6378
253 0.0233714 0.015532 0.00273128 0.000287387 32.7947 10.6378
254 0.0310567 0.00535783 0.00273128 0.000287387 32.7947 10.6378
255 0.0348842 0.00349617 0.00273128 0.000287387 32.7947 10.6378
256 0.00297617 0.00301549 0.00273128 0.000287387 32.7947 10.6378
257 0.00375672 0.0048153 0.00273128 0.000287387 32.7947 10.6378
258 0.00717562 0.00406786 0.00273128 0.000287387 32.7947 10.6378
259 0.00567578 0.00370919 0.00273128 0.000287387 32.7947 10.6378
260 0.00787369 0.0136644 0.00273128 0.000287387 32.7947 10.6378
261 0.00850137 0.0219589 0.00273128 0.000287387 32.7947 10.6378
262 0.00773014 0.00561421 0.00273128 0.000287387 32.7947 10.6378
263 0.00859615 0.00484865 0.00273128 0.000287387 32.7947 10.6378
264 0.00666887 0.00436133 0.00273128 0.000287387 32.7947 10.6378
265 0.00782353 0.00558188 0.00273128 0.000287387 32.7947 10.6378
266 0.00802772 0.00357809 0.00273128 0.000287387 32.7947 10.6378
267 0.00717757 0.00602918 0.00273128 0.000287387 32.7947 10.6378
268 0.00869656 0.00508831 0.00273128 0.000287387 32.7947 10.6378
269 0.00665616 0.00591203 0.00273128 0.000287387 32.7947 10.6378
270 0.00696352 0.0116933 0.00273128 0.000287387 32.7947 10.6378
271 0.00873719 0.0051821 0.00273128 0.000287387 32.7947 10.6378
272 0.0103844 0.00485198 0.00273128 0.000287387 32.7947 10.6378
273 0.00554046 0.0105044 0.00273128 0.000287387 32.7947 10.6378
274 0.00754893 0.00588737 0.00273128 0.000287387 32.7947 10.6378
275 0.00708989 0.0148297 0.00273128 0.000287387 32.7947 10.6378
276 0.0126708 0.0028905 0.00273128 0.000287387 32.7947 10.6378
277 0.00635126 0.00877246 0.00273128 0.000287387 32.7947 10.6378
278 0.00793484 0.00639417 0.00273128 0.000287387 32.7947 10.6378
279 0.0123036 0.48808 0.00273128 0.000287387 32.7947 10.6378
280 0.00701389 0.00386348 0.00273128 0.000287387 32.7947 10.6378
281 0.00631831 0.00406169 0.00273128 0.000287387 32.7947 10.6378
282 0.00765366 0.00968426 0.00273128 0.000287387 32.7947 10.6378
283 0.00827904 0.00279294 0.00273128 0.000287387 32.7947 10.6378
284 0.00652215 0.00358523 0.00273128 0.000287387 32.7947 10.6378
285 0.00852749 0.00582405 0.00273128 0.000287387 32.7947 10.6378
286 0.0102459 0.00452224 0.00273128 0.000287387 32.7947 10.6378
287 0.00771124 0.00768435 0.00273128 0.000287387 32.7947 10.6378
288 0.00770483 0.00450378 0.00273128 0.000287387 32.7947 10.6378
289 0.00759693 0.0203653 0.00273128 0.000287387 32.7947 10.6378
290 0.00778703 0.00355751 0.00273128 0.000287387 32.7947 10.6378
291 0.00799093 0.0321656 0.00273128 0.000287387 32.7947 10.6378
292 0.00866279 0.00450316 0.00273128 0.000287387 32.7947 10.6378
293 0.00770402 0.00586578 0.00273128 0.000287387 32.7947 10.6378
294 0.0074881 0.00445369 0.00273128 0.000287387 32.7947 10.6378
295 0.00861667 0.00353404 0.00273128 0.000287387 32.7947 10.6378
296 0.00770189 0.0067068 0.00273128 0.000287387 32.7947 10.6378
297 0.00739994 0.00977402 0.00273128 0.000287387 32.7947 10.6378
298 0.00966114 0.0127381 0.00273128 0.000287387 32.7947 10.6378
299 0.00764084 0.0143166 0.00273128 0.000287387 32.7947 10.6378
300 0.00732237 0.00317913 0.00273128 0.000287387 32.7947 10.6378
301 0.00892395 0.00724167 0.00273128 0.000287387 32.7947 10.6378
302 0.00842949 0.00292659 0.00273128 0.000287387 32.7947 10.6378
303 0.00901711 0.0105843 0.00273128 0.000287387 32.7947 10.6378
304 0.00745906 0.00636687 0.00273128 0.000287387 32.7947 10.6378
305 0.00913973 0.00368452 0.00273128 0.000287387 32.7947 10.6378
306 0.00980021 0.00361028 0.00273128 0.000287387 32.7947 10.6378
307 0.00722009 0.00261238 0.00273128 0.000287387 32.7947 10.6378
308 0.00735248 0.0689739 0.00261238 0.000291075 32.0729 10.7059
309 0.00786038 0.00492644 0.00261238 0.000291075 32.0729 10.7059
310 0.00830425 0.00497177 0.00261238 0.000291075 32.0729 10.7059
311 0.0085061 0.0112526 0.00261238 0.000291075 32.0729 10.7059
312 0.00824497 0.00463217 0.00261238 0.000291075 32.0729 10.7059
313 0.0113375 0.00988682 0.00261238 0.000291075 32.0729 10.7059
314 0.00655864 0.00547812 0.00261238 0.000291075 32.0729 10.7059
315 0.00854828 0.00524439 0.00261238 0.000291075 32.0729 10.7059
316 0.0086226 0.00494537 0.00261238 0.000291075 32.0729 10.7059
317 0.00698034 0.00648817 0.00261238 0.000291075 32.0729 10.7059
318 0.0119852 0.00456511 0.00261238 0.000291075 32.0729 10.7059
319 0.00522788 0.00344284 0.00261238 0.000291075 32.0729 10.7059
320 0.0075084 0.00672352 0.00261238 0.000291075 32.0729 10.7059
321 0.00915337 0.00892785 0.00261238 0.000291075 32.0729 10.7059
322 0.00813418 0.00614326 0.00261238 0.000291075 32.0729 10.7059
323 0.00847539 0.00462776 0.00261238 0.000291075 32.0729 10.7059
324 0.0105802 0.0030035 0.00261238 0.000291075 32.0729 10.7059
325 0.00765354 0.00361797 0.00261238 0.000291075 32.0729 10.7059
326 0.00864183 0.00344212 0.00261238 0.000291075 32.0729 10.7059
327 0.00712202 0.0121286 0.00261238 0.000291075 32.0729 10.7059
328 0.010136 0.00504734 0.00261238 0.000291075 32.0729 10.7059
329 0.00786034 0.0143976 0.00261238 0.000291075 32.0729 10.7059
330 0.00757021 0.00593773 0.00261238 0.000291075 32.0729 10.7059
331 0.00853429 0.0044254 0.00261238 0.000291075 32.0729 10.7059
332 0.0111793 0.0558577 0.00261238 0.000291075 32.0729 10.7059
333 0.00741224 0.00304555 0.00261238 0.000291075 32.0729 10.7059
334 0.00903326 0.00556301 0.00261238 0.000291075 32.0729 10.7059
335 0.00811968 0.00453745 0.00261238 0.000291075 32.0729 10.7059
336 0.0111352 0.00401677 0.00261238 0.000291075 32.0729 10.7059
337 0.00812956 0.00669414 0.00261238 0.000291075 32.0729 10.7059
338 0.00842567 0.00703034 0.00261238 0.000291075 32.0729 10.7059
339 0.0105002 0.00358395 0.00261238 0.000291075 32.0729 10.7059
340 0.0109489 0.00573211 0.00261238 0.000291075 32.0729 10.7059
341 0.00766377 0.00742359 0.00261238 0.000291075 32.0729 10.7059
342 0.00658495 0.0121352 0.00261238 0.000291075 32.0729 10.7059
343 0.0110057 0.00304886 0.00261238 0.000291075 32.0729 10.7059
344 0.00736244 0.00818627 0.00261238 0.000291075 32.0729 10.7059
345 0.0102571 0.00758574 0.00261238 0.000291075 32.0729 10.7059
346 0.00777938 0.00795799 0.00261238 0.000291075 32.0729 10.7059
347 0.0100624 0.0060715 0.00261238 0.000291075 32.0729 10.7059
348 0.006207 0.00743384 0.00261238 0.000291075 32.0729 10.7059
349 0.00917902 0.00558219 0.00261238 0.000291075 32.0729 10.7059
350 0.00739368 0.00464383 0.00261238 0.000291075 32.0729 10.7059
351 0.0115324 0.0149762 0.00261238 0.000291075 32.0729 10.7059
352 0.00736253 0.0233612 0.00261238 0.000291075 32.0729 10.7059
353 0.0103726 0.00534009 0.00261238 0.000291075 32.0729 10.7059
354 0.00800028 0.00409201 0.00261238 0.000291075 32.0729 10.7059
355 0.0086072 0.0109434 0.00261238 0.000291075 32.0729 10.7059
356 0.010369 0.0105501 0.00261238 0.000291075 32.0729 10.7059
357 0.00782684 0.00395881 0.00261238 0.000291075 32.0729 10.7059
358 0.00870405 0.0273773 0.00261238 0.000291075 32.0729 10.7059
359 0.00760455 0.00564756 0.00261238 0.000291075 32.0729 10.7059
360 0.0104873 0.00424291 0.00261238 0.000291075 32.0729 10.7059
361 0.00646387 0.00502593 0.00261238 0.000291075 32.0729 10.7059
362 0.00919729 0.00321762 0.00261238 0.000291075 32.0729 10.7059
363 0.00807483 0.00613531 0.00261238 0.000291075 32.0729 10.7059
364 0.0102074 0.0176302 0.00261238 0.000291075 32.0729 10.7059
365 0.00760892 0.0100493 0.00261238 0.000291075 32.0729 10.7059
366 0.00993985 0.00629258 0.00261238 0.000291075 32.0729 10.7059
367 0.0104262 0.00325461 0.00261238 0.000291075 32.0729 10.7059
368 0.00847374 0.00337523 0.00261238 0.000291075 32.0729 10.7059
369 0.00756656 0.00594867 0.00261238 0.000291075 32.0729 10.7059
370 0.00837936 0.00376835 0.00261238 0.000291075 32.0729 10.7059
371 0.00873938 0.0040565 0.00261238 0.000291075 32.0729 10.7059
372 0.010336 0.00615715 0.00261238 0.000291075 32.0729 10.7059
373 0.00759932 0.00509548 0.00261238 0.000291075 32.0729 10.7059
374 0.00883909 0.00407729 0.00261238 0.000291075 32.0729 10.7059
375 0.00765182 0.00337304 0.00261238 0.000291075 32.0729 10.7059
376 0.0130572 0.00518567 0.00261238 0.000291075 32.0729 10.7059
377 0.00632317 0.00297859 0.00261238 0.000291075 32.0729 10.7059
378 0.00813043 0.00757781 0.00261238 0.000291075 32.0729 10.7059
379 0.00888039 0.00694207 0.00261238 0.000291075 32.0729 10.7059
380 0.00836588 0.00293526 0.00261238 0.000291075 32.0729 10.7059
381 0.00960167 0.00938171 0.00261238 0.000291075 32.0729 10.7059
382 0.00941492 0.00361673 0.00261238 0.000291075 32.0729 10.7059
383 0.00824962 0.0372469 0.00261238 0.000291075 32.0729 10.7059
384 0.0081199 0.00428244 0.00261238 0.000291075 32.0729 10.7059
385 0.00960085 0.00530006 0.00261238 0.000291075 32.0729 10.7059
386 0.0121285 0.00278146 0.00261238 0.000291075 32.0729 10.7059
387 0.00618504 0.00479525 0.00261238 0.000291075 32.0729 10.7059
388 0.0117277 0.00349162 0.00261238 0.000291075 32.0729 10.7059
389 0.00797655 0.00935411 0.00261238 0.000291075 32.0729 10.7059
390 0.0107993 0.00363596 0.00261238 0.000291075 32.0729 10.7059
391 0.00688885 0.00612799 0.00261238 0.000291075 32.0729 10.7059
392 0.015131 0.00619529 0.00261238 0.000291075 32.0729 10.7059
393 0.00813628 0.00593643 0.00261238 0.000291075 32.0729 10.7059
394 0.00742559 0.00578642 0.00261238 0.000291075 32.0729 10.7059
395 0.00936568 0.00684539 0.00261238 0.000291075 32.0729 10.7059
396 0.00878035 0.00470961 0.00261238 0.000291075 32.0729 10.7059
397 0.00943811 0.00479814 0.00261238 0.000291075 32.0729 10.7059
398 0.00818589 0.0130806 0.00261238 0.000291075 32.0729 10.7059
399 0.00817767 0.0142828 0.00261238 0.000291075 32.0729 10.7059
400 0.00826522 0.00329226 0.00261238 0.000291075 32.0729 10.7059
401 0.0107463 0.00574958 0.00261238 0.000291075 32.0729 10.7059
402 0.00879073 0.00247697 0.00261238 0.000291075 32.0729 10.7059
403 0.0091279 0.0102306 0.00247697 0.000291591 31.2307 10.7154
404 0.0106806 0.00352219 0.00247697 0.000291591 31.2307 10.7154
405 0.00785098 0.00575747 0.00247697 0.000291591 31.2307 10.7154
406 0.0106685 0.00867231 0.00247697 0.000291591 31.2307 10.7154
407 0.00864886 0.0112607 0.00247697 0.000291591 31.2307 10.7154
408 0.00890005 0.00425792 0.00247697 0.000291591 31.2307 10.7154
409 0.00930395 0.00296384 0.00247697 0.000291591 31.2307 10.7154
410 0.00822224 0.00952938 0.00247697 0.000291591 31.2307 10.7154
411 0.00833276 0.00632534 0.00247697 0.000291591 31.2307 10.7154
412 0.0121426 0.00371147 0.00247697 0.000291591 31.2307 10.7154
413 0.00735005 0.0406341 0.00247697 0.000291591 31.2307 10.7154
414 0.00993176 0.0514066 0.00247697 0.000291591 31.2307 10.7154
415 0.00836872 0.00426634 0.00247697 0.000291591 31.2307 10.7154
416 0.00833129 0.00486943 0.00247697 0.000291591 31.2307 10.7154
417 0.0100622 0.00330661 0.00247697 0.000291591 31.2307 10.7154
418 0.00928505 0.00836432 0.00247697 0.000291591 31.2307 10.7154
419 0.00800573 0.00534291 0.00247697 0.000291591 31.2307 10.7154
420 0.0133024 0.0257297 0.00247697 0.000291591 31.2307 10.7154
421 0.00674654 0.00786329 0.00247697 0.000291591 31.2307 10.7154
422 0.011949 0.00380328 0.00247697 0.000291591 31.2307 10.7154
423 0.0113358 0.00962506 0.00247697 0.000291591 31.2307 10.7154
424 0.00866366 0.0292313 0.00247697 0.000291591 31.2307 10.7154
425 0.00805622 0.00587118 0.00247697 0.000291591 31.2307 10.7154
426 0.0101407 0.00430904 0.00247697 0.000291591 31.2307 10.7154
427 0.0105246 0.00384586 0.00247697 0.000291591 31.2307 10.7154
428 0.00790119 0.00573383 0.00247697 0.000291591 31.2307 10.7154
429 0.0109039 0.0223563 0.00247697 0.000291591 31.2307 10.7154
430 0.00842063 0.00320395 0.00247697 0.000291591 31.2307 10.7154
431 0.0103165 0.0156165 0.00247697 0.000291591 31.2307 10.7154
432 0.00778445 0.0171061 0.00247697 0.000291591 31.2307 10.7154
433 0.008929 0.00522163 0.00247697 0.000291591 31.2307 10.7154
434 0.00825871 0.00536512 0.00247697 0.000291591 31.2307 10.7154
435 0.0111923 0.00353618 0.00247697 0.000291591 31.2307 10.7154
436 0.0092248 0.0062551 0.00247697 0.000291591 31.2307 10.7154
437 0.00750876 0.00484821 0.00247697 0.000291591 31.2307 10.7154
438 0.00877685 0.00319608 0.00247697 0.000291591 31.2307 10.7154
439 0.00962073 0.00639187 0.00247697 0.000291591 31.2307 10.7154
440 0.0101149 0.0136106 0.00247697 0.000291591 31.2307 10.7154
441 0.00819624 0.0050452 0.00247697 0.000291591 31.2307 10.7154
442 0.0110912 0.00286954 0.00247697 0.000291591 31.2307 10.7154
443 0.00899464 0.0117399 0.00247697 0.000291591 31.2307 10.7154
444 0.00871249 0.00355455 0.00247697 0.000291591 31.2307 10.7154
445 0.00980979 0.0153084 0.00247697 0.000291591 31.2307 10.7154
446 0.00897571 0.00335493 0.00247697 0.000291591 31.2307 10.7154
447 0.0115486 0.00372583 0.00247697 0.000291591 31.2307 10.7154
448 0.00846075 0.00504948 0.00247697 0.000291591 31.2307 10.7154
449 0.0112252 0.00372393 0.00247697 0.000291591 31.2307 10.7154
450 0.00885791 0.00550852 0.00247697 0.000291591 31.2307 10.7154
451 0.00857816 0.0200576 0.00247697 0.000291591 31.2307 10.7154
452 0.00808915 0.0158191 0.00247697 0.000291591 31.2307 10.7154
453 0.0115085 0.0102611 0.00247697 0.000291591 31.2307 10.7154
454 0.00861118 0.00401993 0.00247697 0.000291591 31.2307 10.7154
455 0.00976104 0.0345749 0.00247697 0.000291591 31.2307 10.7154
456 0.008813 0.00340823 0.00247697 0.000291591 31.2307 10.7154
457 0.00849581 0.00310636 0.00247697 0.000291591 31.2307 10.7154
458 0.0111709 0.00617229 0.00247697 0.000291591 31.2307 10.7154
459 0.00799776 0.00457817 0.00247697 0.000291591 31.2307 10.7154
460 0.00882271 0.0123967 0.00247697 0.000291591 31.2307 10.7154
461 0.00983592 0.0104629 0.00247697 0.000291591 31.2307 10.7154
462 0.00923541 0.00453318 0.00247697 0.000291591 31.2307 10.7154
463 0.00781381 0.00568272 0.00247697 0.000291591 31.2307 10.7154
464 0.00882136 0.00698607 0.00247697 0.000291591 31.2307 10.7154
465 0.0105584 0.00276751 0.00247697 0.000291591 31.2307 10.7154
466 0.00978161 0.00382245 0.00247697 0.000291591 31.2307 10.7154
467 0.00974146 0.00428462 0.00247697 0.000291591 31.2307 10.7154
468 0.00788792 0.00634222 0.00247697 0.000291591 31.2307 10.7154
469 0.00973149 0.00743085 0.00247697 0.000291591 31.2307 10.7154
470 0.011187 0.00525681 0.00247697 0.000291591 31.2307 10.7154
471 0.00732626 0.00901173 0.00247697 0.000291591 31.2307 10.7154
472 0.0141823 0.0209853 0.00247697 0.000291591 31.2307 10.7154
473 0.00790374 0.00335008 0.00247697 0.000291591 31.2307 10.7154
474 0.00965945 0.0100284 0.00247697 0.000291591 31.2307 10.7154
475 0.00914794 0.0285002 0.00247697 0.000291591 31.2307 10.7154
476 0.00834766 0.0133248 0.00247697 0.000291591 31.2307 10.7154
477 0.00862024 0.00763639 0.00247697 0.000291591 31.2307 10.7154
478 0.019415 0.00348674 0.00247697 0.000291591 31.2307 10.7154
479 0.00492554 0.00419787 0.00247697 0.000291591 31.2307 10.7154
480 0.00825814 0.00427471 0.00247697 0.000291591 31.2307 10.7154
481 0.010483 0.00560754 0.00247697 0.000291591 31.2307 10.7154
482 0.00957608 0.00443583 0.00247697 0.000291591 31.2307 10.7154
483 0.00803512 0.00813863 0.00247697 0.000291591 31.2307 10.7154
484 0.010699 0.00575269 0.00247697 0.000291591 31.2307 10.7154
485 0.00663146 0.00393557 0.00247697 0.000291591 31.2307 10.7154
486 0.00931089 0.00527365 0.00247697 0.000291591 31.2307 10.7154
487 0.0103825 0.0134058 0.00247697 0.000291591 31.2307 10.7154
488 0.00994143 0.00716778 0.00247697 0.000291591 31.2307 10.7154
489 0.00971627 0.00360785 0.00247697 0.000291591 31.2307 10.7154
490 0.00769878 0.00520104 0.00247697 0.000291591 31.2307 10.7154
491 0.00916531 0.00711138 0.00247697 0.000291591 31.2307 10.7154
492 0.0105079 0.00552932 0.00247697 0.000291591 31.2307 10.7154
493 0.00817752 0.00354549 0.00247697 0.000291591 31.2307 10.7154
494 0.0112514 0.0155788 0.00247697 0.000291591 31.2307 10.7154
495 0.00890412 0.00540899 0.00247697 0.000291591 31.2307 10.7154
496 0.0084696 0.0342997 0.00247697 0.000291591 31.2307 10.7154
497 0.0110965 0.00457143 0.00247697 0.000291591 31.2307 10.7154
498 0.0098532 0.0137495 0.00247697 0.000291591 31.2307 10.7154
499 0.00923788 0.0109976 0.00247697 0.000291591 31.2307 10.7154
500 0.00985227 0.00297164 0.00247697 0.000291591 31.2307 10.7154
501 0.0103881 0.0172813 0.00247697 0.000291591 31.2307 10.7154
502 0.00826683 0.00440305 0.00247697 0.000291591 31.2307 10.7154
503 0.00302056 0.00246977 0.00247697 0.000291591 31.2307 10.7154
504 0.0035751 0.00375821 0.00246977 0.000291047 31.1852 10.7054
505 0.00413687 0.00450744 0.00246977 0.000291047 31.1852 10.7054
506 0.00501983 0.00485466 0.00246977 0.000291047 31.1852 10.7054
507 0.00447262 0.00292494 0.00246977 0.000291047 31.1852 10.7054
508 0.00455439 0.00418415 0.00246977 0.000291047 31.1852 10.7054
509 0.00542307 0.0070394 0.00246977 0.000291047 31.1852 10.7054
510 0.00419724 0.00338415 0.00246977 0.000291047 31.1852 10.7054
511 0.00423911 0.00550798 0.00246977 0.000291047 31.1852 10.7054
512 0.00496881 0.00400935 0.00246977 0.000291047 31.1852 10.7054
513 0.00450551 0.00587016 0.00246977 0.000291047 31.1852 10.7054
514 0.00509975 0.00414339 0.00246977 0.000291047 31.1852 10.7054
515 0.00488257 0.00260761 0.00246977 0.000291047 31.1852 10.7054
516 0.0042267 0.00668611 0.00246977 0.000291047 31.1852 10.7054
517 0.0047341 0.00347289 0.00246977 0.000291047 31.1852 10.7054
518 0.0048622 0.00456348 0.00246977 0.000291047 31.1852 10.7054
519 0.00448658 0.00283434 0.00246977 0.000291047 31.1852 10.7054
520 0.00454791 0.00246063 0.00246977 0.000291047 31.1852 10.7054
521 0.00463398 0.00290833 0.00246063 0.00029283 31.1274 10.7381
522 0.0045051 0.00658803 0.00246063 0.00029283 31.1274 10.7381
523 0.00443225 0.00480329 0.00246063 0.00029283 31.1274 10.7381
524 0.00452403 0.00311354 0.00246063 0.00029283 31.1274 10.7381
525 0.00502435 0.00336428 0.00246063 0.00029283 31.1274 10.7381
526 0.00458359 0.00387536 0.00246063 0.00029283 31.1274 10.7381
527 0.00495896 0.00435488 0.00246063 0.00029283 31.1274 10.7381
528 0.00435836 0.00508091 0.00246063 0.00029283 31.1274 10.7381
529 0.00474355 0.00455093 0.00246063 0.00029283 31.1274 10.7381
530 0.00484571 0.00306499 0.00246063 0.00029283 31.1274 10.7381
531 0.00518433 0.00321122 0.00246063 0.00029283 31.1274 10.7381
532 0.00415344 0.00769741 0.00246063 0.00029283 31.1274 10.7381
533 0.00507063 0.00392315 0.00246063 0.00029283 31.1274 10.7381
534 0.00480403 0.00399677 0.00246063 0.00029283 31.1274 10.7381
535 0.00465436 0.00447684 0.00246063 0.00029283 31.1274 10.7381
536 0.00488569 0.00385153 0.00246063 0.00029283 31.1274 10.7381
537 0.00491231 0.00317339 0.00246063 0.00029283 31.1274 10.7381
538 0.00476311 0.00613112 0.00246063 0.00029283 31.1274 10.7381
539 0.00499973 0.00622431 0.00246063 0.00029283 31.1274 10.7381
540 0.00544373 0.00534327 0.00246063 0.00029283 31.1274 10.7381
541 0.00476393 0.0127913 0.00246063 0.00029283 31.1274 10.7381
542 0.00493854 0.00569969 0.00246063 0.00029283 31.1274 10.7381
543 0.0045339 0.00393761 0.00246063 0.00029283 31.1274 10.7381
544 0.00496435 0.00374607 0.00246063 0.00029283 31.1274 10.7381
545 0.00482028 0.00622758 0.00246063 0.00029283 31.1274 10.7381
546 0.0044435 0.00343486 0.00246063 0.00029283 31.1274 10.7381
547 0.00605129 0.00299464 0.00246063 0.00029283 31.1274 10.7381
548 0.00574456 0.00561591 0.00246063 0.00029283 31.1274 10.7381
549 0.0045523 0.00421568 0.00246063 0.00029283 31.1274 10.7381
550 0.00539761 0.00739516 0.00246063 0.00029283 31.1274 10.7381
551 0.00449129 0.00305598 0.00246063 0.00029283 31.1274 10.7381
552 0.0056133 0.00382073 0.00246063 0.00029283 31.1274 10.7381
553 0.00449391 0.0132065 0.00246063 0.00029283 31.1274 10.7381
554 0.004952 0.00670262 0.00246063 0.00029283 31.1274 10.7381
555 0.00505222 0.00348168 0.00246063 0.00029283 31.1274 10.7381
556 0.00459512 0.0186072 0.00246063 0.00029283 31.1274 10.7381
557 0.00471662 0.00291755 0.00246063 0.00029283 31.1274 10.7381
558 0.0047391 0.00512037 0.00246063 0.00029283 31.1274 10.7381
559 0.00502829 0.00352511 0.00246063 0.00029283 31.1274 10.7381
560 0.00597354 0.00308443 0.00246063 0.00029283 31.1274 10.7381
561 0.00503513 0.00372538 0.00246063 0.00029283 31.1274 10.7381
562 0.00474257 0.00455642 0.00246063 0.00029283 31.1274 10.7381
563 0.00458767 0.00412532 0.00246063 0.00029283 31.1274 10.7381
564 0.00626299 0.00254714 0.00246063 0.00029283 31.1274 10.7381
565 0.00406656 0.00456305 0.00246063 0.00029283 31.1274 10.7381
566 0.00573566 0.0045229 0.00246063 0.00029283 31.1274 10.7381
567 0.00448568 0.00263489 0.00246063 0.00029283 31.1274 10.7381
568 0.00454789 0.00292506 0.00246063 0.00029283 31.1274 10.7381
569 0.0064134 0.00759752 0.00246063 0.00029283 31.1274 10.7381
570 0.00499093 0.00339363 0.00246063 0.00029283 31.1274 10.7381
571 0.00481358 0.0042896 0.00246063 0.00029283 31.1274 10.7381
572 0.0048377 0.00518343 0.00246063 0.00029283 31.1274 10.7381
573 0.00599704 0.00319933 0.00246063 0.00029283 31.1274 10.7381
574 0.00447633 0.00332985 0.00246063 0.00029283 31.1274 10.7381
575 0.00474361 0.003937 0.00246063 0.00029283 31.1274 10.7381
576 0.00485392 0.00390543 0.00246063 0.00029283 31.1274 10.7381
577 0.00500397 0.00313391 0.00246063 0.00029283 31.1274 10.7381
578 0.00512479 0.00407428 0.00246063 0.00029283 31.1274 10.7381
579 0.00492076 0.00511138 0.00246063 0.00029283 31.1274 10.7381
580 0.00616036 0.00617634 0.00246063 0.00029283 31.1274 10.7381
581 0.00498106 0.00738123 0.00246063 0.00029283 31.1274 10.7381
582 0.00474274 0.0101055 0.00246063 0.00029283 31.1274 10.7381
583 0.006159 0.00329483 0.00246063 0.00029283 31.1274 10.7381
584 0.00502003 0.00730199 0.00246063 0.00029283 31.1274 10.7381
585 0.00527412 0.0037697 0.00246063 0.00029283 31.1274 10.7381
586 0.00558463 0.00362253 0.00246063 0.00029283 31.1274 10.7381
587 0.00555889 0.00620311 0.00246063 0.00029283 31.1274 10.7381
588 0.00581294 0.0032656 0.00246063 0.00029283 31.1274 10.7381
589 0.00453297 0.00484341 0.00246063 0.00029283 31.1274 10.7381
590 0.00528914 0.00828939 0.00246063 0.00029283 31.1274 10.7381
591 0.0047801 0.0034365 0.00246063 0.00029283 31.1274 10.7381
592 0.00517014 0.00253364 0.00246063 0.00029283 31.1274 10.7381
593 0.00529493 0.00400127 0.00246063 0.00029283 31.1274 10.7381
594 0.00481675 0.00423048 0.00246063 0.00029283 31.1274 10.7381
595 0.00587294 0.00498258 0.00246063 0.00029283 31.1274 10.7381
596 0.00516308 0.00338219 0.00246063 0.00029283 31.1274 10.7381
597 0.00495439 0.00334733 0.00246063 0.00029283 31.1274 10.7381
598 0.00552502 0.00811288 0.00246063 0.00029283 31.1274 10.7381
599 0.00585396 0.00670927 0.00246063 0.00029283 31.1274 10.7381
600 0.00425206 0.00312285 0.00246063 0.00029283 31.1274 10.7381
601 0.00520887 0.00583729 0.00246063 0.00029283 31.1274 10.7381
602 0.00522525 0.00324337 0.00246063 0.00029283 31.1274 10.7381
603 0.00436631 0.00505172 0.00246063 0.00029283 31.1274 10.7381
604 0.00532044 0.00498996 0.00246063 0.00029283 31.1274 10.7381
605 0.00547472 0.00513675 0.00246063 0.00029283 31.1274 10.7381
606 0.00504143 0.00327638 0.00246063 0.00029283 31.1274 10.7381
607 0.00626215 0.00576726 0.00246063 0.00029283 31.1274 10.7381
608 0.00497192 0.00308454 0.00246063 0.00029283 31.1274 10.7381
609 0.00654277 0.00238795 0.00246063 0.00029283 31.1274 10.7381
610 0.00461166 0.00274968 0.00238795 0.000293545 30.6643 10.7512
611 0.00493435 0.00354676 0.00238795 0.000293545 30.6643 10.7512
612 0.00567174 0.00599497 0.00238795 0.000293545 30.6643 10.7512
613 0.00524506 0.00460102 0.00238795 0.000293545 30.6643 10.7512
614 0.00560086 0.00296656 0.00238795 0.000293545 30.6643 10.7512
615 0.00462015 0.00756951 0.00238795 0.000293545 30.6643 10.7512
616 0.00513708 0.00297248 0.00238795 0.000293545 30.6643 10.7512
617 0.00510528 0.00402032 0.00238795 0.000293545 30.6643 10.7512
618 0.00616574 0.00303396 0.00238795 0.000293545 30.6643 10.7512
619 0.00452922 0.00425339 0.00238795 0.000293545 30.6643 10.7512
620 0.0052454 0.00490989 0.00238795 0.000293545 30.6643 10.7512
621 0.00592352 0.0026295 0.00238795 0.000293545 30.6643 10.7512
622 0.00486616 0.00614686 0.00238795 0.000293545 30.6643 10.7512
623 0.0065889 0.00377532 0.00238795 0.000293545 30.6643 10.7512
624 0.0053271 0.00525515 0.00238795 0.000293545 30.6643 10.7512
625 0.00624285 0.0035221 0.00238795 0.000293545 30.6643 10.7512
626 0.00601208 0.00787626 0.00238795 0.000293545 30.6643 10.7512
627 0.00542598 0.00510099 0.00238795 0.000293545 30.6643 10.7512
628 0.00516861 0.00373682 0.00238795 0.000293545 30.6643 10.7512
629 0.00613706 0.00290037 0.00238795 0.000293545 30.6643 10.7512
630 0.00468335 0.00503176 0.00238795 0.000293545 30.6643 10.7512
631 0.00511877 0.00344393 0.00238795 0.000293545 30.6643 10.7512
632 0.00597485 0.00275103 0.00238795 0.000293545 30.6643 10.7512
633 0.00489177 0.00405466 0.00238795 0.000293545 30.6643 10.7512
634 0.00489865 0.00326621 0.00238795 0.000293545 30.6643 10.7512
635 0.00566175 0.00354217 0.00238795 0.000293545 30.6643 10.7512
636 0.00586768 0.0100011 0.00238795 0.000293545 30.6643 10.7512
637 0.00528445 0.00257899 0.00238795 0.000293545 30.6643 10.7512
638 0.00544463 0.00554621 0.00238795 0.000293545 30.6643 10.7512
639 0.00490734 0.00319176 0.00238795 0.000293545 30.6643 10.7512
640 0.00600164 0.014631 0.00238795 0.000293545 30.6643 10.7512
641 0.00558622 0.00379271 0.00238795 0.000293545 30.6643 10.7512
642 0.00575944 0.00377738 0.00238795 0.000293545 30.6643 10.7512
643 0.00501254 0.00324617 0.00238795 0.000293545 30.6643 10.7512
644 0.00532297 0.00469051 0.00238795 0.000293545 30.6643 10.7512
645 0.00459622 0.00519848 0.00238795 0.000293545 30.6643 10.7512
646 0.00640822 0.0051097 0.00238795 0.000293545 30.6643 10.7512
647 0.00533631 0.00663856 0.00238795 0.000293545 30.6643 10.7512
648 0.00540822 0.00281143 0.00238795 0.000293545 30.6643 10.7512
649 0.00499672 0.0052616 0.00238795 0.000293545 30.6643 10.7512
650 0.00576913 0.00507822 0.00238795 0.000293545 30.6643 10.7512
651 0.0058648 0.00402547 0.00238795 0.000293545 30.6643 10.7512
652 0.00537863 0.00567082 0.00238795 0.000293545 30.6643 10.7512
653 0.00685189 0.00300636 0.00238795 0.000293545 30.6643 10.7512
654 0.00567037 0.00431291 0.00238795 0.000293545 30.6643 10.7512
655 0.00556121 0.00284605 0.00238795 0.000293545 30.6643 10.7512
656 0.00514821 0.00300443 0.00238795 0.000293545 30.6643 10.7512
657 0.00525195 0.00327869 0.00238795 0.000293545 30.6643 10.7512
658 0.00606674 0.00525498 0.00238795 0.000293545 30.6643 10.7512
659 0.00533237 0.00334038 0.00238795 0.000293545 30.6643 10.7512
660 0.00568302 0.00448556 0.00238795 0.000293545 30.6643 10.7512
661 0.00701581 0.0173776 0.00238795 0.000293545 30.6643 10.7512
662 0.00541092 0.0124909 0.00238795 0.000293545 30.6643 10.7512
663 0.00515292 0.00396551 0.00238795 0.000293545 30.6643 10.7512
664 0.00633633 0.00340128 0.00238795 0.000293545 30.6643 10.7512
665 0.00534607 0.00525429 0.00238795 0.000293545 30.6643 10.7512
666 0.00502429 0.00418422 0.00238795 0.000293545 30.6643 10.7512
667 0.00594712 0.00623628 0.00238795 0.000293545 30.6643 10.7512
668 0.00580212 0.00303255 0.00238795 0.000293545 30.6643 10.7512
669 0.00549252 0.00379065 0.00238795 0.000293545 30.6643 10.7512
670 0.00782782 0.00923039 0.00238795 0.000293545 30.6643 10.7512
671 0.00550618 0.00315685 0.00238795 0.000293545 30.6643 10.7512
672 0.00552058 0.0053109 0.00238795 0.000293545 30.6643 10.7512
673 0.00534275 0.003447 0.00238795 0.000293545 30.6643 10.7512
674 0.00493419 0.00622077 0.00238795 0.000293545 30.6643 10.7512
675 0.00540469 0.00690087 0.00238795 0.000293545 30.6643 10.7512
676 0.00853581 0.00343619 0.00238795 0.000293545 30.6643 10.7512
677 0.00445604 0.0030234 0.00238795 0.000293545 30.6643 10.7512
678 0.00539314 0.00287085 0.00238795 0.000293545 30.6643 10.7512
679 0.005311 0.00381621 0.00238795 0.000293545 30.6643 10.7512
680 0.00568905 0.00682739 0.00238795 0.000293545 30.6643 10.7512
681 0.00613426 0.00461159 0.00238795 0.000293545 30.6643 10.7512
682 0.00710461 0.00391906 0.00238795 0.000293545 30.6643 10.7512
683 0.00494662 0.0065661 0.00238795 0.000293545 30.6643 10.7512
684 0.00614228 0.00525266 0.00238795 0.000293545 30.6643 10.7512
685 0.00445792 0.00423129 0.00238795 0.000293545 30.6643 10.7512
686 0.00545207 0.00460699 0.00238795 0.000293545 30.6643 10.7512
687 0.005737 0.00311709 0.00238795 0.000293545 30.6643 10.7512
688 0.00585966 0.0161835 0.00238795 0.000293545 30.6643 10.7512
689 0.00569971 0.00326065 0.00238795 0.000293545 30.6643 10.7512
690 0.00611009 0.00459103 0.00238795 0.000293545 30.6643 10.7512
691 0.00685428 0.00481211 0.00238795 0.000293545 30.6643 10.7512
692 0.00496969 0.00372427 0.00238795 0.000293545 30.6643 10.7512
693 0.00591882 0.00897083 0.00238795 0.000293545 30.6643 10.7512
694 0.00533933 0.00291602 0.00238795 0.000293545 30.6643 10.7512
695 0.00509354 0.00386291 0.00238795 0.000293545 30.6643 10.7512
696 0.00679216 0.00936124 0.00238795 0.000293545 30.6643 10.7512
697 0.00626414 0.00418729 0.00238795 0.000293545 30.6643 10.7512
698 0.00599826 0.00560602 0.00238795 0.000293545 30.6643 10.7512
699 0.00499354 0.00477846 0.00238795 0.000293545 30.6643 10.7512
700 0.0064613 0.00496003 0.00238795 0.000293545 30.6643 10.7512
701 0.00673412 0.00332366 0.00238795 0.000293545 30.6643 10.7512
702 0.00521905 0.00636089 0.00238795 0.000293545 30.6643 10.7512
703 0.0055105 0.00577965 0.00238795 0.000293545 30.6643 10.7512
704 0.0067545 0.0129069 0.00238795 0.000293545 30.6643 10.7512
705 0.00550731 0.00278553 0.00238795 0.000293545 30.6643 10.7512
706 0.00607331 0.005038 0.00238795 0.000293545 30.6643 10.7512
707 0.00624818 0.00257282 0.00238795 0.000293545 30.6643 10.7512
708 0.00725605 0.00662378 0.00238795 0.000293545 30.6643 10.7512
709 0.00476199 0.00325823 0.00238795 0.000293545 30.6643 10.7512
710 0.00292261 0.00383559 0.00238795 0.000293545 30.6643 10.7512
711 0.00306618 0.00454627 0.00238795 0.000293545 30.6643 10.7512
712 0.00334438 0.00281711 0.00238795 0.000293545 30.6643 10.7512
713 0.00344203 0.00274419 0.00238795 0.000293545 30.6643 10.7512
714 0.00378401 0.00315926 0.00238795 0.000293545 30.6643 10.7512
715 0.00323578 0.00257352 0.00238795 0.000293545 30.6643 10.7512
716 0.00349639 0.00391364 0.00238795 0.000293545 30.6643 10.7512
717 0.00342597 0.0041072 0.00238795 0.000293545 30.6643 10.7512
718 0.00341251 0.00373815 0.00238795 0.000293545 30.6643 10.7512
719 0.00335598 0.00713406 0.00238795 0.000293545 30.6643 10.7512
720 0.00337668 0.00403812 0.00238795 0.000293545 30.6643 10.7512
721 0.00354761 0.00314093 0.00238795 0.000293545 30.6643 10.7512
722 0.00360321 0.00638155 0.00238795 0.000293545 30.6643 10.7512
723 0.00329265 0.00317513 0.00238795 0.000293545 30.6643 10.7512
724 0.00337542 0.00467405 0.00238795 0.000293545 30.6643 10.7512
725 0.00373801 0.00622879 0.00238795 0.000293545 30.6643 10.7512
726 0.00369075 0.00303658 0.00238795 0.000293545 30.6643 10.7512
727 0.00366237 0.00293391 0.00238795 0.000293545 30.6643 10.7512
728 0.00334125 0.00276956 0.00238795 0.000293545 30.6643 10.7512
729 0.00350706 0.00271795 0.00238795 0.000293545 30.6643 10.7512
730 0.00352127 0.00328106 0.00238795 0.000293545 30.6643 10.7512
731 0.00420045 0.00366253 0.00238795 0.000293545 30.6643 10.7512
732 0.00323744 0.00250334 0.00238795 0.000293545 30.6643 10.7512
733 0.00338514 0.00260004 0.00238795 0.000293545 30.6643 10.7512
734 0.00372079 0.00328757 0.00238795 0.000293545 30.6643 10.7512
735 0.00348877 0.0030553 0.00238795 0.000293545 30.6643 10.7512
736 0.00345669 0.00383427 0.00238795 0.000293545 30.6643 10.7512
737 0.0039089 0.00274341 0.00238795 0.000293545 30.6643 10.7512
738 0.00377664 0.00620747 0.00238795 0.000293545 30.6643 10.7512
739 0.0033365 0.00291622 0.00238795 0.000293545 30.6643 10.7512
740 0.00390643 0.00375145 0.00238795 0.000293545 30.6643 10.7512
741 0.00423627 0.00730091 0.00238795 0.000293545 30.6643 10.7512
742 0.00426439 0.0029116 0.00238795 0.000293545 30.6643 10.7512
743 0.00317767 0.00403142 0.00238795 0.000293545 30.6643 10.7512
744 0.00360182 0.00311043 0.00238795 0.000293545 30.6643 10.7512
745 0.00368583 0.00357452 0.00238795 0.000293545 30.6643 10.7512
746 0.00346763 0.00335979 0.00238795 0.000293545 30.6643 10.7512
747 0.00393093 0.00274602 0.00238795 0.000293545 30.6643 10.7512
748 0.00392754 0.00435917 0.00238795 0.000293545 30.6643 10.7512
749 0.00375653 0.00369388 0.00238795 0.000293545 30.6643 10.7512
750 0.00401633 0.00838398 0.00238795 0.000293545 30.6643 10.7512
751 0.00349877 0.00537115 0.00238795 0.000293545 30.6643 10.7512
752 0.0035111 0.00247675 0.00238795 0.000293545 30.6643 10.7512
753 0.00364756 0.00333707 0.00238795 0.000293545 30.6643 10.7512
754 0.00364725 0.00413639 0.00238795 0.000293545 30.6643 10.7512
755 0.00371153 0.00704899 0.00238795 0.000293545 30.6643 10.7512
756 0.00379691 0.00269259 0.00238795 0.000293545 30.6643 10.7512
757 0.004071 0.0027855 0.00238795 0.000293545 30.6643 10.7512
758 0.00336019 0.00350669 0.00238795 0.000293545 30.6643 10.7512
759 0.00358153 0.00300237 0.00238795 0.000293545 30.6643 10.7512
760 0.00387905 0.00328959 0.00238795 0.000293545 30.6643 10.7512
761 0.00345574 0.00252919 0.00238795 0.000293545 30.6643 10.7512
762 0.00350417 0.00338736 0.00238795 0.000293545 30.6643 10.7512
763 0.00418927 0.00369489 0.00238795 0.000293545 30.6643 10.7512
764 0.00360031 0.00548093 0.00238795 0.000293545 30.6643 10.7512
765 0.00392997 0.00562187 0.00238795 0.000293545 30.6643 10.7512
766 0.00339806 0.00461035 0.00238795 0.000293545 30.6643 10.7512
767 0.00419921 0.00386649 0.00238795 0.000293545 30.6643 10.7512
768 0.00369116 0.00404027 0.00238795 0.000293545 30.6643 10.7512
769 0.00384193 0.00477023 0.00238795 0.000293545 30.6643 10.7512
770 0.00347551 0.0037787 0.00238795 0.000293545 30.6643 10.7512
771 0.00388698 0.00270985 0.00238795 0.000293545 30.6643 10.7512
772 0.00391407 0.00261714 0.00238795 0.000293545 30.6643 10.7512
773 0.00401894 0.00403593 0.00238795 0.000293545 30.6643 10.7512
774 0.00325809 0.00236089 0.00238795 0.000293545 30.6643 10.7512
775 0.00450299 0.0154751 0.00236089 0.000290803 30.49 10.7009
776 0.00382729 0.00289474 0.00236089 0.000290803 30.49 10.7009
777 0.00375956 0.00388326 0.00236089 0.000290803 30.49 10.7009
778 0.00419258 0.00320628 0.00236089 0.000290803 30.49 10.7009
779 0.00344287 0.00531147 0.00236089 0.000290803 30.49 10.7009
780 0.00410366 0.00430269 0.00236089 0.000290803 30.49 10.7009
781 0.00407514 0.00341877 0.00236089 0.000290803 30.49 10.7009
782 0.00395581 0.00290451 0.00236089 0.000290803 30.49 10.7009
783 0.00449807 0.00590231 0.00236089 0.000290803 30.49 10.7009
784 0.00364966 0.00328708 0.00236089 0.000290803 30.49 10.7009
785 0.00427109 0.00539718 0.00236089 0.000290803 30.49 10.7009
786 0.00388432 0.00441253 0.00236089 0.000290803 30.49 10.7009
787 0.00350477 0.00261695 0.00236089 0.000290803 30.49 10.7009
788 0.00360091 0.00591194 0.00236089 0.000290803 30.49 10.7009
789 0.00415026 0.00338114 0.00236089 0.000290803 30.49 10.7009
790 0.00375459 0.00294232 0.00236089 0.000290803 30.49 10.7009
791 0.00456447 0.00294047 0.00236089 0.000290803 30.49 10.7009
792 0.00396214 0.00694933 0.00236089 0.000290803 30.49 10.7009
793 0.00408511 0.0027137 0.00236089 0.000290803 30.49 10.7009
794 0.00376661 0.00260746 0.00236089 0.000290803 30.49 10.7009
795 0.0040148 0.00377908 0.00236089 0.000290803 30.49 10.7009
796 0.00395638 0.00267769 0.00236089 0.000290803 30.49 10.7009
797 0.0036974 0.00285715 0.00236089 0.000290803 30.49 10.7009
798 0.00417055 0.00373887 0.00236089 0.000290803 30.49 10.7009
799 0.00376166 0.00324972 0.00236089 0.000290803 30.49 10.7009
800 0.00441491 0.00328974 0.00236089 0.000290803 30.49 10.7009
801 0.00349301 0.00417561 0.00236089 0.000290803 30.49 10.7009
802 0.0042705 0.0044381 0.00236089 0.000290803 30.49 10.7009
803 0.00422951 0.00279194 0.00236089 0.000290803 30.49 10.7009
804 0.00445135 0.00658472 0.00236089 0.000290803 30.49 10.7009
805 0.00385247 0.00368686 0.00236089 0.000290803 30.49 10.7009
806 0.00346146 0.00249155 0.00236089 0.000290803 30.49 10.7009
807 0.00467688 0.00697905 0.00236089 0.000290803 30.49 10.7009
808 0.00407734 0.0115716 0.00236089 0.000290803 30.49 10.7009
809 0.0043284 0.00271638 0.00236089 0.000290803 30.49 10.7009
810 0.00376622 0.00451966 0.00236089 0.000290803 30.49 10.7009
811 0.00379092 0.00373729 0.00236089 0.000290803 30.49 10.7009
812 0.00450481 0.00272439 0.00236089 0.000290803 30.49 10.7009
813 0.00376903 0.00389815 0.00236089 0.000290803 30.49 10.7009
814 0.00434545 0.00316164 0.00236089 0.000290803 30.49 10.7009
815 0.00401569 0.00295961 0.00236089 0.000290803 30.49 10.7009
816 0.00376446 0.013596 0.00236089 0.000290803 30.49 10.7009
817 0.00509249 0.00501911 0.00236089 0.000290803 30.49 10.7009
818 0.00369569 0.00684999 0.00236089 0.000290803 30.49 10.7009
819 0.00376405 0.00496731 0.00236089 0.000290803 30.49 10.7009
820 0.00413 0.00487242 0.00236089 0.000290803 30.49 10.7009
821 0.00450468 0.00313207 0.00236089 0.000290803 30.49 10.7009
822 0.00380292 0.00270555 0.00236089 0.000290803 30.49 10.7009
823 0.00406298 0.00410406 0.00236089 0.000290803 30.49 10.7009
824 0.00382195 0.00611952 0.00236089 0.000290803 30.49 10.7009
825 0.00352703 0.00363013 0.00236089 0.000290803 30.49 10.7009
826 0.00435487 0.00342531 0.00236089 0.000290803 30.49 10.7009
827 0.00425168 0.00900915 0.00236089 0.000290803 30.49 10.7009
828 0.00435964 0.00402147 0.00236089 0.000290803 30.49 10.7009
829 0.00444686 0.00336029 0.00236089 0.000290803 30.49 10.7009
830 0.00444175 0.00345346 0.00236089 0.000290803 30.49 10.7009
831 0.00472749 0.00268346 0.00236089 0.000290803 30.49 10.7009
832 0.00391572 0.00392322 0.00236089 0.000290803 30.49 10.7009
833 0.00462583 0.00522591 0.00236089 0.000290803 30.49 10.7009
834 0.00357198 0.00748448 0.00236089 0.000290803 30.49 10.7009
835 0.00446344 0.00447142 0.00236089 0.000290803 30.49 10.7009
836 0.00379618 0.00418727 0.00236089 0.000290803 30.49 10.7009
837 0.00465079 0.00542641 0.00236089 0.000290803 30.49 10.7009
838 0.00355264 0.00360639 0.00236089 0.000290803 30.49 10.7009
839 0.00457561 0.00411017 0.00236089 0.000290803 30.49 10.7009
840 0.00393762 0.00535665 0.00236089 0.000290803 30.49 10.7009
841 0.00460162 0.00341928 0.00236089 0.000290803 30.49 10.7009
842 0.0044345 0.00361021 0.00236089 0.000290803 30.49 10.7009
843 0.0041919 0.00488521 0.00236089 0.000290803 30.49 10.7009
844 0.0039057 0.00424117 0.00236089 0.000290803 30.49 10.7009
845 0.00408911 0.00871491 0.00236089 0.000290803 30.49 10.7009
846 0.00465333 0.00408198 0.00236089 0.000290803 30.49 10.7009
847 0.00365484 0.00405246 0.00236089 0.000290803 30.49 10.7009
848 0.00452399 0.00352315 0.00236089 0.000290803 30.49 10.7009
849 0.00392024 0.00278619 0.00236089 0.000290803 30.49 10.7009
850 0.00413661 0.00314451 0.00236089 0.000290803 30.49 10.7009
851 0.00498059 0.0029731 0.00236089 0.000290803 30.49 10.7009
852 0.00387907 0.00550857 0.00236089 0.000290803 30.49 10.7009
853 0.00382918 0.0029998 0.00236089 0.000290803 30.49 10.7009
854 0.00428872 0.00319943 0.00236089 0.000290803 30.49 10.7009
855 0.0046394 0.00346616 0.00236089 0.000290803 30.49 10.7009
856 0.00410253 0.00828103 0.00236089 0.000290803 30.49 10.7009
857 0.00465568 0.00441838 0.00236089 0.000290803 30.49 10.7009
858 0.00387177 0.00693797 0.00236089 0.000290803 30.49 10.7009
859 0.00462063 0.00281669 0.00236089 0.000290803 30.49 10.7009
860 0.00445821 0.00283914 0.00236089 0.000290803 30.49 10.7009
861 0.00427579 0.00490218 0.00236089 0.000290803 30.49 10.7009
862 0.0047662 0.003614 0.00236089 0.000290803 30.49 10.7009
863 0.0045166 0.00306115 0.00236089 0.000290803 30.49 10.7009
864 0.00431245 0.00436675 0.00236089 0.000290803 30.49 10.7009
865 0.00423695 0.00380957 0.00236089 0.000290803 30.49 10.7009
866 0.0039354 0.00399851 0.00236089 0.000290803 30.49 10.7009
867 0.00467778 0.0044251 0.00236089 0.000290803 30.49 10.7009
868 0.00405278 0.00336945 0.00236089 0.000290803 30.49 10.7009
869 0.00441512 0.00305807 0.00236089 0.000290803 30.49 10.7009
870 0.00476299 0.00300058 0.00236089 0.000290803 30.49 10.7009
871 0.00432295 0.0039431 0.00236089 0.000290803 30.49 10.7009
872 0.00533087 0.00833339 0.00236089 0.000290803 30.49 10.7009
873 0.00422172 0.00385995 0.00236089 0.000290803 30.49 10.7009
874 0.00440961 0.00513432 0.00236089 0.000290803 30.49 10.7009
875 0.00252827 0.00231001 0.00236089 0.000290803 30.49 10.7009
876 0.00268618 0.00264361 0.00231001 0.000287618 30.1597 10.6421
877 0.0028454 0.00409706 0.00231001 0.000287618 30.1597 10.6421
878 0.00298581 0.00302708 0.00231001 0.000287618 30.1597 10.6421
879 0.00279663 0.00290358 0.00231001 0.000287618 30.1597 10.6421
880 0.00292257 0.00367505 0.00231001 0.000287618 30.1597 10.6421
881 0.00290041 0.0031264 0.00231001 0.000287618 30.1597 10.6421
882 0.00286222 0.00300653 0.00231001 0.000287618 30.1597 10.6421
883 0.00276822 0.00362493 0.00231001 0.000287618 30.1597 10.6421
884 0.0031877 0.00322751 0.00231001 0.000287618 30.1597 10.6421
885 0.00298381 0.00511017 0.00231001 0.000287618 30.1597 10.6421
886 0.00299387 0.00297594 0.00231001 0.000287618 30.1597 10.6421
887 0.00314767 0.00316434 0.00231001 0.000287618 30.1597 10.6421
888 0.00274226 0.00372235 0.00231001 0.000287618 30.1597 10.6421
889 0.00283551 0.00286373 0.00231001 0.000287618 30.1597 10.6421
890 0.00305646 0.00281707 0.00231001 0.000287618 30.1597 10.6421
891 0.00297174 0.00282093 0.00231001 0.000287618 30.1597 10.6421
892 0.00273633 0.00279307 0.00231001 0.000287618 30.1597 10.6421
893 0.00302602 0.00231527 0.00231001 0.000287618 30.1597 10.6421
894 0.00270367 0.00327156 0.00231001 0.000287618 30.1597 10.6421
895 0.0033717 0.00281126 0.00231001 0.000287618 30.1597 10.6421
896 0.00310511 0.00374754 0.00231001 0.000287618 30.1597 10.6421
897 0.00314562 0.0022986 0.00231001 0.000287618 30.1597 10.6421
898 0.00291483 0.00269214 0.0022986 0.000286884 30.0851 10.6285
899 0.00326832 0.00243715 0.0022986 0.000286884 30.0851 10.6285
900 0.0029855 0.00230022 0.0022986 0.000286884 30.0851 10.6285
901 0.00279972 0.00312997 0.0022986 0.000286884 30.0851 10.6285
902 0.00320834 0.00289745 0.0022986 0.000286884 30.0851 10.6285
903 0.00303195 0.00251929 0.0022986 0.000286884 30.0851 10.6285
904 0.00305812 0.00314806 0.0022986 0.000286884 30.0851 10.6285
905 0.00302783 0.00275873 0.0022986 0.000286884 30.0851 10.6285
906 0.00328921 0.00246191 0.0022986 0.000286884 30.0851 10.6285
907 0.00313576 0.00274337 0.0022986 0.000286884 30.0851 10.6285
908 0.00304897 0.00266351 0.0022986 0.000286884 30.0851 10.6285
909 0.00297494 0.00281449 0.0022986 0.000286884 30.0851 10.6285
910 0.00327864 0.00270121 0.0022986 0.000286884 30.0851 10.6285
911 0.0029754 0.00247474 0.0022986 0.000286884 30.0851 10.6285
912 0.0034697 0.00546627 0.0022986 0.000286884 30.0851 10.6285
913 0.00334106 0.00224999 0.0022986 0.000286884 30.0851 10.6285
914 0.003256 0.00274281 0.00224999 0.000283103 29.7653 10.5583
915 0.00302995 0.00322796 0.00224999 0.000283103 29.7653 10.5583
916 0.00312002 0.0027929 0.00224999 0.000283103 29.7653 10.5583
917 0.00306226 0.00340762 0.00224999 0.000283103 29.7653 10.5583
918 0.00312087 0.00410629 0.00224999 0.000283103 29.7653 10.5583
919 0.00312403 0.00394879 0.00224999 0.000283103 29.7653 10.5583
920 0.00361969 0.00296266 0.00224999 0.000283103 29.7653 10.5583
921 0.00269771 0.00233777 0.00224999 0.000283103 29.7653 10.5583
922 0.00327389 0.00261101 0.00224999 0.000283103 29.7653 10.5583
923 0.0034931 0.00314213 0.00224999 0.000283103 29.7653 10.5583
924 0.00355429 0.00296394 0.00224999 0.000283103 29.7653 10.5583
925 0.00324139 0.00282111 0.00224999 0.000283103 29.7653 10.5583
926 0.00316909 0.00278435 0.00224999 0.000283103 29.7653 10.5583
927 0.00338572 0.00242859 0.00224999 0.000283103 29.7653 10.5583
928 0.00310823 0.00246828 0.00224999 0.000283103 29.7653 10.5583
929 0.00312129 0.00312372 0.00224999 0.000283103 29.7653 10.5583
930 0.00327232 0.00294973 0.00224999 0.000283103 29.7653 10.5583
931 0.0032149 0.00381482 0.00224999 0.000283103 29.7653 10.5583
932 0.00330529 0.00334453 0.00224999 0.000283103 29.7653 10.5583
933 0.00335853 0.00299466 0.00224999 0.000283103 29.7653 10.5583
934 0.00310141 0.00305686 0.00224999 0.000283103 29.7653 10.5583
935 0.00298703 0.0024891 0.00224999 0.000283103 29.7653 10.5583
936 0.0032106 0.00463374 0.00224999 0.000283103 29.7653 10.5583
937 0.00316123 0.00295323 0.00224999 0.000283103 29.7653 10.5583
938 0.00307326 0.00251654 0.00224999 0.000283103 29.7653 10.5583
939 0.003478 0.00376149 0.00224999 0.000283103 29.7653 10.5583
940 0.00302344 0.00325449 0.00224999 0.000283103 29.7653 10.5583
941 0.00404085 0.00278133 0.00224999 0.000283103 29.7653 10.5583
942 0.00322916 0.00255178 0.00224999 0.000283103 29.7653 10.5583
943 0.00300881 0.00278985 0.00224999 0.000283103 29.7653 10.5583
944 0.00351544 0.00254612 0.00224999 0.000283103 29.7653 10.5583
945 0.00322517 0.00481378 0.00224999 0.000283103 29.7653 10.5583
946 0.00380212 0.00303236 0.00224999 0.000283103 29.7653 10.5583
947 0.00330418 0.00484869 0.00224999 0.000283103 29.7653 10.5583
948 0.00359239 0.00601829 0.00224999 0.000283103 29.7653 10.5583
949 0.0031529 0.00549792 0.00224999 0.000283103 29.7653 10.5583
950 0.00402113 0.00357152 0.00224999 0.000283103 29.7653 10.5583
951 0.00318602 0.0042208 0.00224999 0.000283103 29.7653 10.5583
952 0.00302506 0.00927372 0.00224999 0.000283103 29.7653 10.5583
953 0.00390247 0.00351146 0.00224999 0.000283103 29.7653 10.5583
954 0.00319538 0.00742526 0.00224999 0.000283103 29.7653 10.5583
955 0.00365397 0.00423704 0.00224999 0.000283103 29.7653 10.5583
956 0.00326758 0.00283135 0.00224999 0.000283103 29.7653 10.5583
957 0.00353049 0.00290057 0.00224999 0.000283103 29.7653 10.5583
958 0.00336928 0.00246621 0.00224999 0.000283103 29.7653 10.5583
959 0.00359785 0.0190189 0.00224999 0.000283103 29.7653 10.5583
960 0.00379495 0.00318302 0.00224999 0.000283103 29.7653 10.5583
961 0.00336035 0.0030202 0.00224999 0.000283103 29.7653 10.5583
962 0.00367777 0.00236988 0.00224999 0.000283103 29.7653 10.5583
963 0.00336522 0.00280066 0.00224999 0.000283103 29.7653 10.5583
964 0.00342088 0.00281648 0.00224999 0.000283103 29.7653 10.5583
965 0.00347918 0.00240762 0.00224999 0.000283103 29.7653 10.5583
966 0.00333073 0.00265012 0.00224999 0.000283103 29.7653 10.5583
967 0.00361477 0.00266817 0.00224999 0.000283103 29.7653 10.5583
968 0.00351772 0.00315729 0.00224999 0.000283103 29.7653 10.5583
969 0.00419113 0.00307715 0.00224999 0.000283103 29.7653 10.5583
970 0.00331251 0.00299423 0.00224999 0.000283103 29.7653 10.5583
971 0.003449 0.00254525 0.00224999 0.000283103 29.7653 10.5583
972 0.0036836 0.00304823 0.00224999 0.000283103 29.7653 10.5583
973 0.00328651 0.00561168 0.00224999 0.000283103 29.7653 10.5583
974 0.00353635 0.00516574 0.00224999 0.000283103 29.7653 10.5583
975 0.00368462 0.00280043 0.00224999 0.000283103 29.7653 10.5583
976 0.00368694 0.00295165 0.00224999 0.000283103 29.7653 10.5583
977 0.00345053 0.00271165 0.00224999 0.000283103 29.7653 10.5583
978 0.0034577 0.00388214 0.00224999 0.000283103 29.7653 10.5583
979 0.00329495 0.00345659 0.00224999 0.000283103 29.7653 10.5583
980 0.00380218 0.00257284 0.00224999 0.000283103 29.7653 10.5583
981 0.00310334 0.00263544 0.00224999 0.000283103 29.7653 10.5583
982 0.00381178 0.00410481 0.00224999 0.000283103 29.7653 10.5583
983 0.00350517 0.00548455 0.00224999 0.000283103 29.7653 10.5583
984 0.00405977 0.00426153 0.00224999 0.000283103 29.7653 10.5583
985 0.0033111 0.0125923 0.00224999 0.000283103 29.7653 10.5583
986 0.00346674 0.0051318 0.00224999 0.000283103 29.7653 10.5583
987 0.00346439 0.00545064 0.00224999 0.000283103 29.7653 10.5583
988 0.00391834 0.00359301 0.00224999 0.000283103 29.7653 10.5583
989 0.00446085 0.00358207 0.00224999 0.000283103 29.7653 10.5583
990 0.00364488 0.00244408 0.00224999 0.000283103 29.7653 10.5583
991 0.00344886 0.00267029 0.00224999 0.000283103 29.7653 10.5583
992 0.00336842 0.00337651 0.00224999 0.000283103 29.7653 10.5583
993 0.00382336 0.00315642 0.00224999 0.000283103 29.7653 10.5583
994 0.00410363 0.00289431 0.00224999 0.000283103 29.7653 10.5583
995 0.00351185 0.00308821 0.00224999 0.000283103 29.7653 10.5583
996 0.00374109 0.00345238 0.00224999 0.000283103 29.7653 10.5583
997 0.00378615 0.00444 0.00224999 0.000283103 29.7653 10.5583
998 0.00349878 0.00282215 0.00224999 0.000283103 29.7653 10.5583
999 0.00374869 0.00312392 0.00224999 0.000283103 29.7653 10.5583
1000 0.00417924 0.00371547 0.00224999 0.000283103 29.7653 10.5583
1001 0.00407285 0.00612409 0.00224999 0.000283103 29.7653 10.5583
1002 0.00352019 0.00253603 0.00224999 0.000283103 29.7653 10.5583
1003 0.00354575 0.00872315 0.00224999 0.000283103 29.7653 10.5583
1004 0.00379372 0.00328388 0.00224999 0.000283103 29.7653 10.5583
1005 0.0036695 0.00405894 0.00224999 0.000283103 29.7653 10.5583
1006 0.00368772 0.004946 0.00224999 0.000283103 29.7653 10.5583
1007 0.00447076 0.00489976 0.00224999 0.000283103 29.7653 10.5583
1008 0.0040403 0.00267899 0.00224999 0.000283103 29.7653 10.5583
1009 0.00358265 0.00278032 0.00224999 0.000283103 29.7653 10.5583
1010 0.00348998 0.00324236 0.00224999 0.000283103 29.7653 10.5583
1011 0.00413526 0.00354045 0.00224999 0.000283103 29.7653 10.5583
1012 0.00427094 0.00480749 0.00224999 0.000283103 29.7653 10.5583
1013 0.00356243 0.00243107 0.00224999 0.000283103 29.7653 10.5583
1014 0.00233862 0.00402714 0.00224999 0.000283103 29.7653 10.5583
1015 0.00260989 0.00366401 0.00224999 0.000283103 29.7653 10.5583
1016 0.00255648 0.00261189 0.00224999 0.000283103 29.7653 10.5583
1017 0.0028924 0.00246284 0.00224999 0.000283103 29.7653 10.5583
1018 0.00258797 0.00252851 0.00224999 0.000283103 29.7653 10.5583
1019 0.0026302 0.00234206 0.00224999 0.000283103 29.7653 10.5583
1020 0.00277058 0.00262837 0.00224999 0.000283103 29.7653 10.5583
1021 0.00278878 0.00290486 0.00224999 0.000283103 29.7653 10.5583
1022 0.00265196 0.00343416 0.00224999 0.000283103 29.7653 10.5583
1023 0.00266733 0.00287547 0.00224999 0.000283103 29.7653 10.5583
1024 0.00271502 0.00296595 0.00224999 0.000283103 29.7653 10.5583
1025 0.00261313 0.00288174 0.00224999 0.000283103 29.7653 10.5583
1026 0.00265228 0.002746 0.00224999 0.000283103 29.7653 10.5583
1027 0.00281176 0.00240032 0.00224999 0.000283103 29.7653 10.5583
1028 0.00256183 0.00293131 0.00224999 0.000283103 29.7653 10.5583
1029 0.00277688 0.00323049 0.00224999 0.000283103 29.7653 10.5583
1030 0.00262285 0.00243152 0.00224999 0.000283103 29.7653 10.5583
1031 0.00279628 0.00312013 0.00224999 0.000283103 29.7653 10.5583
1032 0.00277216 0.00326473 0.00224999 0.000283103 29.7653 10.5583
1033 0.00260971 0.00277102 0.00224999 0.000283103 29.7653 10.5583
1034 0.00270215 0.00250812 0.00224999 0.000283103 29.7653 10.5583
1035 0.0027117 0.00258611 0.00224999 0.000283103 29.7653 10.5583
1036 0.00280059 0.00257542 0.00224999 0.000283103 29.7653 10.5583
1037 0.00270886 0.00346984 0.00224999 0.000283103 29.7653 10.5583
1038 0.00281045 0.0025378 0.00224999 0.000283103 29.7653 10.5583
1039 0.00290754 0.00253132 0.00224999 0.000283103 29.7653 10.5583
1040 0.00277574 0.00420589 0.00224999 0.000283103 29.7653 10.5583
1041 0.00273486 0.0024766 0.00224999 0.000283103 29.7653 10.5583
1042 0.00269373 0.00255325 0.00224999 0.000283103 29.7653 10.5583
1043 0.00301556 0.00278626 0.00224999 0.000283103 29.7653 10.5583
1044 0.00260591 0.0025657 0.00224999 0.000283103 29.7653 10.5583
1045 0.00288359 0.00240647 0.00224999 0.000283103 29.7653 10.5583
1046 0.00269937 0.00245029 0.00224999 0.000283103 29.7653 10.5583
1047 0.00293062 0.00320801 0.00224999 0.000283103 29.7653 10.5583
1048 0.00281108 0.00307777 0.00224999 0.000283103 29.7653 10.5583
1049 0.00280507 0.00257353 0.00224999 0.000283103 29.7653 10.5583
1050 0.00303518 0.00410253 0.00224999 0.000283103 29.7653 10.5583
1051 0.00275038 0.00280066 0.00224999 0.000283103 29.7653 10.5583
1052 0.00299037 0.00238189 0.00224999 0.000283103 29.7653 10.5583
1053 0.00300861 0.00269134 0.00224999 0.000283103 29.7653 10.5583
1054 0.00280151 0.00268961 0.00224999 0.000283103 29.7653 10.5583
1055 0.00297305 0.00247154 0.00224999 0.000283103 29.7653 10.5583
1056 0.00310392 0.00303909 0.00224999 0.000283103 29.7653 10.5583
1057 0.00289911 0.00308811 0.00224999 0.000283103 29.7653 10.5583
1058 0.00277584 0.00296217 0.00224999 0.000283103 29.7653 10.5583
1059 0.0029709 0.00251894 0.00224999 0.000283103 29.7653 10.5583
1060 0.00318813 0.00376614 0.00224999 0.000283103 29.7653 10.5583
1061 0.00294632 0.00239212 0.00224999 0.000283103 29.7653 10.5583
1062 0.00300108 0.00494413 0.00224999 0.000283103 29.7653 10.5583
1063 0.0029567 0.00252989 0.00224999 0.000283103 29.7653 10.5583
1064 0.00304188 0.00247272 0.00224999 0.000283103 29.7653 10.5583
1065 0.00285068 0.00308521 0.00224999 0.000283103 29.7653 10.5583
1066 0.00333384 0.00498846 0.00224999 0.000283103 29.7653 10.5583
1067 0.00278971 0.00312317 0.00224999 0.000283103 29.7653 10.5583
1068 0.003195 0.00265397 0.00224999 0.000283103 29.7653 10.5583
1069 0.00280789 0.00294057 0.00224999 0.000283103 29.7653 10.5583
1070 0.00334268 0.00239773 0.00224999 0.000283103 29.7653 10.5583
1071 0.00285768 0.0025599 0.00224999 0.000283103 29.7653 10.5583
1072 0.00311497 0.00271552 0.00224999 0.000283103 29.7653 10.5583
1073 0.00295544 0.00261159 0.00224999 0.000283103 29.7653 10.5583
1074 0.0035753 0.00867023 0.00224999 0.000283103 29.7653 10.5583
1075 0.00316032 0.00424249 0.00224999 0.000283103 29.7653 10.5583
1076 0.00302041 0.00385007 0.00224999 0.000283103 29.7653 10.5583
1077 0.00300646 0.0026272 0.00224999 0.000283103 29.7653 10.5583
1078 0.00307206 0.00338169 0.00224999 0.000283103 29.7653 10.5583
1079 0.00318991 0.00292098 0.00224999 0.000283103 29.7653 10.5583
1080 0.00328696 0.00294595 0.00224999 0.000283103 29.7653 10.5583
1081 0.00320631 0.00384804 0.00224999 0.000283103 29.7653 10.5583
1082 0.00327344 0.00486322 0.00224999 0.000283103 29.7653 10.5583
1083 0.00327381 0.00250912 0.00224999 0.000283103 29.7653 10.5583
1084 0.00317234 0.00327584 0.00224999 0.000283103 29.7653 10.5583
1085 0.00304268 0.00273972 0.00224999 0.000283103 29.7653 10.5583
1086 0.00313888 0.00338151 0.00224999 0.000283103 29.7653 10.5583
1087 0.00347485 0.00263421 0.00224999 0.000283103 29.7653 10.5583
1088 0.00324375 0.00358847 0.00224999 0.000283103 29.7653 10.5583
1089 0.00310124 0.0034444 0.00224999 0.000283103 29.7653 10.5583
1090 0.00320505 0.00405569 0.00224999 0.000283103 29.7653 10.5583
1091 0.00335618 0.00704642 0.00224999 0.000283103 29.7653 10.5583
1092 0.00287479 0.00323511 0.00224999 0.000283103 29.7653 10.5583
1093 0.00355472 0.00350546 0.00224999 0.000283103 29.7653 10.5583
1094 0.00318644 0.00260057 0.00224999 0.000283103 29.7653 10.5583
1095 0.00311244 0.00430429 0.00224999 0.000283103 29.7653 10.5583
1096 0.00326439 0.00251606 0.00224999 0.000283103 29.7653 10.5583
1097 0.003574 0.00253704 0.00224999 0.000283103 29.7653 10.5583
1098 0.00327199 0.00259485 0.00224999 0.000283103 29.7653 10.5583
1099 0.00307365 0.00366695 0.00224999 0.000283103 29.7653 10.5583
1100 0.0037525 0.00417712 0.00224999 0.000283103 29.7653 10.5583
1101 0.00344096 0.00267228 0.00224999 0.000283103 29.7653 10.5583
1102 0.00323572 0.00336884 0.00224999 0.000283103 29.7653 10.5583
1103 0.00324009 0.00338499 0.00224999 0.000283103 29.7653 10.5583
1104 0.00352576 0.00272676 0.00224999 0.000283103 29.7653 10.5583
1105 0.00328113 0.00293676 0.00224999 0.000283103 29.7653 10.5583
1106 0.00302001 0.00358295 0.00224999 0.000283103 29.7653 10.5583
1107 0.00358921 0.00234997 0.00224999 0.000283103 29.7653 10.5583
1108 0.00355235 0.00273632 0.00224999 0.000283103 29.7653 10.5583
1109 0.00343501 0.00471743 0.00224999 0.000283103 29.7653 10.5583
1110 0.00348838 0.00415154 0.00224999 0.000283103 29.7653 10.5583
1111 0.00322733 0.00271209 0.00224999 0.000283103 29.7653 10.5583
1112 0.00327567 0.00510646 0.00224999 0.000283103 29.7653 10.5583
1113 0.00354843 0.00473384 0.00224999 0.000283103 29.7653 10.5583
1114 0.00237916 0.0032398 0.00224999 0.000283103 29.7653 10.5583
1115 0.00245397 0.00345879 0.00224999 0.000283103 29.7653 10.5583
1116 0.00257514 0.00305972 0.00224999 0.000283103 29.7653 10.5583
1117 0.00255595 0.00240831 0.00224999 0.000283103 29.7653 10.5583
1118 0.00252453 0.00237871 0.00224999 0.000283103 29.7653 10.5583
1119 0.0025009 0.00285111 0.00224999 0.000283103 29.7653 10.5583
1120 0.00267414 0.00297062 0.00224999 0.000283103 29.7653 10.5583
1121 0.00245867 0.00304473 0.00224999 0.000283103 29.7653 10.5583
1122 0.00259954 0.00272913 0.00224999 0.000283103 29.7653 10.5583
1123 0.00263936 0.00237732 0.00224999 0.000283103 29.7653 10.5583
1124 0.00257915 0.00256002 0.00224999 0.000283103 29.7653 10.5583
1125 0.0026613 0.00259837 0.00224999 0.000283103 29.7653 10.5583
1126 0.00261851 0.0030627 0.00224999 0.000283103 29.7653 10.5583
1127 0.00276179 0.00324663 0.00224999 0.000283103 29.7653 10.5583
1128 0.00276765 0.00399788 0.00224999 0.000283103 29.7653 10.5583
1129 0.00254036 0.00259037 0.00224999 0.000283103 29.7653 10.5583
1130 0.00266573 0.00266573 0.00224999 0.000283103 29.7653 10.5583
1131 0.0026806 0.00252596 0.00224999 0.000283103 29.7653 10.5583
1132 0.00275766 0.0029272 0.00224999 0.000283103 29.7653 10.5583
1133 0.00265781 0.00377167 0.00224999 0.000283103 29.7653 10.5583
1134 0.00274027 0.00356637 0.00224999 0.000283103 29.7653 10.5583
1135 0.00287247 0.00558253 0.00224999 0.000283103 29.7653 10.5583
1136 0.00304166 0.00248166 0.00224999 0.000283103 29.7653 10.5583
1137 0.00269349 0.00272821 0.00224999 0.000283103 29.7653 10.5583
1138 0.00272523 0.0026625 0.00224999 0.000283103 29.7653 10.5583
1139 0.00277198 0.00287422 0.00224999 0.000283103 29.7653 10.5583
1140 0.00281084 0.00239658 0.00224999 0.000283103 29.7653 10.5583
1141 0.00271958 0.00272573 0.00224999 0.000283103 29.7653 10.5583
1142 0.00290464 0.00340012 0.00224999 0.000283103 29.7653 10.5583
1143 0.00286814 0.00270611 0.00224999 0.000283103 29.7653 10.5583
1144 0.00267673 0.00244409 0.00224999 0.000283103 29.7653 10.5583
1145 0.00283102 0.00261718 0.00224999 0.000283103 29.7653 10.5583
1146 0.00294937 0.00224233 0.00224999 0.000283103 29.7653 10.5583
1147 0.00261878 0.002653 0.00224233 0.000260527 29.7146 10.1285
1148 0.0026823 0.00252469 0.00224233 0.000260527 29.7146 10.1285
1149 0.00276937 0.00245419 0.00224233 0.000260527 29.7146 10.1285
1150 0.00291602 0.00283832 0.00224233 0.000260527 29.7146 10.1285
1151 0.00309002 0.00287976 0.00224233 0.000260527 29.7146 10.1285
1152 0.00278557 0.002822 0.00224233 0.000260527 29.7146 10.1285
1153 0.00278583 0.00239095 0.00224233 0.000260527 29.7146 10.1285
1154 0.00299548 0.00263749 0.00224233 0.000260527 29.7146 10.1285
1155 0.00281171 0.00290628 0.00224233 0.000260527 29.7146 10.1285
1156 0.00297334 0.00303477 0.00224233 0.000260527 29.7146 10.1285
1157 0.00301311 0.00250934 0.00224233 0.000260527 29.7146 10.1285
1158 0.00302366 0.00305507 0.00224233 0.000260527 29.7146 10.1285
1159 0.00308732 0.00294333 0.00224233 0.000260527 29.7146 10.1285
1160 0.00281753 0.00264402 0.00224233 0.000260527 29.7146 10.1285
1161 0.00284532 0.0033876 0.00224233 0.000260527 29.7146 10.1285
1162 0.00281363 0.00292303 0.00224233 0.000260527 29.7146 10.1285
1163 0.00304319 0.00274046 0.00224233 0.000260527 29.7146 10.1285
1164 0.00295046 0.00265846 0.00224233 0.000260527 29.7146 10.1285
1165 0.00312347 0.00333011 0.00224233 0.000260527 29.7146 10.1285
1166 0.00287804 0.00285907 0.00224233 0.000260527 29.7146 10.1285
1167 0.00285717 0.00284334 0.00224233 0.000260527 29.7146 10.1285
1168 0.0032712 0.00314059 0.00224233 0.000260527 29.7146 10.1285
1169 0.00300158 0.00271345 0.00224233 0.000260527 29.7146 10.1285
1170 0.00297124 0.00272583 0.00224233 0.000260527 29.7146 10.1285
1171 0.00297384 0.00315448 0.00224233 0.000260527 29.7146 10.1285
1172 0.00300973 0.00370207 0.00224233 0.000260527 29.7146 10.1285
1173 0.00304425 0.0027094 0.00224233 0.000260527 29.7146 10.1285
1174 0.00293309 0.00361474 0.00224233 0.000260527 29.7146 10.1285
1175 0.00309598 0.00323548 0.00224233 0.000260527 29.7146 10.1285
1176 0.00302273 0.0029496 0.00224233 0.000260527 29.7146 10.1285
1177 0.00303398 0.00320065 0.00224233 0.000260527 29.7146 10.1285
1178 0.00295999 0.00269004 0.00224233 0.000260527 29.7146 10.1285
1179 0.00326038 0.00354445 0.00224233 0.000260527 29.7146 10.1285
1180 0.0031974 0.0026587 0.00224233 0.000260527 29.7146 10.1285
1181 0.00325294 0.00364958 0.00224233 0.000260527 29.7146 10.1285
1182 0.00319971 0.00316645 0.00224233 0.000260527 29.7146 10.1285
1183 0.00358137 0.00276722 0.00224233 0.000260527 29.7146 10.1285
1184 0.00314221 0.00337632 0.00224233 0.000260527 29.7146 10.1285
1185 0.00299666 0.00328041 0.00224233 0.000260527 29.7146 10.1285
1186 0.00327858 0.00849784 0.00224233 0.000260527 29.7146 10.1285
1187 0.00319395 0.00309198 0.00224233 0.000260527 29.7146 10.1285
1188 0.00347536 0.00264988 0.00224233 0.000260527 29.7146 10.1285
1189 0.00316949 0.00364622 0.00224233 0.000260527 29.7146 10.1285
1190 0.00356763 0.00280386 0.00224233 0.000260527 29.7146 10.1285
1191 0.00348554 0.00249374 0.00224233 0.000260527 29.7146 10.1285
1192 0.00321817 0.00666642 0.00224233 0.000260527 29.7146 10.1285
1193 0.00310027 0.00283711 0.00224233 0.000260527 29.7146 10.1285
1194 0.00348532 0.00473688 0.00224233 0.000260527 29.7146 10.1285
1195 0.00364816 0.00382174 0.00224233 0.000260527 29.7146 10.1285
1196 0.00328128 0.00448594 0.00224233 0.000260527 29.7146 10.1285
1197 0.00309014 0.00440747 0.00224233 0.000260527 29.7146 10.1285
1198 0.0033219 0.00323313 0.00224233 0.000260527 29.7146 10.1285
1199 0.00320153 0.00253972 0.00224233 0.000260527 29.7146 10.1285
1200 0.00340313 0.00265884 0.00224233 0.000260527 29.7146 10.1285
1201 0.00331503 0.00337464 0.00224233 0.000260527 29.7146 10.1285
1202 0.0033768 0.00425804 0.00224233 0.000260527 29.7146 10.1285
1203 0.00342166 0.00261229 0.00224233 0.000260527 29.7146 10.1285
1204 0.00317622 0.00332771 0.00224233 0.000260527 29.7146 10.1285
1205 0.0031982 0.00260408 0.00224233 0.000260527 29.7146 10.1285
1206 0.00345081 0.00285693 0.00224233 0.000260527 29.7146 10.1285
1207 0.00343426 0.00392457 0.00224233 0.000260527 29.7146 10.1285
1208 0.00319386 0.00323279 0.00224233 0.000260527 29.7146 10.1285
1209 0.00337497 0.00342261 0.00224233 0.000260527 29.7146 10.1285
1210 0.00367355 0.00363913 0.00224233 0.000260527 29.7146 10.1285
1211 0.0035153 0.00249546 0.00224233 0.000260527 29.7146 10.1285
1212 0.00304945 0.00299917 0.00224233 0.000260527 29.7146 10.1285
1213 0.00343523 0.00325625 0.00224233 0.000260527 29.7146 10.1285
1214 0.00336171 0.00270973 0.00224233 0.000260527 29.7146 10.1285
1215 0.00329188 0.00270925 0.00224233 0.000260527 29.7146 10.1285
1216 0.00348635 0.0031346 0.00224233 0.000260527 29.7146 10.1285
1217 0.00357077 0.00359699 0.00224233 0.000260527 29.7146 10.1285
1218 0.00425306 0.00429017 0.00224233 0.000260527 29.7146 10.1285
1219 0.00345143 0.00254329 0.00224233 0.000260527 29.7146 10.1285
1220 0.00342852 0.00272931 0.00224233 0.000260527 29.7146 10.1285
1221 0.00363315 0.00338688 0.00224233 0.000260527 29.7146 10.1285
1222 0.00348741 0.00277179 0.00224233 0.000260527 29.7146 10.1285
1223 0.00343988 0.0028046 0.00224233 0.000260527 29.7146 10.1285
1224 0.00400956 0.00482059 0.00224233 0.000260527 29.7146 10.1285
1225 0.00328163 0.00280957 0.00224233 0.000260527 29.7146 10.1285
1226 0.00383612 0.00400386 0.00224233 0.000260527 29.7146 10.1285
1227 0.00351378 0.00374196 0.00224233 0.000260527 29.7146 10.1285
1228 0.00401585 0.00323455 0.00224233 0.000260527 29.7146 10.1285
1229 0.00384595 0.00329986 0.00224233 0.000260527 29.7146 10.1285
1230 0.00365579 0.00420764 0.00224233 0.000260527 29.7146 10.1285
1231 0.00373679 0.00312798 0.00224233 0.000260527 29.7146 10.1285
1232 0.00376373 0.0029078 0.00224233 0.000260527 29.7146 10.1285
1233 0.00393235 0.00265732 0.00224233 0.000260527 29.7146 10.1285
1234 0.00352494 0.00516416 0.00224233 0.000260527 29.7146 10.1285
1235 0.00412527 0.00281278 0.00224233 0.000260527 29.7146 10.1285
1236 0.00352596 0.0057449 0.00224233 0.000260527 29.7146 10.1285
1237 0.00397749 0.00392924 0.00224233 0.000260527 29.7146 10.1285
1238 0.00361274 0.00306707 0.00224233 0.000260527 29.7146 10.1285
1239 0.00329031 0.00314831 0.00224233 0.000260527 29.7146 10.1285
1240 0.00424761 0.0025505 0.00224233 0.000260527 29.7146 10.1285
1241 0.00369534 0.00404057 0.00224233 0.000260527 29.7146 10.1285
1242 0.00395076 0.00264884 0.00224233 0.000260527 29.7146 10.1285
1243 0.00372395 0.00584792 0.00224233 0.000260527 29.7146 10.1285
1244 0.00393164 0.00262115 0.00224233 0.000260527 29.7146 10.1285
1245 0.00433624 0.00275827 0.00224233 0.000260527 29.7146 10.1285
1246 0.0036417 0.00398129 0.00224233 0.000260527 29.7146 10.1285
