1 100
2 100
3 100
4 100
5 100
6 99
7 99
8 98
9 98
10 97
11 97
12 96
13 95
14 95
15 95
16 94
17 93
18 93
19 93
20 92
21 91
22 91
23 90
24 90
25 90
26 89
27 89
28 88
29 88
30 87
31 86
32 86
33 85
34 85
35 85
36 84
37 83
38 83
39 82
40 82
41 82
42 81
43 80
44 80
45 80
46 79
47 79
48 78
49 77
50 77
51 77
52 76
53 75
54 75
55 75
56 74
57 73
58 73
59 72
60 72
61 72
62 71
63 70
64 70
65 69
66 69
67 69
68 68
69 67
70 67
71 66
72 66
73 66
74 65
75 64
76 64
77 63
78 63
79 63
80 62
81 62
82 61
83 60
84 60
85 60
86 59
87 59
88 58
89 57
90 57
91 57
92 56
93 56
94 55
95 54
96 54
97 54
98 53
99 53
100 52
101 51
102 51
103 50
104 50
105 50
106 49
107 49
108 48
109 48
110 47
111 46
112 46
113 45
114 45
115 44
116 44
117 44
118 43
119 43
120 42
121 42
122 41
123 40
124 40
125 39
126 39
127 38
128 38
129 38
130 37
131 37
132 36
133 36
134 35
135 34
136 34
137 33
138 33
139 32
140 32
141 32
142 31
143 31
144 30
145 30
146 29
147 28
148 28
149 27
150 27
151 26
152 26
153 25
154 25
155 25
156 24
157 24
158 23
159 23
160 22
161 21
162 21
163 20
164 20
165 19
166 19
167 19
168 18
169 18
170 17
171 17
172 16
173 15
174 15
175 14
176 14
177 13
178 13
179 13
180 12
181 12
182 11
183 11
184 10
185 9
186 9
187 8
188 8
189 7
190 7
191 7
192 6
193 6
194 5
195 5
196 4
197 3
198 3
199 2
200 2
201 1
202 1
203 0
204 100
205 100
206 99
207 99
208 98
209 98
210 97
211 97
212 96
213 95
214 95
215 95
216 94
217 93
218 93
219 93
220 92
221 91
222 91
223 90
224 90
225 90
226 89
227 89
228 88
229 88
230 87
231 86
232 86
233 85
234 85
235 85
236 84
237 83
238 83
239 82
240 82
241 82
242 81
243 80
244 80
245 80
246 79
247 79
248 78
249 77
250 77
251 77
252 76
253 75
254 75
255 75
256 74
257 73
258 73
259 72
260 72
261 72
262 71
263 70
264 70
265 69
266 69
267 69
268 68
269 67
270 67
271 66
272 66
273 66
274 65
275 64
276 64
277 63
278 63
279 63
280 62
281 62
282 61
283 60
284 60
285 60
286 59
287 59
288 58
289 57
290 57
291 57
292 56
293 56
294 55
295 54
296 54
297 54
298 53
299 53
300 52
301 51
302 51
303 50
304 50
305 50
306 49
307 49
308 48
309 48
310 47
311 46
312 46
313 45
314 45
315 44
316 44
317 44
318 43
319 43
320 42
321 42
322 41
323 40
324 40
325 39
326 39
327 38
328 38
329 38
330 37
331 37
332 36
333 36
334 35
335 34
336 34
337 33
338 33
339 32
340 32
341 32
342 31
343 31
344 30
345 30
346 29
347 28
348 28
349 27
350 27
351 26
352 26
353 25
354 25
355 25
356 24
357 24
358 23
359 23
360 22
361 21
362 21
363 20
364 20
365 19
366 19
367 19
368 18
369 18
370 17
371 17
372 16
373 15
374 15
375 14
376 14
377 13
378 13
379 13
380 12
381 12
382 11
383 11
384 10
385 9
386 9
387 8
388 8
389 7
390 7
391 7
392 6
393 6
394 5
395 5
396 4
397 3
398 3
399 2
400 2
401 1
402 1
403 0
404 100
405 100
406 99
407 99
408 98
409 98
410 97
411 97
412 96
413 95
414 95
415 95
416 94
417 93
418 93
419 93
420 92
421 91
422 91
423 90
424 90
425 90
426 89
427 89
428 88
429 88
430 87
431 86
432 86
433 85
434 85
435 85
436 84
437 83
438 83
439 82
440 82
441 82
442 81
443 80
444 80
445 80
446 79
447 79
448 78
449 77
450 77
451 77
452 76
453 75
454 75
455 75
456 74
457 73
458 73
459 72
460 72
461 72
462 71
463 70
464 70
465 69
466 69
467 69
468 68
469 67
470 67
471 66
472 66
473 66
474 65
475 64
476 64
477 63
478 63
479 63
480 62
481 62
482 61
483 60
484 60
485 60
486 59
487 59
488 58
489 57
490 57
491 57
492 56
493 56
494 55
495 54
496 54
497 54
498 53
499 53
500 52
501 51
502 51
503 50
504 50
505 50
506 49
507 49
508 48
509 48
510 47
511 46
512 46
513 45
514 45
515 44
516 44
517 44
518 43
519 43
520 42
521 42
522 41
523 40
524 40
525 39
526 39
527 38
528 38
529 38
530 37
531 37
532 36
533 36
534 35
535 34
536 34
537 33
538 33
539 32
540 32
541 32
542 31
543 31
544 30
545 30
546 29
547 28
548 28
549 27
550 27
551 26
552 26
553 25
554 25
555 25
556 24
557 24
558 23
559 23
560 22
561 21
562 21
563 20
564 20
565 19
566 19
567 19
568 18
569 18
570 17
571 17
572 16
573 15
574 15
575 14
576 14
577 13
578 13
579 13
580 12
581 12
582 11
583 11
584 10
585 9
586 9
587 8
588 8
589 7
590 7
591 7
592 6
593 6
594 5
595 5
596 4
597 3
598 3
599 2
600 2
601 1
602 1
603 0
604 100
605 100
606 99
607 99
608 98
609 98
610 97
611 97
612 96
613 95
614 95
615 95
616 94
617 93
618 93
619 93
620 92
621 91
622 91
623 90
624 90
625 90
626 89
627 89
628 88
629 88
630 87
631 86
632 86
633 85
634 85
635 85
636 84
637 83
638 83
639 82
640 82
641 82
642 81
643 80
644 80
645 80
646 79
647 79
648 78
649 77
650 77
651 77
652 76
653 75
654 75
655 75
656 74
657 73
658 73
659 72
660 72
661 72
662 71
663 70
664 70
665 69
666 69
667 69
668 68
669 67
670 67
671 66
672 66
673 66
674 65
675 64
676 64
677 63
678 63
679 63
680 62
681 62
682 61
683 60
684 60
685 60
686 59
687 59
688 58
689 57
690 57
691 57
692 56
693 56
694 55
695 54
696 54
697 54
698 53
699 53
700 52
701 51
702 51
703 50
704 50
705 50
706 49
707 49
708 48
709 48
710 47
711 46
712 46
713 45
714 45
715 44
716 44
717 44
718 43
719 43
720 42
721 42
722 41
723 40
724 40
725 39
726 39
727 38
728 38
729 38
730 37
731 37
732 36
733 36
734 35
735 34
736 34
737 33
738 33
739 32
740 32
741 32
742 31
743 31
744 30
745 30
746 29
747 28
748 28
749 27
750 27
751 26
752 26
753 25
754 25
755 25
756 24
757 24
758 23
759 23
760 22
761 21
762 21
763 20
764 20
765 19
766 19
767 19
768 18
769 18
770 17
771 17
772 16
773 15
774 15
775 14
776 14
777 13
778 13
779 13
780 12
781 12
782 11
783 11
784 10
785 9
786 9
787 8
788 8
789 100
790 100
791 99
792 99
793 98
794 98
795 97
796 97
797 96
798 95
799 95
800 95
801 94
802 93
803 93
804 93
805 92
806 91
807 91
808 90
809 90
810 90
811 89
812 89
813 88
814 88
815 87
816 86
817 86
818 85
819 85
820 85
821 84
822 83
823 83
824 82
825 82
826 82
827 81
828 80
829 80
830 80
831 79
832 79
833 78
834 77
835 77
836 77
837 76
838 75
839 75
840 75
841 74
842 73
843 73
844 72
845 72
846 72
847 71
848 70
849 70
850 69
851 69
852 69
853 68
854 67
855 67
856 66
857 66
858 66
859 65
860 64
861 64
862 63
863 63
864 63
865 62
866 62
867 61
868 60
869 60
870 60
871 59
872 59
873 58
874 57
875 57
876 57
877 56
878 56
879 55
880 54
881 54
882 54
883 53
884 53
885 52
886 51
887 51
888 50
889 50
890 50
891 49
892 49
893 48
894 48
895 47
896 46
897 46
898 45
899 45
900 44
901 44
902 44
903 43
904 43
905 42
906 42
907 41
908 40
909 40
910 39
911 39
912 38
913 38
914 38
915 37
916 37
917 36
918 36
919 35
920 34
921 34
922 33
923 33
924 32
925 32
926 32
927 31
928 31
929 30
930 30
931 29
932 28
933 28
934 27
935 27
936 26
937 26
938 25
939 25
940 25
941 24
942 24
943 23
944 23
945 22
946 21
947 21
948 20
949 20
950 19
951 19
952 19
953 18
954 18
955 17
956 17
957 16
958 15
959 15
960 14
961 14
962 13
963 13
964 13
965 12
966 12
967 11
968 11
969 10
970 9
971 9
972 8
973 8
974 7
975 7
976 7
977 6
978 6
979 5
980 5
981 4
982 3
983 3
984 2
985 2
986 1
987 1
988 0
989 100
990 100
991 99
992 99
993 98
994 98
995 97
996 97
997 96
998 95
999 95
1000 95
1001 94
1002 93
1003 93
1004 93
1005 92
1006 91
1007 91
1008 90
1009 90
1010 90
1011 89
1012 89
1013 88
1014 88
1015 87
1016 86
1017 86
1018 85
1019 85
1020 85
1021 84
1022 83
1023 83
1024 82
1025 100
1026 100
1027 99
1028 99
1029 98
1030 98
1031 97
1032 97
1033 96
1034 95
1035 95
1036 95
1037 94
1038 93
1039 93
1040 93
1041 92
1042 91
1043 91
1044 90
1045 90
1046 90
1047 89
1048 89
1049 88
1050 88
1051 87
1052 86
1053 86
1054 85
1055 85
1056 85
1057 84
1058 83
1059 83
1060 100
1061 100
1062 99
1063 99
1064 98
1065 98
1066 97
1067 97
1068 96
1069 95
1070 95
1071 95
1072 94
1073 93
1074 93
1075 93
1076 92
1077 91
1078 91
1079 90
1080 90
1081 90
1082 89
1083 89
1084 88
1085 88
1086 87
1087 86
1088 86
1089 85
1090 85
1091 85
1092 84
1093 83
1094 83
1095 82
1096 82
1097 82
1098 81
1099 80
1100 80
1101 80
1102 79
1103 79
1104 100
1105 100
1106 99
1107 99
1108 98
1109 98
1110 97
1111 97
1112 96
1113 95
1114 95
1115 95
1116 94
1117 93
1118 93
1119 93
1120 92
1121 91
1122 91
1123 90
1124 90
1125 90
1126 89
1127 89
1128 88
1129 88
1130 87
1131 86
1132 86
1133 85
1134 85
1135 85
1136 84
1137 83
1138 83
1139 82
1140 82
1141 82
1142 81
1143 80
1144 80
1145 80
1146 79
1147 79
1148 78
1149 77
1150 77
1151 77
1152 76
1153 75
1154 75
1155 75
1156 74
1157 73
1158 73
1159 72
1160 72
1161 72
1162 71
1163 70
1164 70
1165 69
1166 69
1167 69
1168 68
1169 67
1170 67
1171 66
1172 66
1173 66
1174 65
1175 64
1176 64
1177 63
1178 63
1179 63
1180 62
1181 62
1182 61
1183 60
1184 60
1185 60
1186 59
1187 59
1188 58
1189 57
1190 57
1191 57
1192 56
1193 56
1194 55
1195 54
1196 54
1197 54
1198 53
1199 53
1200 52
1201 51
1202 51
1203 50
1204 50
1205 50
1206 49
1207 49
1208 48
1209 48
1210 47
1211 46
1212 46
1213 45
1214 45
1215 44
1216 44
1217 44
1218 43
1219 43
1220 42
1221 42
1222 41
1223 40
1224 40
1225 39
1226 39
1227 38
1228 38
1229 38
1230 37
1231 37
1232 36
1233 36
1234 35
1235 34
1236 34
1237 33
1238 33
1239 32
1240 32
1241 32
1242 31
1243 31
1244 30
1245 30
1246 29
1247 28
1248 28
1249 27
1250 27
1251 26
1252 26
1253 25
1254 25
1255 25
1256 24
1257 24
1258 23
1259 23
1260 22
1261 21
1262 21
1263 20
1264 20
1265 19
1266 19
1267 19
1268 18
1269 18
1270 17
1271 17
1272 16
1273 15
1274 15
1275 14
1276 14
1277 13
1278 13
1279 13
1280 12
1281 12
1282 11
1283 11
1284 10
1285 9
1286 9
1287 8
1288 8
1289 7
1290 7
1291 7
1292 6
1293 6
1294 5
1295 5
1296 4
1297 3
1298 3
1299 2
1300 2
1301 1
1302 1
1303 0
1304 100
1305 100
1306 99
1307 99
1308 98
1309 100
1310 100
1311 99
1312 99
1313 98
1314 98
1315 97
1316 97
1317 96
1318 95
1319 95
1320 95
1321 94
1322 93
1323 93
1324 93
1325 92
1326 91
1327 91
1328 90
1329 90
1330 90
1331 89
1332 89
1333 88
1334 88
1335 87
1336 86
1337 100
1338 100
1339 99
1340 99
1341 98
1342 98
1343 97
1344 97
1345 96
1346 95
1347 95
1348 95
1349 94
1350 93
1351 93
1352 93
1353 92
1354 91
1355 91
1356 90
1357 90
1358 90
1359 89
1360 89
1361 88
1362 88
1363 87
1364 86
1365 86
1366 85
1367 85
1368 85
1369 84
1370 83
1371 83
1372 82
1373 82
1374 82
1375 81
1376 80
1377 80
1378 80
1379 79
1380 79
1381 78
1382 77
1383 77
1384 100
1385 100
1386 99
1387 99
1388 98
1389 98
1390 97
1391 97
1392 96
1393 95
1394 95
1395 95
1396 94
1397 93
1398 93
1399 93
1400 92
1401 91
1402 91
1403 90
1404 90
1405 90
1406 89
1407 89
1408 88
1409 88
1410 87
1411 86
1412 86
1413 85
1414 85
1415 85
1416 84
1417 83
1418 83
1419 82
1420 82
1421 82
1422 81
1423 80
1424 80
1425 80
1426 79
1427 79
1428 78
1429 77
1430 77
1431 77
1432 76
1433 75
1434 75
1435 75
1436 74
1437 73
1438 73
1439 72
1440 72
1441 72
1442 71
1443 70
1444 70
1445 69
1446 69
1447 69
1448 68
1449 67
1450 67
1451 66
1452 66
1453 66
1454 65
1455 64
1456 64
1457 63
1458 63
1459 63
1460 62
1461 62
1462 61
1463 60
1464 60
1465 60
1466 59
1467 59
1468 58
1469 57
1470 57
1471 57
1472 56
1473 56
1474 55
1475 54
1476 54
1477 54
1478 53
1479 53
1480 52
1481 51
1482 51
1483 50
1484 50
1485 50
1486 49
1487 49
1488 48
1489 48
1490 47
1491 46
1492 46
1493 45
1494 45
1495 44
1496 44
1497 44
1498 43
1499 43
1500 42
1501 42
1502 41
1503 40
1504 40
1505 39
1506 39
1507 38
1508 38
1509 38
1510 37
1511 37
1512 36
1513 36
1514 35
1515 34
1516 34
1517 33
1518 33
1519 32
1520 32
1521 32
1522 31
1523 31
1524 30
1525 30
1526 29
1527 28
1528 28
1529 27
1530 27
1531 26
1532 26
1533 25
1534 25
1535 25
1536 24
1537 24
1538 23
1539 23
1540 22
1541 21
1542 21
1543 20
1544 20
1545 19
1546 19
1547 19
1548 18
1549 18
1550 17
1551 17
1552 16
1553 15
1554 15
1555 14
1556 14
1557 13
1558 13
1559 13
1560 12
1561 12
1562 11
1563 11
1564 10
1565 9
1566 9
1567 8
1568 8
1569 7
1570 7
1571 7
1572 6
1573 6
1574 5
1575 5
1576 4
1577 3
1578 3
1579 2
1580 2
1581 1
1582 1
1583 0
1584 100
1585 100
1586 99
1587 99
1588 98
1589 98
1590 97
1591 97
1592 96
1593 95
1594 100
1595 100
1596 99
1597 99
1598 98
1599 98
1600 97
1601 97
1602 96
1603 95
1604 95
1605 95
1606 94
1607 93
1608 93
1609 93
1610 92
1611 91
1612 91
1613 90
1614 90
1615 90
1616 89
1617 89
1618 88
1619 88
1620 87
1621 86
1622 86
1623 85
1624 85
1625 85
1626 84
1627 83
1628 83
1629 82
1630 82
1631 82
1632 81
1633 80
1634 80
1635 80
1636 79
1637 79
1638 78
1639 77
1640 77
1641 77
1642 76
1643 75
1644 75
1645 75
1646 74
1647 73
1648 73
1649 72
1650 72
1651 72
1652 71
1653 70
1654 70
1655 69
1656 69
1657 69
1658 68
1659 67
1660 67
1661 66
1662 66
1663 66
1664 65
1665 64
1666 64
1667 63
1668 63
1669 63
1670 62
1671 62
1672 61
1673 60
1674 60
1675 60
1676 59
1677 59
1678 58
1679 57
1680 57
1681 57
1682 56
1683 56
1684 55
1685 54
1686 54
1687 54
1688 53
1689 53
1690 52
1691 51
1692 51
1693 50
1694 50
1695 50
1696 49
1697 49
1698 48
1699 48
1700 47
1701 46
1702 46
1703 45
1704 45
1705 44
1706 44
1707 44
1708 43
1709 43
1710 42
1711 42
1712 41
1713 40
1714 40
1715 39
1716 39
1717 38
1718 38
1719 38
1720 37
1721 37
1722 36
1723 36
1724 35
1725 34
1726 34
1727 33
1728 33
1729 32
1730 32
1731 32
1732 31
1733 31
1734 30
1735 30
1736 29
1737 28
1738 28
1739 27
1740 27
1741 26
1742 26
1743 25
1744 25
1745 25
1746 24
1747 24
1748 23
1749 23
1750 22
1751 21
1752 21
1753 20
1754 20
1755 19
1756 19
1757 19
1758 18
1759 18
1760 17
1761 17
1762 16
1763 15
1764 15
1765 14
1766 14
1767 13
1768 13
1769 13
1770 12
1771 12
1772 11
1773 11
1774 10
1775 9
1776 9
1777 8
1778 8
1779 7
1780 7
1781 7
1782 6
1783 6
1784 5
1785 5
1786 4
1787 3
1788 3
1789 2
1790 2
1791 1
1792 1
1793 0
1794 100
1795 100
1796 99
1797 99
1798 98
1799 98
1800 97
1801 97
1802 96
1803 95
1804 95
1805 95
1806 94
1807 93
1808 93
1809 93
1810 92
1811 91
1812 91
1813 90
1814 90
1815 90
1816 89
1817 89
1818 88
1819 88
1820 87
1821 86
1822 86
1823 85
1824 85
1825 85
1826 84
1827 83
1828 83
1829 82
1830 82
1831 82
1832 81
1833 80
1834 80
1835 80
1836 79
1837 79
1838 78
1839 77
1840 77
1841 77
1842 76
1843 75
1844 75
1845 75
1846 74
1847 73
1848 73
1849 72
1850 72
1851 72
1852 71
1853 70
1854 70
1855 69
1856 69
1857 69
1858 68
1859 67
1860 67
1861 66
1862 66
1863 66
1864 65
1865 64
1866 64
1867 63
1868 63
1869 63
1870 62
1871 62
1872 61
1873 60
1874 60
1875 60
1876 59
1877 59
1878 58
1879 57
1880 57
1881 57
1882 56
1883 56
1884 55
1885 54
1886 54
1887 54
1888 53
1889 53
1890 52
1891 51
1892 51
1893 50
1894 50
1895 50
1896 49
1897 49
1898 48
1899 48
1900 47
1901 46
1902 46
1903 45
1904 45
1905 44
1906 44
1907 44
1908 43
1909 43
1910 42
1911 42
1912 41
1913 40
1914 40
1915 39
1916 39
1917 38
1918 38
1919 38
1920 37
1921 37
1922 36
1923 36
1924 35
1925 34
1926 34
1927 33
1928 33
1929 32
1930 32
1931 32
1932 31
1933 31
1934 30
1935 30
1936 29
1937 28
1938 28
1939 27
1940 27
1941 26
1942 26
1943 25
1944 25
1945 25
1946 24
1947 24
1948 23
1949 23
1950 22
1951 21
1952 21
1953 20
1954 20
1955 19
1956 19
1957 19
1958 18
1959 18
1960 17
1961 17
1962 16
1963 15
1964 15
1965 14
1966 14
1967 13
1968 13
1969 13
1970 12
1971 12
1972 11
1973 11
1974 10
1975 9
1976 9
1977 8
1978 8
1979 7
1980 7
1981 7
1982 6
1983 6
1984 5
1985 5
1986 4
1987 3
1988 3
1989 2
1990 2
1991 1
1992 1
1993 0
1994 100
1995 100
1996 99
1997 99
1998 98
1999 98
2000 97
2001 97
2002 96
2003 95
2004 95
2005 95
2006 94
2007 93
2008 93
2009 93
2010 92
2011 91
2012 91
2013 90
2014 90
2015 100
2016 100
2017 99
2018 99
2019 98
2020 98
2021 97
2022 97
2023 96
2024 95
2025 95
2026 95
2027 94
2028 93
2029 93
2030 93
2031 92
2032 91
2033 91
2034 90
2035 90
2036 90
2037 89
2038 89
2039 88
2040 88
2041 87
2042 86
2043 86
2044 85
2045 85
2046 85
2047 84
2048 83
2049 83
2050 82
2051 82
2052 82
2053 81
2054 80
2055 80
2056 80
2057 79
2058 79
2059 78
2060 77
2061 77
2062 77
2063 76
2064 75
2065 75
2066 75
2067 74
2068 73
2069 73
2070 72
2071 72
2072 72
2073 71
2074 70
2075 70
2076 69
2077 69
2078 69
2079 68
2080 67
2081 67
2082 66
2083 66
2084 66
2085 65
2086 64
2087 64
2088 63
2089 63
2090 63
2091 62
2092 62
2093 61
2094 60
2095 60
2096 60
2097 59
2098 59
2099 58
2100 57
2101 57
2102 57
2103 56
2104 56
2105 55
2106 54
2107 54
2108 54
2109 53
2110 53
2111 52
2112 51
2113 51
2114 50
2115 50
2116 50
2117 49
2118 49
2119 48
2120 48
2121 47
2122 46
2123 46
2124 45
2125 45
2126 44
2127 44
2128 44
2129 43
2130 43
2131 42
2132 42
2133 41
2134 40
2135 40
2136 39
2137 39
2138 38
2139 38
2140 38
2141 37
2142 37
2143 36
2144 36
2145 35
2146 34
2147 34
2148 33
2149 33
2150 32
2151 32
2152 32
2153 31
2154 31
2155 30
2156 30
2157 29
2158 28
2159 28
2160 27
2161 27
2162 26
2163 26
2164 25
2165 25
2166 25
2167 24
2168 24
2169 23
2170 23
2171 22
2172 21
2173 21
2174 20
2175 20
2176 19
2177 19
2178 19
2179 18
2180 18
2181 17
2182 17
2183 16
2184 15
2185 15
2186 14
2187 14
2188 13
2189 13
2190 13
2191 12
2192 12
2193 11
2194 11
2195 10
2196 9
2197 9
2198 8
2199 8
2200 7
2201 7
2202 7
2203 6
2204 6
2205 5
2206 5
2207 4
2208 3
2209 3
2210 2
2211 2
2212 1
2213 1
2214 0
2215 100
2216 100
2217 99
2218 99
2219 98
2220 98
2221 97
2222 97
2223 96
2224 95
2225 95
2226 95
2227 94
2228 93
2229 93
2230 93
2231 92
2232 91
2233 91
2234 90
2235 90
2236 90
2237 89
2238 89
2239 88
2240 88
2241 87
2242 86
2243 86
2244 85
2245 85
2246 85
2247 84
2248 83
2249 83
2250 82
2251 82
2252 82
2253 81
2254 80
2255 80
2256 80
2257 79
2258 79
2259 78
2260 77
2261 77
2262 77
2263 76
2264 75
2265 75
2266 75
2267 74
2268 73
2269 73
2270 72
2271 72
2272 72
2273 71
2274 70
2275 70
2276 69
2277 69
2278 69
2279 68
2280 67
2281 67
2282 66
2283 66
2284 66
2285 65
2286 64
2287 64
2288 63
2289 63
2290 63
2291 62
2292 62
2293 61
2294 60
2295 60
2296 60
2297 59
2298 59
2299 58
2300 57
2301 57
2302 57
2303 56
2304 56
2305 55
2306 54
2307 54
2308 54
2309 53
2310 53
2311 52
2312 51
2313 51
2314 50
2315 50
2316 50
2317 49
2318 49
2319 48
2320 48
2321 47
2322 46
2323 46
2324 45
2325 45
2326 44
2327 44
2328 44
2329 43
2330 43
2331 42
2332 42
2333 41
2334 40
2335 40
2336 39
2337 39
2338 38
2339 38
2340 38
2341 37
2342 37
2343 36
2344 36
2345 35
2346 34
2347 34
2348 33
2349 33
2350 32
2351 32
2352 32
2353 31
2354 31
2355 30
2356 30
2357 29
2358 28
2359 28
2360 27
2361 27
2362 26
2363 26
2364 25
2365 25
2366 25
2367 24
2368 24
2369 23
2370 23
2371 22
2372 21
2373 21
2374 20
2375 20
2376 19
2377 19
2378 19
2379 18
2380 18
2381 17
2382 17
2383 16
2384 15
2385 15
2386 14
2387 14
2388 13
2389 13
2390 13
2391 12
2392 12
2393 11
2394 11
2395 10
2396 9
2397 9
2398 8
2399 8
2400 7
2401 7
2402 7
2403 6
2404 6
2405 5
2406 5
2407 4
2408 3
2409 3
2410 2
2411 2
2412 1
2413 1
2414 0
