1 100
2 100
3 100
4 100
5 100
6 100
7 99
8 100
9 100
10 100
11 99
12 99
13 98
14 98
15 97
16 97
17 96
18 95
19 95
20 95
21 94
22 93
23 93
24 93
25 92
26 91
27 91
28 90
29 90
30 90
31 89
32 89
33 88
34 88
35 87
36 86
37 86
38 85
39 85
40 85
41 84
42 83
43 83
44 82
45 82
46 82
47 81
48 80
49 80
50 80
51 79
52 79
53 78
54 77
55 77
56 77
57 76
58 75
59 75
60 75
61 74
62 73
63 73
64 72
65 72
66 72
67 71
68 70
69 70
70 69
71 69
72 69
73 68
74 67
75 67
76 66
77 66
78 66
79 65
80 64
81 64
82 63
83 63
84 63
85 62
86 62
87 61
88 60
89 60
90 60
91 59
92 59
93 58
94 57
95 57
96 57
97 56
98 56
99 55
100 54
101 54
102 54
103 53
104 53
105 52
106 51
107 51
108 50
109 50
110 50
111 49
112 49
113 48
114 48
115 47
116 46
117 46
118 45
119 45
120 44
121 44
122 44
123 43
124 43
125 42
126 42
127 41
128 40
129 40
130 39
131 39
132 38
133 38
134 38
135 37
136 37
137 36
138 36
139 35
140 34
141 34
142 33
143 33
144 32
145 32
146 32
147 31
148 31
149 30
150 30
151 29
152 28
153 28
154 27
155 27
156 26
157 26
158 25
159 25
160 25
161 24
162 24
163 23
164 23
165 22
166 21
167 21
168 20
169 20
170 19
171 19
172 19
173 18
174 18
175 17
176 17
177 16
178 15
179 15
180 14
181 14
182 13
183 13
184 13
185 12
186 12
187 11
188 11
189 10
190 9
191 9
192 8
193 8
194 7
195 7
196 7
197 6
198 6
199 5
200 5
201 4
202 3
203 3
204 2
205 2
206 1
207 1
208 0
209 100
210 100
211 99
212 99
213 98
214 98
215 97
216 97
217 96
218 95
219 95
220 95
221 94
222 93
223 93
224 93
225 92
226 91
227 91
228 90
229 90
230 90
231 89
232 89
233 88
234 88
235 87
236 86
237 86
238 85
239 85
240 85
241 84
242 83
243 100
244 100
245 100
246 100
247 99
248 99
249 98
250 98
251 97
252 97
253 96
254 95
255 95
256 95
257 94
258 93
259 93
260 93
261 92
262 91
263 91
264 90
265 90
266 90
267 89
268 89
269 88
270 88
271 87
272 86
273 86
274 85
275 85
276 85
277 84
278 83
279 83
280 82
281 82
282 82
283 81
284 80
285 80
286 80
287 79
288 79
289 78
290 77
291 77
292 77
293 76
294 75
295 75
296 75
297 74
298 73
299 73
300 72
301 72
302 72
303 71
304 70
305 70
306 69
307 69
308 69
309 68
310 67
311 67
312 66
313 66
314 66
315 65
316 64
317 64
318 63
319 63
320 63
321 62
322 62
323 61
324 60
325 60
326 60
327 59
328 59
329 58
330 57
331 57
332 57
333 56
334 56
335 55
336 54
337 54
338 54
339 53
340 53
341 52
342 51
343 51
344 50
345 50
346 50
347 49
348 49
349 48
350 48
351 47
352 46
353 46
354 45
355 45
356 44
357 44
358 44
359 43
360 43
361 42
362 42
363 41
364 40
365 40
366 39
367 39
368 38
369 38
370 38
371 37
372 37
373 36
374 36
375 35
376 34
377 34
378 33
379 33
380 32
381 32
382 32
383 31
384 31
385 30
386 30
387 29
388 28
389 28
390 27
391 27
392 26
393 26
394 25
395 25
396 25
397 24
398 24
399 23
400 23
401 22
402 21
403 21
404 20
405 20
406 19
407 19
408 19
409 18
410 18
411 17
412 17
413 16
414 15
415 15
416 100
417 100
418 99
419 99
420 98
421 98
422 97
423 97
424 96
425 95
426 95
427 95
428 94
429 93
430 93
431 93
432 92
433 91
434 91
435 90
436 90
437 90
438 89
439 89
440 88
441 88
442 87
443 86
444 86
445 85
446 85
447 85
448 84
449 83
450 83
451 82
452 82
453 82
454 81
455 80
456 80
457 80
458 79
459 79
460 78
461 77
462 77
463 77
464 76
465 75
466 75
467 75
468 74
469 73
470 73
471 72
472 72
473 72
474 71
475 70
476 70
477 69
478 69
479 69
480 68
481 67
482 67
483 66
484 66
485 66
486 65
487 64
488 64
489 63
490 63
491 63
492 100
493 100
494 99
495 99
496 98
497 98
498 97
499 97
500 96
501 95
502 95
503 95
504 94
505 93
506 93
507 93
508 92
509 91
510 91
511 90
512 90
513 90
514 89
515 89
516 88
517 88
518 87
519 86
520 86
521 85
522 85
523 85
524 84
525 83
526 83
527 82
528 82
529 82
530 81
531 80
532 80
533 80
534 79
535 79
536 78
537 77
538 77
539 77
540 76
541 75
542 75
543 75
544 74
545 73
546 73
547 72
548 72
549 72
550 71
551 70
552 70
553 69
554 100
555 100
556 99
557 99
558 98
559 98
560 97
561 97
562 96
563 95
564 95
565 95
566 94
567 93
568 93
569 93
570 92
571 91
572 91
573 90
574 90
575 90
576 89
577 89
578 88
579 88
580 87
581 86
582 86
583 85
584 85
585 85
586 84
587 83
588 83
589 82
590 82
591 82
592 81
593 80
594 80
595 80
596 79
597 79
598 78
599 77
600 77
601 77
602 100
603 100
604 99
605 99
606 98
607 98
608 97
609 97
610 96
611 95
612 95
613 95
614 94
615 93
616 93
617 93
618 92
619 91
620 91
621 90
622 90
623 90
624 89
625 89
626 88
627 88
628 87
629 86
630 86
631 85
632 85
633 85
634 84
635 83
636 83
637 82
638 82
639 82
640 81
641 80
642 80
643 80
644 79
645 79
646 78
647 77
648 77
649 77
650 76
651 75
652 75
653 75
654 74
655 73
656 73
657 72
658 72
659 72
660 71
661 70
662 70
663 69
664 69
665 69
666 68
667 67
668 67
669 66
670 66
671 66
672 65
673 64
674 64
675 63
676 63
677 63
678 62
679 62
680 61
681 60
682 60
683 60
684 59
685 59
686 58
687 57
688 57
689 57
690 56
691 56
692 55
693 54
694 54
695 54
696 53
697 53
698 52
699 51
700 51
701 50
702 50
703 50
704 49
705 49
706 48
707 48
708 47
709 46
710 46
711 45
712 45
713 44
714 44
715 44
716 43
717 43
718 42
719 42
720 41
721 40
722 40
723 39
724 39
725 38
726 38
727 38
728 37
729 37
730 36
731 36
732 35
733 34
734 34
735 33
736 33
737 32
738 32
739 32
740 31
741 31
742 30
743 30
744 29
745 28
746 28
747 27
748 27
749 26
750 26
751 25
752 25
753 25
754 24
755 24
756 23
757 23
758 22
759 21
760 21
761 20
762 20
763 19
764 19
765 19
766 18
767 18
768 17
769 17
770 16
771 15
772 15
773 14
774 14
775 13
776 13
777 13
778 12
779 12
780 11
781 11
782 10
783 9
784 9
785 8
786 8
787 7
788 7
789 7
790 6
791 6
792 5
793 5
794 4
795 3
796 3
797 2
798 2
799 1
800 1
801 0
802 100
803 100
804 99
805 99
806 98
807 98
808 97
809 97
810 96
811 95
812 95
813 95
814 94
815 93
816 93
817 93
818 92
819 91
820 91
821 90
822 90
823 90
824 89
825 89
826 88
827 88
828 87
829 86
830 86
831 85
832 85
833 85
834 84
835 83
836 83
837 82
838 82
839 82
840 81
841 80
842 80
843 80
844 79
845 79
846 78
847 77
848 77
849 77
850 76
851 75
852 75
853 75
854 74
855 73
856 73
857 72
858 72
859 72
860 71
861 70
862 70
863 69
864 69
865 69
866 68
867 67
868 67
869 66
870 66
871 66
872 65
873 100
874 100
875 99
876 99
877 98
878 98
879 97
880 97
881 96
882 95
883 95
884 95
885 94
886 93
887 93
888 93
889 92
890 91
891 91
892 90
893 90
894 90
895 89
896 89
897 88
898 88
899 87
900 86
901 86
902 85
903 85
904 85
905 84
906 83
907 83
908 82
909 82
910 82
911 81
912 80
913 80
914 80
915 79
916 79
917 78
918 77
919 77
920 77
921 76
922 75
923 75
924 75
925 74
926 73
927 73
928 72
929 72
930 72
931 71
932 70
933 70
934 69
935 69
936 69
937 68
938 67
939 67
940 66
941 66
942 66
943 65
944 64
945 64
946 63
947 63
948 63
949 62
950 62
951 61
952 60
953 60
954 60
955 59
956 59
957 58
958 57
959 57
960 57
961 56
962 56
963 55
964 54
965 54
966 54
967 53
968 53
969 52
970 51
971 51
972 50
973 50
974 50
975 49
976 49
977 48
978 48
979 47
980 46
981 46
982 45
983 45
984 44
985 44
986 44
987 43
988 43
989 42
990 42
991 41
992 40
993 40
994 39
995 39
996 38
997 38
998 38
999 37
1000 37
1001 36
1002 36
1003 35
1004 34
1005 34
1006 33
1007 33
1008 32
1009 32
1010 32
1011 31
1012 31
1013 30
1014 30
1015 100
1016 100
1017 99
1018 99
1019 98
1020 98
1021 97
1022 97
1023 96
1024 95
1025 95
1026 95
1027 94
1028 93
1029 93
1030 93
1031 92
1032 91
1033 91
1034 90
1035 90
1036 90
1037 89
1038 89
1039 88
1040 88
1041 87
1042 86
1043 86
1044 85
1045 85
1046 85
1047 84
1048 83
1049 83
1050 82
1051 82
1052 82
1053 81
1054 80
1055 80
1056 80
1057 79
1058 79
1059 78
1060 77
1061 77
1062 77
1063 76
1064 75
1065 75
1066 75
1067 74
1068 73
1069 73
1070 72
1071 72
1072 72
1073 71
1074 70
1075 70
1076 69
1077 69
1078 69
1079 68
1080 67
1081 67
1082 66
1083 66
1084 66
1085 65
1086 64
1087 64
1088 63
1089 63
1090 63
1091 62
1092 62
1093 61
1094 60
1095 60
1096 60
1097 59
1098 59
1099 58
1100 57
1101 57
1102 57
1103 56
1104 56
1105 55
1106 54
1107 54
1108 54
1109 53
1110 53
1111 52
1112 51
1113 51
1114 50
1115 50
1116 50
1117 49
1118 49
1119 48
1120 48
1121 47
1122 46
1123 46
1124 45
1125 45
1126 44
1127 44
1128 44
1129 43
1130 43
1131 42
1132 42
1133 41
1134 40
1135 40
1136 39
1137 39
1138 38
1139 38
1140 38
1141 37
1142 37
1143 36
1144 36
1145 35
1146 34
1147 34
1148 33
1149 33
1150 32
1151 32
1152 32
1153 31
1154 31
1155 30
1156 30
1157 29
1158 28
1159 28
1160 27
1161 27
1162 26
1163 26
1164 25
1165 25
1166 25
1167 24
1168 24
1169 23
1170 23
1171 22
1172 21
1173 21
1174 20
1175 20
1176 19
1177 19
1178 19
1179 18
1180 18
1181 17
1182 17
1183 16
1184 15
1185 15
1186 14
1187 14
1188 13
1189 13
1190 13
1191 12
1192 12
1193 11
1194 11
1195 10
1196 9
1197 9
1198 8
1199 8
1200 7
1201 7
1202 7
1203 6
1204 6
1205 5
1206 5
1207 4
1208 3
1209 3
1210 2
1211 2
1212 1
1213 1
1214 0
1215 100
1216 100
1217 99
1218 99
1219 98
1220 98
1221 97
1222 97
1223 96
1224 95
1225 95
1226 95
1227 100
1228 100
1229 99
1230 99
1231 100
1232 100
1233 99
1234 99
1235 98
1236 98
1237 97
1238 97
1239 96
1240 95
1241 95
1242 95
1243 94
1244 93
1245 93
1246 93
1247 100
1248 100
1249 99
1250 99
1251 98
1252 98
1253 97
1254 97
1255 96
1256 95
1257 95
1258 95
1259 94
1260 93
1261 93
1262 93
1263 92
1264 91
1265 91
1266 90
1267 90
1268 90
1269 89
1270 89
1271 88
1272 88
1273 87
1274 86
1275 86
1276 85
1277 85
1278 85
1279 84
1280 83
1281 83
1282 82
1283 82
1284 82
1285 81
1286 80
1287 80
1288 80
1289 79
1290 79
1291 78
1292 77
1293 77
1294 77
1295 100
1296 100
1297 99
1298 99
1299 98
1300 98
1301 97
1302 97
1303 96
1304 95
1305 95
1306 95
1307 94
1308 93
1309 93
1310 93
1311 92
1312 91
1313 91
1314 90
1315 90
1316 90
1317 89
1318 89
1319 88
1320 88
1321 87
1322 86
1323 86
1324 85
1325 100
1326 100
1327 99
1328 99
1329 98
1330 98
1331 97
1332 97
1333 96
1334 95
1335 95
1336 95
1337 94
1338 93
1339 93
1340 93
1341 92
1342 91
1343 91
1344 90
1345 90
1346 90
1347 89
1348 89
1349 88
1350 88
1351 87
1352 86
1353 86
1354 85
1355 85
1356 85
1357 84
1358 83
1359 83
1360 82
1361 82
1362 82
1363 81
1364 80
1365 80
1366 80
1367 79
1368 79
1369 78
1370 77
1371 77
1372 77
1373 76
1374 75
1375 75
1376 75
1377 74
1378 73
1379 73
1380 72
1381 72
1382 72
1383 71
1384 70
1385 70
1386 69
1387 69
1388 69
1389 68
1390 67
1391 67
1392 66
1393 66
1394 66
1395 65
1396 64
1397 64
1398 63
1399 63
1400 63
1401 62
1402 62
1403 61
1404 60
1405 60
1406 60
1407 59
1408 59
1409 58
1410 57
1411 57
1412 57
1413 56
1414 56
1415 55
1416 54
1417 54
1418 54
1419 53
1420 53
1421 52
1422 51
1423 51
1424 50
1425 50
1426 50
1427 49
1428 49
1429 48
1430 48
1431 47
1432 46
1433 46
1434 45
1435 45
1436 44
1437 44
1438 44
1439 43
1440 43
1441 42
1442 42
1443 41
1444 40
1445 40
1446 39
1447 39
1448 38
1449 38
1450 38
1451 37
1452 37
1453 36
1454 36
1455 35
1456 34
1457 34
1458 33
1459 33
1460 32
1461 32
1462 32
1463 31
1464 31
1465 30
1466 30
1467 29
1468 28
1469 28
1470 27
1471 27
1472 26
1473 26
1474 25
1475 25
1476 25
1477 24
1478 100
1479 100
1480 99
1481 99
1482 98
1483 98
1484 97
1485 97
1486 96
1487 95
1488 95
1489 95
1490 94
1491 93
1492 93
1493 93
1494 92
1495 91
1496 91
1497 90
1498 90
1499 90
1500 89
1501 89
1502 88
1503 88
1504 87
1505 86
1506 86
1507 85
1508 85
1509 85
1510 84
1511 83
1512 83
1513 82
1514 82
1515 82
1516 81
1517 80
1518 80
1519 80
1520 79
1521 79
1522 78
1523 77
1524 77
1525 77
1526 76
1527 75
1528 75
1529 75
1530 74
1531 73
1532 73
1533 72
1534 72
1535 72
1536 71
1537 70
1538 70
1539 69
1540 69
1541 69
1542 68
1543 67
1544 67
1545 66
1546 66
1547 66
1548 65
1549 64
1550 64
1551 63
1552 63
1553 63
1554 62
1555 62
1556 61
1557 60
1558 60
1559 60
1560 59
1561 59
1562 58
1563 57
1564 57
1565 57
1566 56
1567 56
1568 55
1569 54
1570 54
1571 54
1572 53
1573 53
1574 52
1575 51
1576 51
1577 50
1578 50
1579 50
1580 49
1581 49
1582 48
1583 48
1584 47
1585 46
1586 46
1587 45
1588 45
1589 44
1590 44
1591 44
1592 43
1593 43
1594 42
1595 42
1596 41
1597 40
1598 40
1599 39
1600 39
1601 38
1602 38
1603 38
1604 37
1605 37
1606 36
1607 36
1608 35
1609 34
1610 34
1611 33
1612 33
1613 32
1614 32
1615 32
1616 31
1617 31
1618 30
1619 30
1620 29
1621 28
1622 28
1623 27
1624 27
1625 26
1626 26
1627 25
1628 25
1629 25
1630 24
1631 24
1632 23
1633 23
1634 22
1635 21
1636 21
1637 20
1638 20
1639 19
1640 19
1641 19
1642 18
1643 18
1644 17
1645 17
1646 16
1647 15
1648 15
1649 14
1650 14
1651 13
1652 13
1653 13
1654 12
1655 12
1656 11
1657 11
1658 10
1659 9
1660 9
1661 8
1662 8
1663 7
1664 7
1665 7
1666 6
1667 6
1668 5
1669 5
1670 4
1671 3
1672 3
1673 2
1674 2
1675 1
1676 1
1677 0
1678 100
1679 100
1680 99
1681 100
1682 100
1683 99
1684 99
1685 98
1686 98
1687 97
1688 97
1689 96
1690 95
1691 95
1692 95
1693 94
1694 93
1695 93
1696 93
1697 92
1698 91
1699 91
1700 90
1701 90
1702 90
1703 89
1704 89
1705 88
1706 88
1707 87
1708 86
1709 86
1710 85
1711 85
1712 85
1713 84
1714 83
1715 83
1716 82
1717 82
1718 82
1719 81
1720 80
1721 80
1722 80
1723 79
1724 79
1725 100
1726 100
1727 99
1728 99
1729 98
1730 98
1731 97
1732 97
1733 96
1734 95
1735 95
1736 95
1737 94
1738 93
1739 93
1740 93
1741 92
1742 91
1743 91
1744 90
1745 90
1746 90
1747 89
1748 89
1749 88
1750 88
1751 87
1752 86
1753 86
1754 85
1755 85
1756 85
1757 84
1758 83
1759 83
1760 82
1761 82
1762 82
1763 81
1764 80
1765 80
1766 80
1767 79
1768 79
1769 78
1770 77
1771 77
1772 77
1773 76
1774 75
1775 75
1776 75
1777 74
1778 73
1779 73
1780 72
1781 72
1782 72
1783 71
1784 70
1785 70
1786 69
1787 69
1788 69
1789 68
1790 67
1791 67
1792 66
1793 66
1794 66
1795 65
1796 64
1797 64
1798 63
1799 63
1800 63
1801 62
1802 62
1803 61
1804 60
1805 60
1806 60
1807 59
1808 59
1809 58
1810 57
1811 57
1812 57
1813 56
1814 56
1815 55
1816 54
1817 54
1818 54
1819 53
1820 53
1821 52
1822 51
1823 51
1824 50
1825 50
1826 50
1827 49
1828 49
1829 48
1830 100
1831 100
1832 99
1833 99
1834 98
1835 98
1836 97
1837 97
1838 96
1839 95
1840 95
1841 95
1842 94
1843 93
1844 93
1845 93
1846 92
1847 91
1848 91
1849 90
1850 90
1851 90
1852 89
1853 89
1854 88
1855 88
1856 87
1857 86
1858 86
1859 85
1860 85
1861 85
1862 84
1863 83
1864 83
1865 82
1866 82
1867 82
1868 81
1869 80
1870 80
1871 80
1872 79
1873 79
1874 78
1875 77
1876 77
1877 77
1878 76
1879 75
1880 75
1881 75
1882 74
1883 73
1884 73
1885 72
1886 72
1887 72
1888 71
1889 70
1890 70
1891 69
1892 69
1893 69
1894 68
1895 67
1896 67
1897 66
1898 66
1899 66
1900 65
1901 64
1902 64
1903 63
1904 63
1905 63
1906 62
1907 62
1908 61
1909 60
1910 60
1911 60
1912 59
1913 59
1914 58
1915 57
1916 57
1917 57
1918 56
1919 56
1920 55
1921 54
1922 54
1923 54
1924 53
1925 53
1926 52
1927 51
1928 51
1929 50
1930 50
1931 50
1932 49
1933 49
1934 48
1935 48
1936 47
1937 46
1938 46
1939 45
1940 45
1941 44
1942 44
1943 44
1944 43
1945 43
1946 42
1947 42
1948 41
1949 40
1950 40
1951 39
1952 39
1953 38
1954 38
1955 38
1956 37
1957 37
1958 36
1959 36
1960 35
1961 34
1962 34
1963 33
1964 33
1965 32
1966 32
1967 32
1968 31
1969 31
1970 30
1971 30
1972 29
1973 28
1974 28
1975 27
1976 27
1977 26
1978 26
1979 25
1980 25
1981 25
1982 24
1983 24
1984 23
1985 23
1986 22
1987 21
1988 21
1989 20
1990 20
1991 19
1992 19
1993 19
1994 18
1995 18
1996 17
1997 17
1998 16
1999 15
2000 15
2001 14
2002 14
2003 13
2004 13
2005 13
2006 12
2007 12
2008 11
2009 11
2010 10
2011 9
2012 9
2013 8
2014 8
2015 7
2016 7
2017 7
2018 6
2019 6
2020 5
2021 5
2022 4
2023 3
2024 3
2025 2
2026 2
2027 1
2028 1
2029 0
2030 100
2031 100
2032 99
2033 99
2034 98
2035 98
2036 97
2037 97
2038 96
2039 95
2040 95
2041 95
2042 94
2043 93
2044 93
2045 93
2046 92
2047 91
2048 91
2049 90
2050 90
2051 90
2052 89
2053 89
2054 88
2055 88
2056 87
2057 86
2058 86
2059 85
2060 85
2061 85
2062 84
2063 83
2064 83
2065 82
2066 82
2067 82
2068 81
2069 80
2070 80
2071 80
2072 79
2073 79
2074 78
2075 77
2076 100
2077 100
2078 99
2079 99
2080 98
2081 98
2082 97
2083 97
2084 96
2085 95
2086 95
2087 95
2088 94
2089 93
2090 93
2091 93
2092 92
2093 91
2094 91
2095 90
2096 90
2097 90
2098 89
2099 89
2100 88
2101 88
2102 87
2103 86
2104 86
2105 85
2106 85
2107 85
2108 84
2109 83
2110 83
2111 82
2112 82
2113 82
2114 81
2115 80
2116 80
2117 80
2118 79
2119 79
2120 78
2121 77
2122 77
2123 77
2124 76
2125 75
2126 75
2127 75
2128 74
2129 73
2130 73
2131 72
2132 72
2133 72
2134 71
2135 70
2136 70
2137 69
2138 69
2139 69
2140 68
2141 67
2142 67
2143 66
2144 66
2145 66
2146 65
2147 64
2148 64
2149 63
2150 63
2151 63
2152 62
2153 62
2154 61
2155 60
2156 60
2157 60
2158 59
2159 59
2160 58
2161 57
2162 57
2163 57
2164 56
2165 56
2166 55
2167 54
2168 54
2169 54
2170 53
2171 53
2172 52
2173 51
2174 51
2175 50
2176 50
2177 50
2178 49
2179 49
2180 48
2181 48
2182 47
2183 46
2184 46
2185 45
2186 45
2187 44
2188 44
2189 44
2190 43
2191 43
2192 42
2193 42
2194 41
2195 40
2196 40
2197 39
2198 39
2199 38
2200 38
2201 38
2202 37
2203 37
2204 36
2205 36
2206 35
2207 34
2208 34
2209 33
2210 33
2211 32
2212 32
2213 32
2214 31
2215 31
2216 30
2217 30
2218 29
2219 28
2220 28
2221 27
2222 27
2223 26
2224 26
2225 25
2226 25
2227 25
2228 24
2229 24
2230 23
2231 23
2232 22
2233 21
2234 21
2235 20
2236 20
2237 19
2238 19
2239 19
2240 18
2241 18
2242 17
2243 17
2244 16
2245 15
2246 15
2247 14
2248 14
2249 13
2250 13
2251 13
2252 12
2253 12
2254 11
2255 11
2256 10
2257 9
2258 9
2259 8
2260 8
2261 7
2262 7
2263 7
2264 6
2265 6
2266 5
2267 5
2268 4
2269 3
2270 3
2271 2
2272 2
2273 1
2274 1
2275 0
2276 100
2277 100
2278 99
2279 99
2280 98
2281 98
2282 97
2283 97
2284 96
2285 95
2286 95
2287 95
2288 94
2289 93
2290 93
2291 93
2292 92
2293 91
2294 91
2295 90
2296 90
2297 90
2298 89
2299 89
2300 88
2301 88
2302 87
2303 100
2304 100
2305 99
2306 99
2307 100
2308 100
2309 99
2310 99
2311 98
2312 98
2313 97
2314 97
2315 96
2316 95
2317 95
2318 95
2319 94
2320 93
2321 93
2322 93
2323 92
2324 91
2325 91
2326 90
2327 90
2328 90
2329 89
2330 89
2331 88
2332 88
2333 87
2334 86
2335 86
2336 85
2337 85
2338 85
2339 84
2340 83
2341 83
2342 82
2343 82
2344 82
2345 81
2346 80
2347 80
2348 80
2349 79
2350 79
2351 78
2352 77
2353 77
2354 77
2355 76
2356 75
2357 75
2358 75
2359 74
2360 73
2361 73
2362 72
2363 72
2364 72
2365 71
2366 70
2367 70
2368 69
2369 69
2370 69
2371 68
2372 67
2373 67
2374 66
2375 66
2376 66
2377 65
2378 64
2379 64
2380 63
2381 63
2382 63
2383 62
2384 62
2385 61
2386 60
2387 60
2388 60
2389 59
2390 59
2391 58
2392 57
2393 57
2394 57
2395 56
2396 56
2397 55
2398 54
2399 54
2400 54
2401 53
2402 53
2403 52
2404 51
2405 51
2406 50
2407 50
2408 50
2409 49
2410 49
2411 48
2412 48
2413 47
2414 46
2415 46
2416 45
2417 45
2418 44
2419 44
2420 44
2421 43
2422 43
2423 42
2424 42
2425 41
2426 40
2427 40
2428 39
2429 39
2430 38
2431 38
2432 38
2433 37
2434 37
2435 36
2436 36
2437 35
2438 34
2439 34
2440 33
2441 33
2442 32
2443 32
2444 100
2445 100
2446 99
2447 99
2448 98
2449 98
2450 97
2451 97
2452 96
2453 95
2454 95
2455 95
2456 94
2457 93
2458 93
2459 93
2460 92
2461 91
2462 91
2463 90
2464 90
2465 90
2466 89
2467 89
2468 88
2469 88
2470 87
2471 86
2472 86
2473 85
2474 85
2475 85
2476 84
2477 83
2478 83
2479 82
2480 82
2481 82
2482 81
2483 80
2484 80
2485 80
2486 79
2487 79
2488 78
2489 77
2490 77
2491 77
2492 76
2493 75
2494 75
2495 75
2496 74
2497 73
2498 73
2499 72
2500 72
2501 72
2502 71
2503 70
2504 70
2505 69
2506 69
2507 69
2508 68
2509 67
2510 67
2511 66
2512 66
2513 66
2514 65
2515 64
2516 64
2517 63
2518 63
2519 63
2520 62
2521 62
2522 61
2523 60
2524 60
2525 60
2526 59
2527 59
2528 58
2529 57
2530 57
2531 57
2532 56
2533 56
2534 55
2535 54
2536 54
2537 54
2538 53
2539 53
2540 52
2541 51
2542 51
2543 50
2544 50
2545 50
2546 49
2547 49
2548 48
2549 48
2550 47
2551 46
2552 46
2553 45
2554 45
2555 44
2556 44
2557 44
2558 43
2559 43
2560 42
2561 42
2562 41
2563 40
2564 40
2565 39
2566 39
2567 38
2568 38
2569 38
2570 37
2571 37
2572 36
2573 36
2574 35
2575 34
2576 34
2577 33
2578 33
2579 32
2580 32
2581 32
2582 31
2583 31
2584 30
2585 30
2586 29
2587 28
2588 28
2589 27
2590 27
2591 26
2592 26
2593 25
2594 25
2595 25
2596 24
2597 24
2598 23
2599 23
2600 22
2601 21
2602 21
2603 20
2604 20
2605 19
2606 19
2607 19
2608 18
2609 18
2610 17
2611 17
2612 16
2613 15
2614 15
2615 14
2616 14
2617 13
2618 13
2619 13
2620 12
2621 12
2622 11
2623 11
2624 10
2625 9
2626 9
2627 8
2628 8
2629 7
2630 7
2631 7
2632 6
2633 6
2634 5
2635 5
2636 4
2637 3
2638 3
2639 2
2640 2
2641 1
2642 1
2643 0
2644 100
2645 100
2646 99
2647 99
2648 98
2649 98
2650 97
2651 97
2652 96
2653 95
2654 100
2655 100
2656 99
2657 99
2658 98
2659 98
2660 97
2661 97
2662 96
2663 95
2664 95
2665 95
2666 94
2667 93
2668 93
2669 93
2670 92
2671 91
2672 91
2673 90
2674 90
2675 90
2676 89
2677 89
2678 88
2679 88
2680 87
2681 86
2682 86
2683 85
2684 85
2685 85
2686 84
2687 83
2688 83
2689 82
2690 100
2691 100
2692 99
2693 99
2694 98
2695 98
2696 97
2697 97
2698 96
2699 95
2700 95
2701 95
2702 94
2703 93
2704 93
2705 93
2706 92
2707 91
2708 91
2709 90
2710 90
2711 90
2712 89
2713 89
2714 88
2715 88
2716 87
2717 86
2718 86
2719 85
2720 85
2721 85
2722 84
2723 83
2724 83
2725 82
2726 82
2727 82
2728 81
2729 80
2730 80
2731 80
2732 79
2733 79
2734 78
2735 77
2736 77
2737 77
2738 76
2739 75
2740 75
2741 75
2742 74
2743 73
2744 73
2745 72
2746 72
2747 72
2748 71
2749 70
2750 70
2751 69
2752 69
2753 69
2754 68
2755 67
2756 67
2757 66
2758 66
2759 66
2760 65
2761 64
2762 64
2763 63
2764 63
2765 63
2766 62
2767 62
2768 61
2769 60
2770 60
2771 60
2772 59
2773 59
2774 58
2775 57
2776 57
2777 57
2778 56
2779 56
2780 55
2781 54
2782 54
2783 54
2784 53
2785 53
2786 52
2787 51
2788 51
2789 50
2790 50
2791 50
2792 49
2793 49
2794 48
2795 48
2796 47
2797 46
2798 46
2799 45
2800 45
2801 44
2802 44
2803 44
2804 43
2805 43
2806 42
2807 42
2808 41
2809 40
2810 40
2811 39
2812 39
2813 38
2814 38
2815 38
2816 37
2817 37
2818 36
2819 36
2820 35
2821 34
2822 34
2823 33
2824 33
2825 32
2826 32
2827 32
2828 31
2829 31
2830 30
2831 30
2832 29
2833 28
2834 28
2835 27
2836 27
2837 26
2838 26
2839 25
2840 25
2841 25
2842 24
2843 24
2844 23
2845 23
2846 22
2847 21
2848 21
2849 20
2850 20
2851 19
2852 19
2853 19
2854 18
2855 18
2856 17
2857 17
2858 16
2859 15
2860 15
2861 14
2862 14
2863 13
2864 13
2865 13
2866 12
2867 12
2868 11
2869 11
2870 10
2871 9
2872 9
2873 8
2874 8
2875 7
2876 7
2877 7
2878 6
2879 6
2880 5
2881 5
2882 4
2883 3
2884 3
2885 2
2886 2
2887 1
2888 1
2889 0
2890 100
2891 100
2892 99
2893 99
2894 98
2895 98
2896 97
2897 97
2898 96
2899 95
2900 95
2901 95
2902 94
2903 93
2904 93
2905 93
2906 92
2907 91
2908 91
2909 90
2910 90
2911 90
2912 89
2913 89
2914 88
2915 88
2916 87
2917 86
2918 86
2919 85
2920 85
2921 85
2922 84
2923 83
2924 83
2925 82
2926 82
2927 82
2928 81
2929 80
2930 80
2931 80
2932 79
2933 79
2934 78
2935 77
2936 77
2937 77
2938 76
2939 75
2940 75
2941 75
2942 74
2943 73
2944 73
2945 72
2946 72
2947 72
2948 71
2949 70
2950 70
2951 69
2952 69
2953 69
2954 68
2955 67
2956 67
2957 66
2958 66
2959 66
2960 65
2961 64
2962 64
2963 63
2964 63
2965 63
2966 62
2967 62
2968 61
2969 60
2970 60
2971 60
2972 59
2973 59
2974 58
2975 57
2976 57
2977 57
2978 56
2979 56
2980 55
2981 54
2982 54
2983 54
2984 53
2985 53
2986 52
2987 51
2988 51
2989 50
2990 50
2991 50
2992 49
2993 49
2994 48
2995 48
2996 47
2997 46
2998 46
2999 45
3000 45
3001 44
3002 44
3003 44
3004 43
3005 43
3006 42
3007 42
3008 41
3009 40
3010 40
3011 39
3012 39
3013 38
3014 38
3015 38
3016 37
3017 37
3018 36
3019 36
3020 35
3021 34
3022 34
3023 33
3024 33
3025 32
3026 32
3027 32
3028 31
3029 31
3030 30
3031 30
3032 29
3033 28
3034 28
3035 27
3036 27
3037 26
3038 26
3039 25
3040 25
3041 25
3042 24
3043 24
3044 23
3045 23
3046 22
3047 21
3048 21
3049 20
3050 20
3051 19
3052 19
3053 19
3054 18
3055 18
3056 17
3057 17
3058 16
3059 15
3060 15
3061 14
3062 14
3063 13
3064 13
3065 13
3066 12
3067 12
3068 11
3069 11
3070 10
3071 9
3072 9
3073 8
3074 8
3075 7
3076 7
3077 7
3078 6
3079 6
3080 5
3081 5
3082 4
3083 3
3084 3
3085 2
3086 2
3087 1
3088 1
3089 0
3090 100
3091 100
3092 99
3093 99
3094 98
3095 98
3096 97
3097 97
3098 96
3099 95
3100 95
3101 95
3102 94
3103 93
3104 93
3105 93
3106 92
3107 91
3108 91
3109 90
3110 90
3111 90
3112 89
3113 89
3114 88
3115 88
3116 87
3117 86
3118 86
3119 85
3120 85
3121 85
3122 84
3123 83
3124 83
3125 82
3126 82
3127 82
3128 81
3129 80
3130 80
3131 80
3132 79
3133 79
3134 78
3135 77
3136 77
3137 77
3138 76
3139 75
3140 75
3141 75
3142 74
3143 73
3144 73
3145 72
3146 72
3147 72
3148 71
3149 70
3150 70
3151 69
3152 69
3153 69
3154 68
3155 67
3156 67
3157 66
3158 66
3159 66
3160 65
3161 64
3162 64
3163 63
3164 63
3165 63
3166 62
3167 62
3168 61
3169 60
3170 60
3171 60
3172 59
3173 59
3174 58
3175 57
3176 57
3177 57
3178 56
3179 56
3180 55
3181 54
3182 54
3183 54
3184 53
3185 53
3186 52
3187 51
3188 51
3189 50
3190 50
3191 50
3192 49
3193 49
3194 48
3195 48
3196 47
3197 46
3198 46
3199 45
3200 45
3201 44
3202 44
3203 44
3204 43
3205 43
3206 42
3207 42
3208 41
3209 40
3210 40
3211 39
3212 39
3213 38
3214 38
3215 38
3216 37
3217 37
3218 36
3219 36
3220 35
3221 34
3222 34
3223 33
3224 33
3225 32
3226 32
3227 32
3228 31
3229 31
3230 30
3231 30
3232 29
3233 28
3234 28
3235 27
3236 27
3237 26
3238 26
3239 25
3240 25
3241 25
3242 24
3243 24
3244 23
3245 23
3246 22
3247 21
3248 21
3249 20
3250 20
3251 19
3252 19
3253 19
3254 18
3255 18
3256 17
3257 17
3258 16
3259 15
3260 15
3261 14
3262 14
3263 13
3264 13
3265 13
3266 12
3267 12
3268 11
3269 11
3270 10
3271 9
3272 9
3273 8
3274 8
3275 7
3276 7
3277 7
3278 6
3279 6
3280 5
3281 5
3282 4
3283 3
3284 3
3285 2
3286 2
3287 1
3288 1
3289 0
