1 0.0038765 0.000161907 1.79769e+308 1.79769e+308 inf inf
2 0.00836097 0.000824679 1.79769e+308 1.79769e+308 inf inf
3 0.00041722 0.000155175 0.000824679 0.00262647 18.0203 32.1593
4 0.000293443 0.000207312 0.000155175 0.000772598 7.81683 17.442
5 0.0038118 0.000260288 0.000207312 0.000354004 9.03509 11.8066
6 0.000268954 0.000139577 0.000207312 0.000354004 9.03509 11.8066
7 0.000309095 8.06957e-05 0.000139577 0.000383733 7.41356 12.2923
8 0.00016334 5.32639e-05 8.06957e-05 0.00032982 5.63697 11.3962
9 0.0001176 0.000102228 5.32639e-05 0.000232837 4.5797 9.57516
10 0.000100979 3.60124e-05 5.32639e-05 0.000232837 4.5797 9.57516
11 0.000170082 3.78041e-05 3.60124e-05 0.000145372 3.7657 7.56591
12 8.26445e-05 9.5698e-05 3.60124e-05 0.000145372 3.7657 7.56591
13 7.63577e-05 4.73357e-05 3.60124e-05 0.000145372 3.7657 7.56591
14 0.000199542 3.59073e-05 4.73357e-05 0.000116202 4.31732 6.76438
15 7.78817e-05 3.47019e-05 4.73357e-05 0.000116202 4.31732 6.76438
16 7.32441e-05 3.4874e-05 3.47019e-05 0.000121036 3.69655 6.90364
17 7.10875e-05 2.6557e-05 3.4874e-05 0.000111872 3.70571 6.63715
18 6.13851e-05 2.47339e-05 2.6557e-05 9.99679e-05 3.23377 6.27409
19 6.2905e-05 5.9306e-05 2.47339e-05 9.707e-05 3.1208 6.18248
20 6.14188e-05 0.000952563 2.47339e-05 9.707e-05 3.1208 6.18248
21 7.5327e-05 2.57667e-05 2.47339e-05 9.707e-05 3.1208 6.18248
22 4.93236e-05 2.70311e-05 2.47339e-05 9.707e-05 3.1208 6.18248
23 0.000110376 0.000205971 2.70311e-05 8.82488e-05 3.26251 5.89488
24 5.42981e-05 0.000466335 2.70311e-05 8.82488e-05 3.26251 5.89488
25 5.67871e-05 2.01122e-05 2.70311e-05 8.82488e-05 3.26251 5.89488
26 5.53812e-05 0.000133607 2.01122e-05 8.19613e-05 2.81417 5.681
27 4.95226e-05 9.58961e-05 2.01122e-05 8.19613e-05 2.81417 5.681
28 6.84147e-05 0.000122854 2.01122e-05 8.19613e-05 2.81417 5.681
29 7.45802e-05 2.42417e-05 2.01122e-05 8.19613e-05 2.81417 5.681
30 3.95807e-05 4.54131e-05 2.01122e-05 8.19613e-05 2.81417 5.681
31 4.96451e-05 2.13057e-05 2.01122e-05 8.19613e-05 2.81417 5.681
32 7.43158e-05 1.92237e-05 2.13057e-05 7.8056e-05 2.89647 5.544
33 3.98826e-05 7.14242e-05 1.92237e-05 7.88929e-05 2.75131 5.57364
34 4.58332e-05 3.34559e-05 1.92237e-05 7.88929e-05 2.75131 5.57364
35 4.43549e-05 1.85262e-05 1.92237e-05 7.88929e-05 2.75131 5.57364
36 4.45506e-05 2.18676e-05 1.85262e-05 7.02859e-05 2.70093 5.26083
37 5.15246e-05 1.91226e-05 1.85262e-05 7.02859e-05 2.70093 5.26083
38 0.000112672 2.60541e-05 1.91226e-05 6.74713e-05 2.74406 5.15442
39 4.07363e-05 3.18484e-05 1.91226e-05 6.74713e-05 2.74406 5.15442
40 5.5944e-05 1.60751e-05 1.91226e-05 6.74713e-05 2.74406 5.15442
41 3.74599e-05 2.57677e-05 1.60751e-05 7.05503e-05 2.51592 5.27072
42 4.2834e-05 5.37763e-05 1.60751e-05 7.05503e-05 2.51592 5.27072
43 4.29244e-05 3.45158e-05 1.60751e-05 7.05503e-05 2.51592 5.27072
44 4.58815e-05 2.0332e-05 1.60751e-05 7.05503e-05 2.51592 5.27072
45 4.13115e-05 1.57625e-05 1.60751e-05 7.05503e-05 2.51592 5.27072
46 6.39707e-05 3.1104e-05 1.57625e-05 6.53612e-05 2.49134 5.07318
47 3.91931e-05 2.64363e-05 1.57625e-05 6.53612e-05 2.49134 5.07318
48 5.72178e-05 5.92336e-05 1.57625e-05 6.53612e-05 2.49134 5.07318
49 4.06435e-05 1.57447e-05 1.57625e-05 6.53612e-05 2.49134 5.07318
50 3.77935e-05 2.87555e-05 1.57447e-05 6.27014e-05 2.48993 4.96888
51 4.3656e-05 5.23271e-05 1.57447e-05 6.27014e-05 2.48993 4.96888
52 3.91168e-05 1.4736e-05 1.57447e-05 6.27014e-05 2.48993 4.96888
53 3.89348e-05 0.000101295 1.4736e-05 6.1323e-05 2.40885 4.91396
54 3.76613e-05 1.40712e-05 1.4736e-05 6.1323e-05 2.40885 4.91396
55 3.7431e-05 6.56966e-05 1.40712e-05 6.07817e-05 2.35389 4.89223
56 4.58499e-05 2.38729e-05 1.40712e-05 6.07817e-05 2.35389 4.89223
57 3.72706e-05 6.32101e-05 1.40712e-05 6.07817e-05 2.35389 4.89223
58 4.56465e-05 2.53118e-05 1.40712e-05 6.07817e-05 2.35389 4.89223
59 3.49959e-05 2.03869e-05 1.40712e-05 6.07817e-05 2.35389 4.89223
60 6.2705e-05 1.75117e-05 1.40712e-05 6.07817e-05 2.35389 4.89223
61 7.82375e-05 2.07977e-05 1.40712e-05 6.07817e-05 2.35389 4.89223
62 2.64834e-05 7.57811e-05 1.40712e-05 6.07817e-05 2.35389 4.89223
63 6.50365e-05 1.51582e-05 1.40712e-05 6.07817e-05 2.35389 4.89223
64 3.17034e-05 4.59125e-05 1.40712e-05 6.07817e-05 2.35389 4.89223
65 6.9395e-05 1.53328e-05 1.40712e-05 6.07817e-05 2.35389 4.89223
66 2.97653e-05 1.87747e-05 1.40712e-05 6.07817e-05 2.35389 4.89223
67 5.41845e-05 1.57247e-05 1.40712e-05 6.07817e-05 2.35389 4.89223
68 3.02652e-05 9.86026e-05 1.40712e-05 6.07817e-05 2.35389 4.89223
69 3.4972e-05 2.08263e-05 1.40712e-05 6.07817e-05 2.35389 4.89223
70 4.05021e-05 1.45378e-05 1.40712e-05 6.07817e-05 2.35389 4.89223
71 3.6559e-05 1.89064e-05 1.45378e-05 5.76911e-05 2.3926 4.76623
72 3.66294e-05 2.34116e-05 1.45378e-05 5.76911e-05 2.3926 4.76623
73 3.31279e-05 2.03295e-05 1.45378e-05 5.76911e-05 2.3926 4.76623
74 4.37996e-05 1.26074e-05 1.45378e-05 5.76911e-05 2.3926 4.76623
75 2.92924e-05 1.42553e-05 1.26074e-05 5.69114e-05 2.22809 4.73391
76 5.00658e-05 3.40804e-05 1.26074e-05 5.69114e-05 2.22809 4.73391
77 3.4293e-05 1.28717e-05 1.26074e-05 5.69114e-05 2.22809 4.73391
78 4.24579e-05 1.42647e-05 1.28717e-05 5.57836e-05 2.25133 4.68677
79 3.06874e-05 1.86166e-05 1.28717e-05 5.57836e-05 2.25133 4.68677
80 3.74898e-05 4.1599e-05 1.28717e-05 5.57836e-05 2.25133 4.68677
81 3.27152e-05 7.45145e-05 1.28717e-05 5.57836e-05 2.25133 4.68677
82 3.65236e-05 1.24224e-05 1.28717e-05 5.57836e-05 2.25133 4.68677
83 3.16929e-05 2.18523e-05 1.24224e-05 5.4746e-05 2.21168 4.64298
84 4.80524e-05 2.14954e-05 1.24224e-05 5.4746e-05 2.21168 4.64298
85 3.22071e-05 2.29107e-05 1.24224e-05 5.4746e-05 2.21168 4.64298
86 3.3016e-05 1.67738e-05 1.24224e-05 5.4746e-05 2.21168 4.64298
87 5.11602e-05 1.39214e-05 1.24224e-05 5.4746e-05 2.21168 4.64298
88 3.06859e-05 0.000114319 1.24224e-05 5.4746e-05 2.21168 4.64298
89 5.14455e-05 4.1153e-05 1.24224e-05 5.4746e-05 2.21168 4.64298
90 3.29882e-05 2.73562e-05 1.24224e-05 5.4746e-05 2.21168 4.64298
91 3.66614e-05 1.47751e-05 1.24224e-05 5.4746e-05 2.21168 4.64298
92 5.64783e-05 1.30736e-05 1.24224e-05 5.4746e-05 2.21168 4.64298
93 2.78239e-05 1.44241e-05 1.24224e-05 5.4746e-05 2.21168 4.64298
94 3.23151e-05 4.67405e-05 1.24224e-05 5.4746e-05 2.21168 4.64298
95 4.0246e-05 1.20042e-05 1.24224e-05 5.4746e-05 2.21168 4.64298
96 2.87938e-05 1.83385e-05 1.20042e-05 5.33797e-05 2.17413 4.58467
97 3.83721e-05 1.25591e-05 1.20042e-05 5.33797e-05 2.17413 4.58467
98 2.99039e-05 1.39569e-05 1.20042e-05 5.33797e-05 2.17413 4.58467
99 5.72264e-05 1.31742e-05 1.20042e-05 5.33797e-05 2.17413 4.58467
100 8.25117e-05 1.7842e-05 1.20042e-05 5.33797e-05 2.17413 4.58467
101 3.04011e-05 5.29402e-05 1.20042e-05 5.33797e-05 2.17413 4.58467
102 3.65745e-05 2.16157e-05 1.20042e-05 5.33797e-05 2.17413 4.58467
103 3.10606e-05 1.91185e-05 1.20042e-05 5.33797e-05 2.17413 4.58467
104 3.65976e-05 1.33629e-05 1.20042e-05 5.33797e-05 2.17413 4.58467
105 3.12358e-05 1.67216e-05 1.20042e-05 5.33797e-05 2.17413 4.58467
106 9.04935e-05 1.51135e-05 1.20042e-05 5.33797e-05 2.17413 4.58467
107 2.93304e-05 1.74788e-05 1.20042e-05 5.33797e-05 2.17413 4.58467
108 6.13656e-05 3.04255e-05 1.20042e-05 5.33797e-05 2.17413 4.58467
109 2.90472e-05 1.70449e-05 1.20042e-05 5.33797e-05 2.17413 4.58467
110 3.58802e-05 1.48317e-05 1.20042e-05 5.33797e-05 2.17413 4.58467
111 3.55061e-05 1.8531e-05 1.20042e-05 5.33797e-05 2.17413 4.58467
112 6.86267e-05 1.45991e-05 1.20042e-05 5.33797e-05 2.17413 4.58467
113 2.56881e-05 1.52336e-05 1.20042e-05 5.33797e-05 2.17413 4.58467
114 4.74313e-05 1.2462e-05 1.20042e-05 5.33797e-05 2.17413 4.58467
115 2.55299e-05 1.83538e-05 1.20042e-05 5.33797e-05 2.17413 4.58467
116 3.70061e-05 1.22536e-05 1.20042e-05 5.33797e-05 2.17413 4.58467
117 2.66973e-05 1.21432e-05 1.20042e-05 5.33797e-05 2.17413 4.58467
118 0.000104726 1.85952e-05 1.21432e-05 5.15376e-05 2.18668 4.50487
119 2.25929e-05 0.000131968 1.21432e-05 5.15376e-05 2.18668 4.50487
120 2.84889e-05 6.14001e-05 1.21432e-05 5.15376e-05 2.18668 4.50487
121 9.95199e-05 1.73672e-05 1.21432e-05 5.15376e-05 2.18668 4.50487
122 3.36238e-05 3.82849e-05 1.21432e-05 5.15376e-05 2.18668 4.50487
123 3.06464e-05 1.51947e-05 1.21432e-05 5.15376e-05 2.18668 4.50487
124 3.45037e-05 1.26948e-05 1.21432e-05 5.15376e-05 2.18668 4.50487
125 8.04223e-05 2.54695e-05 1.21432e-05 5.15376e-05 2.18668 4.50487
126 3.30628e-05 1.69248e-05 1.21432e-05 5.15376e-05 2.18668 4.50487
127 3.08126e-05 0.000150741 1.21432e-05 5.15376e-05 2.18668 4.50487
128 2.98225e-05 1.72987e-05 1.21432e-05 5.15376e-05 2.18668 4.50487
129 3.19603e-05 4.14048e-05 1.21432e-05 5.15376e-05 2.18668 4.50487
130 4.62306e-05 1.20213e-05 1.21432e-05 5.15376e-05 2.18668 4.50487
131 2.45823e-05 2.17044e-05 1.21432e-05 5.15376e-05 2.18668 4.50487
132 3.65438e-05 1.20109e-05 1.21432e-05 5.15376e-05 2.18668 4.50487
133 2.56864e-05 2.51576e-05 1.21432e-05 5.15376e-05 2.18668 4.50487
134 6.87341e-05 1.68489e-05 1.21432e-05 5.15376e-05 2.18668 4.50487
135 2.06869e-05 3.2839e-05 1.21432e-05 5.15376e-05 2.18668 4.50487
136 2.87538e-05 3.29942e-05 1.21432e-05 5.15376e-05 2.18668 4.50487
137 3.16839e-05 1.36938e-05 1.21432e-05 5.15376e-05 2.18668 4.50487
138 2.86946e-05 1.36505e-05 1.21432e-05 5.15376e-05 2.18668 4.50487
139 6.28656e-05 1.85054e-05 1.21432e-05 5.15376e-05 2.18668 4.50487
140 2.69611e-05 1.69431e-05 1.21432e-05 5.15376e-05 2.18668 4.50487
141 2.84454e-05 5.77588e-05 1.21432e-05 5.15376e-05 2.18668 4.50487
142 3.21132e-05 1.45208e-05 1.21432e-05 5.15376e-05 2.18668 4.50487
143 3.03325e-05 1.18975e-05 1.21432e-05 5.15376e-05 2.18668 4.50487
144 0.00010486 1.76437e-05 1.18975e-05 5.05e-05 2.16445 4.45929
145 2.77409e-05 2.08013e-05 1.18975e-05 5.05e-05 2.16445 4.45929
146 9.46528e-05 1.98818e-05 1.18975e-05 5.05e-05 2.16445 4.45929
147 2.29413e-05 4.53534e-05 1.18975e-05 5.05e-05 2.16445 4.45929
148 2.78849e-05 6.95268e-05 1.18975e-05 5.05e-05 2.16445 4.45929
149 6.38239e-05 1.53835e-05 1.18975e-05 5.05e-05 2.16445 4.45929
150 3.04656e-05 1.60356e-05 1.18975e-05 5.05e-05 2.16445 4.45929
151 2.96853e-05 2.91704e-05 1.18975e-05 5.05e-05 2.16445 4.45929
152 3.29161e-05 5.64401e-05 1.18975e-05 5.05e-05 2.16445 4.45929
153 3.35613e-05 1.15934e-05 1.18975e-05 5.05e-05 2.16445 4.45929
154 2.44407e-05 7.38797e-05 1.15934e-05 5.04228e-05 2.13661 4.45588
155 0.0001312 3.03982e-05 1.15934e-05 5.04228e-05 2.13661 4.45588
156 2.99143e-05 1.91447e-05 1.15934e-05 5.04228e-05 2.13661 4.45588
157 2.99086e-05 1.58583e-05 1.15934e-05 5.04228e-05 2.13661 4.45588
158 3.73686e-05 7.62182e-05 1.15934e-05 5.04228e-05 2.13661 4.45588
159 2.73501e-05 1.31679e-05 1.15934e-05 5.04228e-05 2.13661 4.45588
160 3.09084e-05 2.61618e-05 1.15934e-05 5.04228e-05 2.13661 4.45588
161 2.72226e-05 1.29588e-05 1.15934e-05 5.04228e-05 2.13661 4.45588
162 3.11266e-05 6.67059e-05 1.15934e-05 5.04228e-05 2.13661 4.45588
163 2.89696e-05 3.61111e-05 1.15934e-05 5.04228e-05 2.13661 4.45588
164 3.74266e-05 1.43244e-05 1.15934e-05 5.04228e-05 2.13661 4.45588
165 2.53518e-05 1.19139e-05 1.15934e-05 5.04228e-05 2.13661 4.45588
166 2.75158e-05 2.78704e-05 1.19139e-05 4.94455e-05 2.16594 4.41249
167 4.54032e-05 5.75919e-05 1.19139e-05 4.94455e-05 2.16594 4.41249
168 2.0947e-05 1.60167e-05 1.19139e-05 4.94455e-05 2.16594 4.41249
169 4.26999e-05 1.14779e-05 1.19139e-05 4.94455e-05 2.16594 4.41249
170 2.38471e-05 3.70997e-05 1.19139e-05 4.94455e-05 2.16594 4.41249
171 4.04322e-05 1.63291e-05 1.19139e-05 4.94455e-05 2.16594 4.41249
172 2.59453e-05 3.1611e-05 1.19139e-05 4.94455e-05 2.16594 4.41249
173 3.74513e-05 2.54619e-05 1.19139e-05 4.94455e-05 2.16594 4.41249
174 9.09995e-05 1.86952e-05 1.19139e-05 4.94455e-05 2.16594 4.41249
175 2.8462e-05 1.77985e-05 1.19139e-05 4.94455e-05 2.16594 4.41249
176 6.67081e-05 1.30522e-05 1.19139e-05 4.94455e-05 2.16594 4.41249
177 2.32465e-05 1.89715e-05 1.19139e-05 4.94455e-05 2.16594 4.41249
178 2.60431e-05 1.11363e-05 1.19139e-05 4.94455e-05 2.16594 4.41249
179 2.86947e-05 1.51689e-05 1.11363e-05 4.90745e-05 2.09407 4.3959
180 5.50686e-05 1.14572e-05 1.11363e-05 4.90745e-05 2.09407 4.3959
181 6.76989e-05 2.26472e-05 1.11363e-05 4.90745e-05 2.09407 4.3959
182 1.89514e-05 4.09101e-05 1.11363e-05 4.90745e-05 2.09407 4.3959
183 2.73619e-05 1.14081e-05 1.11363e-05 4.90745e-05 2.09407 4.3959
184 2.65669e-05 9.49054e-05 1.11363e-05 4.90745e-05 2.09407 4.3959
185 2.85271e-05 3.21107e-05 1.11363e-05 4.90745e-05 2.09407 4.3959
186 5.49916e-05 1.56789e-05 1.11363e-05 4.90745e-05 2.09407 4.3959
187 2.42593e-05 1.14247e-05 1.11363e-05 4.90745e-05 2.09407 4.3959
188 5.15223e-05 1.16537e-05 1.11363e-05 4.90745e-05 2.09407 4.3959
189 2.40995e-05 1.4112e-05 1.11363e-05 4.90745e-05 2.09407 4.3959
190 0.00015205 2.0367e-05 1.11363e-05 4.90745e-05 2.09407 4.3959
191 3.41916e-05 1.52899e-05 1.11363e-05 4.90745e-05 2.09407 4.3959
192 2.95373e-05 0.000130675 1.11363e-05 4.90745e-05 2.09407 4.3959
193 3.67748e-05 3.24109e-05 1.11363e-05 4.90745e-05 2.09407 4.3959
194 3.1214e-05 5.98537e-05 1.11363e-05 4.90745e-05 2.09407 4.3959
195 7.37374e-05 1.37339e-05 1.11363e-05 4.90745e-05 2.09407 4.3959
196 2.14356e-05 1.41616e-05 1.11363e-05 4.90745e-05 2.09407 4.3959
197 8.22524e-05 2.43044e-05 1.11363e-05 4.90745e-05 2.09407 4.3959
198 2.08367e-05 2.32925e-05 1.11363e-05 4.90745e-05 2.09407 4.3959
199 2.56925e-05 2.22943e-05 1.11363e-05 4.90745e-05 2.09407 4.3959
200 5.52838e-05 2.26338e-05 1.11363e-05 4.90745e-05 2.09407 4.3959
201 2.54894e-05 1.20709e-05 1.11363e-05 4.90745e-05 2.09407 4.3959
202 9.91605e-05 1.26047e-05 1.11363e-05 4.90745e-05 2.09407 4.3959
203 2.48036e-05 3.46661e-05 1.11363e-05 4.90745e-05 2.09407 4.3959
204 4.6499e-05 1.15465e-05 1.11363e-05 4.90745e-05 2.09407 4.3959
205 2.19933e-05 2.17755e-05 1.11363e-05 4.90745e-05 2.09407 4.3959
206 4.41095e-05 1.11208e-05 1.11363e-05 4.90745e-05 2.09407 4.3959
207 2.14846e-05 2.96086e-05 1.11363e-05 4.90745e-05 2.09407 4.3959
208 2.78366e-05 1.66992e-05 1.11363e-05 4.90745e-05 2.09407 4.3959
209 2.69006e-05 1.70001e-05 1.11363e-05 4.90745e-05 2.09407 4.3959
210 2.42355e-05 1.91707e-05 1.11363e-05 4.90745e-05 2.09407 4.3959
211 2.61043e-05 1.54089e-05 1.11363e-05 4.90745e-05 2.09407 4.3959
212 4.34665e-05 1.87879e-05 1.11363e-05 4.90745e-05 2.09407 4.3959
213 7.18581e-05 1.4779e-05 1.11363e-05 4.90745e-05 2.09407 4.3959
214 2.25229e-05 1.94374e-05 1.11363e-05 4.90745e-05 2.09407 4.3959
215 4.61693e-05 1.25792e-05 1.11363e-05 4.90745e-05 2.09407 4.3959
216 2.34637e-05 1.36969e-05 1.11363e-05 4.90745e-05 2.09407 4.3959
217 2.55373e-05 1.21824e-05 1.11363e-05 4.90745e-05 2.09407 4.3959
218 2.47656e-05 4.67031e-05 1.11363e-05 4.90745e-05 2.09407 4.3959
219 1.12381e-05 1.32241e-05 1.11363e-05 4.90745e-05 2.09407 4.3959
220 1.24473e-05 1.09679e-05 1.11363e-05 4.90745e-05 2.09407 4.3959
221 1.24916e-05 1.07256e-05 1.09679e-05 4.59005e-05 2.07817 4.25137
222 1.24719e-05 1.63885e-05 1.07256e-05 4.57281e-05 2.05509 4.24338
223 1.25404e-05 1.10939e-05 1.07256e-05 4.57281e-05 2.05509 4.24338
224 1.23875e-05 1.01663e-05 1.07256e-05 4.57281e-05 2.05509 4.24338
225 1.24722e-05 1.48446e-05 1.01663e-05 4.50592e-05 2.00079 4.21223
226 1.24811e-05 1.23917e-05 1.01663e-05 4.50592e-05 2.00079 4.21223
227 1.25127e-05 1.19997e-05 1.01663e-05 4.50592e-05 2.00079 4.21223
228 1.26049e-05 1.04495e-05 1.01663e-05 4.50592e-05 2.00079 4.21223
229 1.23466e-05 1.87571e-05 1.04495e-05 4.44742e-05 2.02846 4.1848
230 1.24675e-05 1.96311e-05 1.04495e-05 4.44742e-05 2.02846 4.1848
231 1.25494e-05 1.01815e-05 1.04495e-05 4.44742e-05 2.02846 4.1848
232 1.24948e-05 2.10291e-05 1.01815e-05 4.41233e-05 2.00228 4.16826
233 1.25659e-05 1.05042e-05 1.01815e-05 4.41233e-05 2.00228 4.16826
234 1.27557e-05 1.48288e-05 1.01815e-05 4.41233e-05 2.00228 4.16826
235 1.22596e-05 1.06126e-05 1.01815e-05 4.41233e-05 2.00228 4.16826
236 1.25403e-05 1.07423e-05 1.01815e-05 4.41233e-05 2.00228 4.16826
237 1.25333e-05 1.03838e-05 1.01815e-05 4.41233e-05 2.00228 4.16826
238 1.25808e-05 1.13332e-05 1.01815e-05 4.41233e-05 2.00228 4.16826
239 1.24248e-05 1.29762e-05 1.01815e-05 4.41233e-05 2.00228 4.16826
240 1.25836e-05 1.05961e-05 1.01815e-05 4.41233e-05 2.00228 4.16826
241 1.24995e-05 1.18215e-05 1.01815e-05 4.41233e-05 2.00228 4.16826
242 1.25713e-05 1.05859e-05 1.01815e-05 4.41233e-05 2.00228 4.16826
243 1.25278e-05 1.00541e-05 1.01815e-05 4.41233e-05 2.00228 4.16826
244 1.2541e-05 1.15051e-05 1.00541e-05 4.32715e-05 1.98972 4.12782
245 1.26933e-05 1.05962e-05 1.00541e-05 4.32715e-05 1.98972 4.12782
246 1.25116e-05 1.00142e-05 1.00541e-05 4.32715e-05 1.98972 4.12782
247 1.26565e-05 1.265e-05 1.00142e-05 4.3067e-05 1.98577 4.11806
248 1.26386e-05 1.37259e-05 1.00142e-05 4.3067e-05 1.98577 4.11806
249 1.26556e-05 1.79978e-05 1.00142e-05 4.3067e-05 1.98577 4.11806
250 1.24739e-05 1.73403e-05 1.00142e-05 4.3067e-05 1.98577 4.11806
251 1.25783e-05 1.05929e-05 1.00142e-05 4.3067e-05 1.98577 4.11806
252 1.25445e-05 9.9545e-06 1.00142e-05 4.3067e-05 1.98577 4.11806
253 1.2647e-05 1.54734e-05 9.9545e-06 4.27936e-05 1.97984 4.10497
254 1.26008e-05 1.03746e-05 9.9545e-06 4.27936e-05 1.97984 4.10497
255 1.25185e-05 2.06982e-05 9.9545e-06 4.27936e-05 1.97984 4.10497
256 1.25837e-05 1.11977e-05 9.9545e-06 4.27936e-05 1.97984 4.10497
257 1.25972e-05 1.01554e-05 9.9545e-06 4.27936e-05 1.97984 4.10497
258 1.3132e-05 9.90775e-06 9.9545e-06 4.27936e-05 1.97984 4.10497
259 1.21474e-05 1.05741e-05 9.90775e-06 4.25276e-05 1.97519 4.09219
260 1.25659e-05 1.13871e-05 9.90775e-06 4.25276e-05 1.97519 4.09219
261 1.26646e-05 1.14915e-05 9.90775e-06 4.25276e-05 1.97519 4.09219
262 1.27322e-05 2.08614e-05 9.90775e-06 4.25276e-05 1.97519 4.09219
263 1.26893e-05 1.21149e-05 9.90775e-06 4.25276e-05 1.97519 4.09219
264 1.24878e-05 2.39812e-05 9.90775e-06 4.25276e-05 1.97519 4.09219
265 1.27233e-05 9.78929e-06 9.90775e-06 4.25276e-05 1.97519 4.09219
266 1.26447e-05 9.98803e-06 9.78929e-06 4.21289e-05 1.96334 4.07296
267 1.26542e-05 1.58334e-05 9.78929e-06 4.21289e-05 1.96334 4.07296
268 1.26641e-05 2.0722e-05 9.78929e-06 4.21289e-05 1.96334 4.07296
269 1.25627e-05 1.06403e-05 9.78929e-06 4.21289e-05 1.96334 4.07296
270 1.25964e-05 9.82356e-06 9.78929e-06 4.21289e-05 1.96334 4.07296
271 1.27961e-05 1.07865e-05 9.82356e-06 4.19614e-05 1.96678 4.06486
272 1.26012e-05 1.13295e-05 9.82356e-06 4.19614e-05 1.96678 4.06486
273 1.27098e-05 1.04037e-05 9.82356e-06 4.19614e-05 1.96678 4.06486
274 1.24499e-05 9.95713e-06 9.82356e-06 4.19614e-05 1.96678 4.06486
275 1.26342e-05 1.73339e-05 9.82356e-06 4.19614e-05 1.96678 4.06486
276 1.2829e-05 1.01924e-05 9.82356e-06 4.19614e-05 1.96678 4.06486
277 1.26065e-05 1.39275e-05 9.82356e-06 4.19614e-05 1.96678 4.06486
278 1.25067e-05 9.93667e-06 9.82356e-06 4.19614e-05 1.96678 4.06486
279 1.26877e-05 1.40308e-05 9.82356e-06 4.19614e-05 1.96678 4.06486
280 1.29969e-05 1.01289e-05 9.82356e-06 4.19614e-05 1.96678 4.06486
281 1.2384e-05 1.72665e-05 9.82356e-06 4.19614e-05 1.96678 4.06486
282 1.2818e-05 9.92681e-06 9.82356e-06 4.19614e-05 1.96678 4.06486
283 1.25332e-05 2.00393e-05 9.92681e-06 4.17065e-05 1.97708 4.05249
284 1.27264e-05 1.34436e-05 9.92681e-06 4.17065e-05 1.97708 4.05249
285 1.27412e-05 1.77802e-05 9.92681e-06 4.17065e-05 1.97708 4.05249
286 1.26416e-05 2.61632e-05 9.92681e-06 4.17065e-05 1.97708 4.05249
287 1.25405e-05 1.10458e-05 9.92681e-06 4.17065e-05 1.97708 4.05249
288 1.26687e-05 3.02581e-05 9.92681e-06 4.17065e-05 1.97708 4.05249
289 1.25126e-05 1.00478e-05 9.92681e-06 4.17065e-05 1.97708 4.05249
290 1.27118e-05 2.13401e-05 1.00478e-05 4.14e-05 1.9891 4.03757
291 1.25833e-05 1.01969e-05 1.00478e-05 4.14e-05 1.9891 4.03757
292 1.29684e-05 1.05441e-05 1.00478e-05 4.14e-05 1.9891 4.03757
293 1.24739e-05 9.69956e-06 1.00478e-05 4.14e-05 1.9891 4.03757
294 1.27176e-05 1.21607e-05 9.69956e-06 4.13798e-05 1.95432 4.03659
295 1.29311e-05 1.2897e-05 9.69956e-06 4.13798e-05 1.95432 4.03659
296 1.23278e-05 1.13638e-05 9.69956e-06 4.13798e-05 1.95432 4.03659
297 1.27655e-05 9.80934e-06 9.69956e-06 4.13798e-05 1.95432 4.03659
298 1.25672e-05 2.40264e-05 9.80934e-06 4.09865e-05 1.96535 4.01736
299 1.26705e-05 9.65823e-06 9.80934e-06 4.09865e-05 1.96535 4.01736
300 1.25884e-05 1.48943e-05 9.80934e-06 4.09865e-05 1.96535 4.01736
301 1.28083e-05 9.9807e-06 9.80934e-06 4.09865e-05 1.96535 4.01736
302 1.26229e-05 1.03473e-05 9.80934e-06 4.09865e-05 1.96535 4.01736
303 1.26431e-05 1.38201e-05 9.80934e-06 4.09865e-05 1.96535 4.01736
304 1.28768e-05 1.13976e-05 9.80934e-06 4.09865e-05 1.96535 4.01736
305 1.26889e-05 1.26373e-05 9.80934e-06 4.09865e-05 1.96535 4.01736
306 1.26578e-05 2.31275e-05 9.80934e-06 4.09865e-05 1.96535 4.01736
307 1.26789e-05 2.76692e-05 9.80934e-06 4.09865e-05 1.96535 4.01736
308 1.26532e-05 1.19223e-05 9.80934e-06 4.09865e-05 1.96535 4.01736
309 1.26351e-05 1.19422e-05 9.80934e-06 4.09865e-05 1.96535 4.01736
310 1.28155e-05 1.02303e-05 9.80934e-06 4.09865e-05 1.96535 4.01736
311 1.26307e-05 1.04864e-05 9.80934e-06 4.09865e-05 1.96535 4.01736
312 1.27395e-05 1.6109e-05 9.80934e-06 4.09865e-05 1.96535 4.01736
313 1.27445e-05 1.00303e-05 9.80934e-06 4.09865e-05 1.96535 4.01736
314 1.27606e-05 3.42722e-05 9.80934e-06 4.09865e-05 1.96535 4.01736
315 1.26743e-05 1.28315e-05 9.80934e-06 4.09865e-05 1.96535 4.01736
316 1.27365e-05 9.93852e-06 9.80934e-06 4.09865e-05 1.96535 4.01736
317 1.26692e-05 1.03204e-05 9.80934e-06 4.09865e-05 1.96535 4.01736
318 1.27007e-05 2.66295e-05 9.80934e-06 4.09865e-05 1.96535 4.01736
319 1.27264e-05 2.69098e-05 9.80934e-06 4.09865e-05 1.96535 4.01736
320 1.27885e-05 9.68354e-06 9.80934e-06 4.09865e-05 1.96535 4.01736
321 1.26211e-05 9.9376e-06 9.68354e-06 4.06237e-05 1.95271 3.99954
322 1.26932e-05 1.6071e-05 9.68354e-06 4.06237e-05 1.95271 3.99954
323 1.30922e-05 9.5368e-06 9.68354e-06 4.06237e-05 1.95271 3.99954
324 1.24053e-05 1.10631e-05 9.5368e-06 4.07802e-05 1.93786 4.00723
325 1.26014e-05 1.25271e-05 9.5368e-06 4.07802e-05 1.93786 4.00723
326 1.27677e-05 1.42428e-05 9.5368e-06 4.07802e-05 1.93786 4.00723
327 1.27568e-05 1.0344e-05 9.5368e-06 4.07802e-05 1.93786 4.00723
328 1.26863e-05 1.01235e-05 9.5368e-06 4.07802e-05 1.93786 4.00723
329 1.27567e-05 1.20003e-05 9.5368e-06 4.07802e-05 1.93786 4.00723
330 1.2736e-05 1.18077e-05 9.5368e-06 4.07802e-05 1.93786 4.00723
331 1.28285e-05 9.6542e-06 9.5368e-06 4.07802e-05 1.93786 4.00723
332 1.26837e-05 2.20949e-05 9.5368e-06 4.07802e-05 1.93786 4.00723
333 1.26891e-05 1.35219e-05 9.5368e-06 4.07802e-05 1.93786 4.00723
334 1.27012e-05 1.047e-05 9.5368e-06 4.07802e-05 1.93786 4.00723
335 1.26265e-05 9.62515e-06 9.5368e-06 4.07802e-05 1.93786 4.00723
336 1.27291e-05 9.822e-06 9.62515e-06 4.03617e-05 1.94681 3.98662
337 1.26158e-05 9.38048e-06 9.62515e-06 4.03617e-05 1.94681 3.98662
338 1.28531e-05 1.06733e-05 9.38048e-06 4.06756e-05 1.92191 4.00209
339 1.26867e-05 1.2486e-05 9.38048e-06 4.06756e-05 1.92191 4.00209
340 1.26894e-05 1.22982e-05 9.38048e-06 4.06756e-05 1.92191 4.00209
341 1.25668e-05 1.20918e-05 9.38048e-06 4.06756e-05 1.92191 4.00209
342 1.28952e-05 9.87347e-06 9.38048e-06 4.06756e-05 1.92191 4.00209
343 1.27538e-05 9.67648e-06 9.38048e-06 4.06756e-05 1.92191 4.00209
344 1.25969e-05 1.37543e-05 9.38048e-06 4.06756e-05 1.92191 4.00209
345 1.28793e-05 9.82117e-06 9.38048e-06 4.06756e-05 1.92191 4.00209
346 1.28308e-05 9.82115e-06 9.38048e-06 4.06756e-05 1.92191 4.00209
347 1.27792e-05 1.18395e-05 9.38048e-06 4.06756e-05 1.92191 4.00209
348 1.27143e-05 1.33378e-05 9.38048e-06 4.06756e-05 1.92191 4.00209
349 1.27318e-05 9.81725e-06 9.38048e-06 4.06756e-05 1.92191 4.00209
350 1.2669e-05 1.55377e-05 9.38048e-06 4.06756e-05 1.92191 4.00209
351 1.26927e-05 1.06437e-05 9.38048e-06 4.06756e-05 1.92191 4.00209
352 1.32003e-05 9.4375e-06 9.38048e-06 4.06756e-05 1.92191 4.00209
353 1.24335e-05 1.19337e-05 9.4375e-06 4.00815e-05 1.92774 3.97276
354 1.26758e-05 1.47426e-05 9.4375e-06 4.00815e-05 1.92774 3.97276
355 1.27274e-05 1.60975e-05 9.4375e-06 4.00815e-05 1.92774 3.97276
356 1.27187e-05 9.68895e-06 9.4375e-06 4.00815e-05 1.92774 3.97276
357 1.26773e-05 1.01457e-05 9.4375e-06 4.00815e-05 1.92774 3.97276
358 1.27232e-05 9.9528e-06 9.4375e-06 4.00815e-05 1.92774 3.97276
359 1.26681e-05 1.01466e-05 9.4375e-06 4.00815e-05 1.92774 3.97276
360 1.27428e-05 1.26331e-05 9.4375e-06 4.00815e-05 1.92774 3.97276
361 1.27847e-05 1.17116e-05 9.4375e-06 4.00815e-05 1.92774 3.97276
362 1.27107e-05 9.62256e-06 9.4375e-06 4.00815e-05 1.92774 3.97276
363 1.2802e-05 9.94795e-06 9.4375e-06 4.00815e-05 1.92774 3.97276
364 1.34772e-05 1.0069e-05 9.4375e-06 4.00815e-05 1.92774 3.97276
365 1.20094e-05 1.02965e-05 9.4375e-06 4.00815e-05 1.92774 3.97276
366 1.27368e-05 1.01682e-05 9.4375e-06 4.00815e-05 1.92774 3.97276
367 1.26664e-05 1.10227e-05 9.4375e-06 4.00815e-05 1.92774 3.97276
368 1.35177e-05 9.47452e-06 9.4375e-06 4.00815e-05 1.92774 3.97276
369 1.27626e-05 9.40006e-06 9.4375e-06 4.00815e-05 1.92774 3.97276
370 1.21301e-05 2.01142e-05 9.40006e-06 4.00968e-05 1.92391 3.97352
371 1.2716e-05 1.05104e-05 9.40006e-06 4.00968e-05 1.92391 3.97352
372 1.27837e-05 1.07816e-05 9.40006e-06 4.00968e-05 1.92391 3.97352
373 1.27836e-05 1.05557e-05 9.40006e-06 4.00968e-05 1.92391 3.97352
374 1.29228e-05 1.02971e-05 9.40006e-06 4.00968e-05 1.92391 3.97352
375 1.28776e-05 9.48586e-06 9.40006e-06 4.00968e-05 1.92391 3.97352
376 1.23987e-05 1.23091e-05 9.48586e-06 3.97744e-05 1.93267 3.95751
377 1.27534e-05 9.67765e-06 9.48586e-06 3.97744e-05 1.93267 3.95751
378 1.26089e-05 1.38525e-05 9.48586e-06 3.97744e-05 1.93267 3.95751
379 1.30179e-05 1.15073e-05 9.48586e-06 3.97744e-05 1.93267 3.95751
380 1.24377e-05 1.8373e-05 9.48586e-06 3.97744e-05 1.93267 3.95751
381 1.28612e-05 1.06565e-05 9.48586e-06 3.97744e-05 1.93267 3.95751
382 1.27675e-05 1.62486e-05 9.48586e-06 3.97744e-05 1.93267 3.95751
383 1.27088e-05 1.01329e-05 9.48586e-06 3.97744e-05 1.93267 3.95751
384 1.27525e-05 9.83173e-06 9.48586e-06 3.97744e-05 1.93267 3.95751
385 1.33973e-05 9.43501e-06 9.48586e-06 3.97744e-05 1.93267 3.95751
386 1.23307e-05 1.27614e-05 9.43501e-06 3.97672e-05 1.92749 3.95715
387 1.26957e-05 1.06014e-05 9.43501e-06 3.97672e-05 1.92749 3.95715
388 1.2779e-05 9.97206e-06 9.43501e-06 3.97672e-05 1.92749 3.95715
389 1.36558e-05 9.48783e-06 9.43501e-06 3.97672e-05 1.92749 3.95715
390 1.22262e-05 9.75156e-06 9.43501e-06 3.97672e-05 1.92749 3.95715
391 1.24401e-05 1.30639e-05 9.43501e-06 3.97672e-05 1.92749 3.95715
392 1.26652e-05 1.20864e-05 9.43501e-06 3.97672e-05 1.92749 3.95715
393 1.28268e-05 9.81505e-06 9.43501e-06 3.97672e-05 1.92749 3.95715
394 1.25885e-05 1.17542e-05 9.43501e-06 3.97672e-05 1.92749 3.95715
395 1.28791e-05 1.14352e-05 9.43501e-06 3.97672e-05 1.92749 3.95715
396 1.28161e-05 9.71906e-06 9.43501e-06 3.97672e-05 1.92749 3.95715
397 1.27272e-05 1.1681e-05 9.43501e-06 3.97672e-05 1.92749 3.95715
398 1.27248e-05 1.89497e-05 9.43501e-06 3.97672e-05 1.92749 3.95715
399 1.2797e-05 4.6546e-05 9.43501e-06 3.97672e-05 1.92749 3.95715
400 1.26463e-05 1.40237e-05 9.43501e-06 3.97672e-05 1.92749 3.95715
401 1.27299e-05 9.60916e-06 9.43501e-06 3.97672e-05 1.92749 3.95715
402 1.2703e-05 1.09135e-05 9.43501e-06 3.97672e-05 1.92749 3.95715
403 1.30813e-05 9.75868e-06 9.43501e-06 3.97672e-05 1.92749 3.95715
404 1.24385e-05 1.153e-05 9.43501e-06 3.97672e-05 1.92749 3.95715
405 1.29817e-05 1.0393e-05 9.43501e-06 3.97672e-05 1.92749 3.95715
406 1.25205e-05 1.26206e-05 9.43501e-06 3.97672e-05 1.92749 3.95715
407 1.27102e-05 9.69667e-06 9.43501e-06 3.97672e-05 1.92749 3.95715
408 1.28861e-05 1.00453e-05 9.43501e-06 3.97672e-05 1.92749 3.95715
409 1.25771e-05 9.33796e-06 9.43501e-06 3.97672e-05 1.92749 3.95715
410 1.28057e-05 9.44826e-06 9.33796e-06 3.93617e-05 1.91755 3.93693
411 1.27085e-05 1.07452e-05 9.33796e-06 3.93617e-05 1.91755 3.93693
412 1.26796e-05 1.18326e-05 9.33796e-06 3.93617e-05 1.91755 3.93693
413 1.28754e-05 1.24857e-05 9.33796e-06 3.93617e-05 1.91755 3.93693
414 1.28807e-05 6.55217e-05 9.33796e-06 3.93617e-05 1.91755 3.93693
415 1.26476e-05 9.44963e-06 9.33796e-06 3.93617e-05 1.91755 3.93693
416 1.26268e-05 1.07787e-05 9.33796e-06 3.93617e-05 1.91755 3.93693
417 1.31338e-05 9.39512e-06 9.33796e-06 3.93617e-05 1.91755 3.93693
418 1.24566e-05 1.23357e-05 9.39512e-06 3.91774e-05 1.92341 3.9277
419 1.26752e-05 9.46949e-06 9.39512e-06 3.91774e-05 1.92341 3.9277
420 1.26639e-05 9.44545e-06 9.39512e-06 3.91774e-05 1.92341 3.9277
421 1.35872e-05 9.20568e-06 9.39512e-06 3.91774e-05 1.92341 3.9277
422 1.22973e-05 1.10615e-05 9.20568e-06 3.91606e-05 1.90392 3.92686
423 1.27042e-05 2.50087e-05 9.20568e-06 3.91606e-05 1.90392 3.92686
424 1.28628e-05 1.41804e-05 9.20568e-06 3.91606e-05 1.90392 3.92686
425 1.27668e-05 1.10344e-05 9.20568e-06 3.91606e-05 1.90392 3.92686
426 1.26501e-05 9.69101e-06 9.20568e-06 3.91606e-05 1.90392 3.92686
427 1.25893e-05 1.27007e-05 9.20568e-06 3.91606e-05 1.90392 3.92686
428 1.28275e-05 1.79443e-05 9.20568e-06 3.91606e-05 1.90392 3.92686
429 1.26479e-05 1.12219e-05 9.20568e-06 3.91606e-05 1.90392 3.92686
430 1.27667e-05 2.95664e-05 9.20568e-06 3.91606e-05 1.90392 3.92686
431 1.2701e-05 1.0746e-05 9.20568e-06 3.91606e-05 1.90392 3.92686
432 1.26898e-05 1.04666e-05 9.20568e-06 3.91606e-05 1.90392 3.92686
433 1.28609e-05 1.32629e-05 9.20568e-06 3.91606e-05 1.90392 3.92686
434 1.29985e-05 0.000325721 9.20568e-06 3.91606e-05 1.90392 3.92686
435 1.27491e-05 9.50938e-06 9.20568e-06 3.91606e-05 1.90392 3.92686
436 1.25341e-05 9.91551e-06 9.20568e-06 3.91606e-05 1.90392 3.92686
437 1.27544e-05 1.05266e-05 9.20568e-06 3.91606e-05 1.90392 3.92686
438 1.26921e-05 1.06842e-05 9.20568e-06 3.91606e-05 1.90392 3.92686
439 1.26751e-05 1.67936e-05 9.20568e-06 3.91606e-05 1.90392 3.92686
440 1.27735e-05 1.48474e-05 9.20568e-06 3.91606e-05 1.90392 3.92686
441 1.26091e-05 1.62279e-05 9.20568e-06 3.91606e-05 1.90392 3.92686
442 1.27664e-05 1.00136e-05 9.20568e-06 3.91606e-05 1.90392 3.92686
443 1.31033e-05 1.2697e-05 9.20568e-06 3.91606e-05 1.90392 3.92686
444 1.30962e-05 9.32443e-06 9.20568e-06 3.91606e-05 1.90392 3.92686
445 1.23432e-05 9.17254e-06 9.20568e-06 3.91606e-05 1.90392 3.92686
446 1.27379e-05 1.6813e-05 9.17254e-06 3.9061e-05 1.90049 3.92186
447 1.27372e-05 1.32118e-05 9.17254e-06 3.9061e-05 1.90049 3.92186
448 1.27412e-05 1.637e-05 9.17254e-06 3.9061e-05 1.90049 3.92186
449 1.2602e-05 9.34983e-06 9.17254e-06 3.9061e-05 1.90049 3.92186
450 1.28621e-05 1.12971e-05 9.17254e-06 3.9061e-05 1.90049 3.92186
451 1.27029e-05 1.08541e-05 9.17254e-06 3.9061e-05 1.90049 3.92186
452 1.29957e-05 9.50513e-06 9.17254e-06 3.9061e-05 1.90049 3.92186
453 1.27245e-05 9.96839e-06 9.17254e-06 3.9061e-05 1.90049 3.92186
454 1.27085e-05 9.6637e-06 9.17254e-06 3.9061e-05 1.90049 3.92186
455 1.27148e-05 1.85029e-05 9.17254e-06 3.9061e-05 1.90049 3.92186
456 1.26338e-05 1.57843e-05 9.17254e-06 3.9061e-05 1.90049 3.92186
457 1.30124e-05 9.33061e-06 9.17254e-06 3.9061e-05 1.90049 3.92186
458 1.2435e-05 1.43246e-05 9.17254e-06 3.9061e-05 1.90049 3.92186
459 1.31138e-05 2.51448e-05 9.17254e-06 3.9061e-05 1.90049 3.92186
460 1.2544e-05 1.69679e-05 9.17254e-06 3.9061e-05 1.90049 3.92186
461 1.27168e-05 1.16812e-05 9.17254e-06 3.9061e-05 1.90049 3.92186
462 1.26641e-05 1.19605e-05 9.17254e-06 3.9061e-05 1.90049 3.92186
463 1.26441e-05 2.37958e-05 9.17254e-06 3.9061e-05 1.90049 3.92186
464 1.27097e-05 9.64935e-06 9.17254e-06 3.9061e-05 1.90049 3.92186
465 1.2701e-05 2.42373e-05 9.17254e-06 3.9061e-05 1.90049 3.92186
466 1.37053e-05 9.21056e-06 9.17254e-06 3.9061e-05 1.90049 3.92186
467 1.18358e-05 1.16235e-05 9.17254e-06 3.9061e-05 1.90049 3.92186
468 1.27456e-05 1.27839e-05 9.17254e-06 3.9061e-05 1.90049 3.92186
469 1.29151e-05 1.35522e-05 9.17254e-06 3.9061e-05 1.90049 3.92186
470 1.27899e-05 2.34236e-05 9.17254e-06 3.9061e-05 1.90049 3.92186
471 1.2607e-05 1.44604e-05 9.17254e-06 3.9061e-05 1.90049 3.92186
472 1.2644e-05 1.23618e-05 9.17254e-06 3.9061e-05 1.90049 3.92186
473 1.27445e-05 1.00792e-05 9.17254e-06 3.9061e-05 1.90049 3.92186
474 1.29636e-05 9.2207e-06 9.17254e-06 3.9061e-05 1.90049 3.92186
475 1.28346e-05 0.000107982 9.2207e-06 3.88368e-05 1.90547 3.91059
476 1.2279e-05 9.37892e-06 9.2207e-06 3.88368e-05 1.90547 3.91059
477 1.27475e-05 1.90955e-05 9.2207e-06 3.88368e-05 1.90547 3.91059
478 1.27057e-05 9.62833e-06 9.2207e-06 3.88368e-05 1.90547 3.91059
479 1.36818e-05 2.31274e-05 9.2207e-06 3.88368e-05 1.90547 3.91059
480 1.18204e-05 1.05945e-05 9.2207e-06 3.88368e-05 1.90547 3.91059
481 1.26143e-05 1.08281e-05 9.2207e-06 3.88368e-05 1.90547 3.91059
482 1.29675e-05 9.45842e-06 9.2207e-06 3.88368e-05 1.90547 3.91059
483 1.23465e-05 2.27479e-05 9.2207e-06 3.88368e-05 1.90547 3.91059
484 1.27937e-05 1.01628e-05 9.2207e-06 3.88368e-05 1.90547 3.91059
485 1.31341e-05 9.27455e-06 9.2207e-06 3.88368e-05 1.90547 3.91059
486 1.24517e-05 4.31217e-05 9.27455e-06 3.86032e-05 1.91103 3.89881
487 1.29958e-05 1.29892e-05 9.27455e-06 3.86032e-05 1.91103 3.89881
488 1.26534e-05 9.65861e-06 9.27455e-06 3.86032e-05 1.91103 3.89881
489 1.25866e-05 9.5823e-06 9.27455e-06 3.86032e-05 1.91103 3.89881
490 1.26608e-05 1.4202e-05 9.27455e-06 3.86032e-05 1.91103 3.89881
491 1.28119e-05 1.34642e-05 9.27455e-06 3.86032e-05 1.91103 3.89881
492 1.26743e-05 1.27926e-05 9.27455e-06 3.86032e-05 1.91103 3.89881
493 1.29238e-05 1.19827e-05 9.27455e-06 3.86032e-05 1.91103 3.89881
494 1.27697e-05 1.05166e-05 9.27455e-06 3.86032e-05 1.91103 3.89881
495 1.23885e-05 9.58607e-06 9.27455e-06 3.86032e-05 1.91103 3.89881
496 1.27336e-05 9.09955e-06 9.27455e-06 3.86032e-05 1.91103 3.89881
497 1.2591e-05 0.000124125 9.09955e-06 3.88077e-05 1.89291 3.90912
498 1.26109e-05 1.39863e-05 9.09955e-06 3.88077e-05 1.89291 3.90912
499 1.31463e-05 9.78459e-06 9.09955e-06 3.88077e-05 1.89291 3.90912
500 1.22077e-05 9.77847e-06 9.09955e-06 3.88077e-05 1.89291 3.90912
501 1.29668e-05 1.0118e-05 9.09955e-06 3.88077e-05 1.89291 3.90912
502 1.27516e-05 1.021e-05 9.09955e-06 3.88077e-05 1.89291 3.90912
503 1.25227e-05 9.55306e-06 9.09955e-06 3.88077e-05 1.89291 3.90912
504 1.25949e-05 9.26964e-06 9.09955e-06 3.88077e-05 1.89291 3.90912
505 1.2755e-05 1.17237e-05 9.09955e-06 3.88077e-05 1.89291 3.90912
506 1.26846e-05 1.32308e-05 9.09955e-06 3.88077e-05 1.89291 3.90912
507 1.27357e-05 1.0066e-05 9.09955e-06 3.88077e-05 1.89291 3.90912
508 1.26491e-05 1.02776e-05 9.09955e-06 3.88077e-05 1.89291 3.90912
509 1.29088e-05 9.89885e-06 9.09955e-06 3.88077e-05 1.89291 3.90912
510 1.23411e-05 1.17143e-05 9.09955e-06 3.88077e-05 1.89291 3.90912
511 1.30321e-05 2.94294e-05 9.09955e-06 3.88077e-05 1.89291 3.90912
512 1.25156e-05 3.14888e-05 9.09955e-06 3.88077e-05 1.89291 3.90912
513 1.26222e-05 1.23613e-05 9.09955e-06 3.88077e-05 1.89291 3.90912
514 1.26591e-05 9.67487e-06 9.09955e-06 3.88077e-05 1.89291 3.90912
515 1.30155e-05 1.03674e-05 9.09955e-06 3.88077e-05 1.89291 3.90912
516 1.28091e-05 1.1532e-05 9.09955e-06 3.88077e-05 1.89291 3.90912
517 1.25858e-05 1.34108e-05 9.09955e-06 3.88077e-05 1.89291 3.90912
518 1.29463e-05 1.0032e-05 9.09955e-06 3.88077e-05 1.89291 3.90912
519 1.26106e-05 1.2459e-05 9.09955e-06 3.88077e-05 1.89291 3.90912
520 1.24955e-05 1.2217e-05 9.09955e-06 3.88077e-05 1.89291 3.90912
521 1.28205e-05 1.24627e-05 9.09955e-06 3.88077e-05 1.89291 3.90912
522 1.25214e-05 9.60831e-06 9.09955e-06 3.88077e-05 1.89291 3.90912
523 1.27326e-05 9.42022e-06 9.09955e-06 3.88077e-05 1.89291 3.90912
524 1.25184e-05 3.17834e-05 9.09955e-06 3.88077e-05 1.89291 3.90912
525 1.26441e-05 1.07569e-05 9.09955e-06 3.88077e-05 1.89291 3.90912
526 1.39401e-05 3.37085e-05 9.09955e-06 3.88077e-05 1.89291 3.90912
527 1.15657e-05 1.71074e-05 9.09955e-06 3.88077e-05 1.89291 3.90912
528 1.26673e-05 1.39116e-05 9.09955e-06 3.88077e-05 1.89291 3.90912
529 1.28286e-05 9.54457e-06 9.09955e-06 3.88077e-05 1.89291 3.90912
530 1.23737e-05 1.12109e-05 9.09955e-06 3.88077e-05 1.89291 3.90912
531 1.26613e-05 1.18255e-05 9.09955e-06 3.88077e-05 1.89291 3.90912
532 1.31853e-05 1.86622e-05 9.09955e-06 3.88077e-05 1.89291 3.90912
533 1.25209e-05 2.99511e-05 9.09955e-06 3.88077e-05 1.89291 3.90912
534 1.25934e-05 1.20174e-05 9.09955e-06 3.88077e-05 1.89291 3.90912
535 1.25059e-05 1.39138e-05 9.09955e-06 3.88077e-05 1.89291 3.90912
536 1.25724e-05 1.04885e-05 9.09955e-06 3.88077e-05 1.89291 3.90912
537 7.97812e-06 8.86982e-06 9.09955e-06 3.88077e-05 1.89291 3.90912
538 8.30215e-06 8.97684e-06 8.86982e-06 3.80148e-05 1.86886 3.86898
539 8.36488e-06 9.27171e-06 8.97684e-06 3.77715e-05 1.88011 3.85658
540 8.32612e-06 8.76257e-06 8.97684e-06 3.77715e-05 1.88011 3.85658
541 8.39277e-06 9.14649e-06 8.76257e-06 3.75979e-05 1.85753 3.84771
542 8.37353e-06 1.42694e-05 8.76257e-06 3.75979e-05 1.85753 3.84771
543 8.37334e-06 8.77559e-06 8.76257e-06 3.75979e-05 1.85753 3.84771
544 8.40047e-06 9.9436e-06 8.77559e-06 3.74829e-05 1.85891 3.84182
545 8.39036e-06 1.03916e-05 8.77559e-06 3.74829e-05 1.85891 3.84182
546 8.4102e-06 9.264e-06 8.77559e-06 3.74829e-05 1.85891 3.84182
547 8.39502e-06 1.12629e-05 8.77559e-06 3.74829e-05 1.85891 3.84182
548 8.40138e-06 1.37888e-05 8.77559e-06 3.74829e-05 1.85891 3.84182
549 8.42007e-06 1.18509e-05 8.77559e-06 3.74829e-05 1.85891 3.84182
550 8.41754e-06 2.08095e-05 8.77559e-06 3.74829e-05 1.85891 3.84182
551 8.43566e-06 1.41451e-05 8.77559e-06 3.74829e-05 1.85891 3.84182
552 8.46814e-06 8.87311e-06 8.77559e-06 3.74829e-05 1.85891 3.84182
553 8.43053e-06 1.01318e-05 8.87311e-06 3.72756e-05 1.86921 3.83118
554 8.43178e-06 8.8909e-06 8.87311e-06 3.72756e-05 1.86921 3.83118
555 8.44793e-06 1.14381e-05 8.8909e-06 3.72279e-05 1.87108 3.82873
556 8.46784e-06 9.2222e-06 8.8909e-06 3.72279e-05 1.87108 3.82873
557 8.45355e-06 9.4454e-06 8.8909e-06 3.72279e-05 1.87108 3.82873
558 8.46681e-06 9.62168e-06 8.8909e-06 3.72279e-05 1.87108 3.82873
559 8.47907e-06 9.10069e-06 8.8909e-06 3.72279e-05 1.87108 3.82873
560 8.50466e-06 8.89105e-06 8.8909e-06 3.72279e-05 1.87108 3.82873
561 8.46917e-06 1.40377e-05 8.8909e-06 3.72279e-05 1.87108 3.82873
562 8.5053e-06 9.46602e-06 8.8909e-06 3.72279e-05 1.87108 3.82873
563 8.48637e-06 9.49897e-06 8.8909e-06 3.72279e-05 1.87108 3.82873
564 8.52605e-06 1.51756e-05 8.8909e-06 3.72279e-05 1.87108 3.82873
565 8.52884e-06 9.78794e-06 8.8909e-06 3.72279e-05 1.87108 3.82873
566 8.53067e-06 9.69699e-06 8.8909e-06 3.72279e-05 1.87108 3.82873
567 8.47901e-06 1.11235e-05 8.8909e-06 3.72279e-05 1.87108 3.82873
568 8.554e-06 8.76774e-06 8.8909e-06 3.72279e-05 1.87108 3.82873
569 8.50689e-06 9.01889e-06 8.76774e-06 3.68807e-05 1.85808 3.81083
570 8.54944e-06 9.26581e-06 8.76774e-06 3.68807e-05 1.85808 3.81083
571 8.54299e-06 1.19728e-05 8.76774e-06 3.68807e-05 1.85808 3.81083
572 8.56888e-06 8.77653e-06 8.76774e-06 3.68807e-05 1.85808 3.81083
573 8.55514e-06 1.07742e-05 8.77653e-06 3.68549e-05 1.85901 3.8095
574 8.55656e-06 9.34792e-06 8.77653e-06 3.68549e-05 1.85901 3.8095
575 8.56672e-06 9.59707e-06 8.77653e-06 3.68549e-05 1.85901 3.8095
576 8.55703e-06 8.72256e-06 8.77653e-06 3.68549e-05 1.85901 3.8095
577 8.53638e-06 9.04217e-06 8.72256e-06 3.66665e-05 1.85329 3.79975
578 8.59034e-06 1.03343e-05 8.72256e-06 3.66665e-05 1.85329 3.79975
579 8.57729e-06 9.00786e-06 8.72256e-06 3.66665e-05 1.85329 3.79975
580 8.54666e-06 9.04435e-06 8.72256e-06 3.66665e-05 1.85329 3.79975
581 8.62093e-06 9.6817e-06 8.72256e-06 3.66665e-05 1.85329 3.79975
582 8.61209e-06 9.63588e-06 8.72256e-06 3.66665e-05 1.85329 3.79975
583 8.56718e-06 8.73188e-06 8.72256e-06 3.66665e-05 1.85329 3.79975
584 8.63092e-06 8.93456e-06 8.73188e-06 3.65798e-05 1.85427 3.79526
585 8.5974e-06 8.79115e-06 8.73188e-06 3.65798e-05 1.85427 3.79526
586 8.61936e-06 1.25778e-05 8.73188e-06 3.65798e-05 1.85427 3.79526
587 8.65082e-06 8.7602e-06 8.73188e-06 3.65798e-05 1.85427 3.79526
588 8.57835e-06 9.09012e-06 8.73188e-06 3.65798e-05 1.85427 3.79526
589 8.61886e-06 1.02249e-05 8.73188e-06 3.65798e-05 1.85427 3.79526
590 8.63463e-06 8.74237e-06 8.73188e-06 3.65798e-05 1.85427 3.79526
591 8.6106e-06 8.81062e-06 8.73188e-06 3.65798e-05 1.85427 3.79526
592 8.66065e-06 9.42389e-06 8.73188e-06 3.65798e-05 1.85427 3.79526
593 8.63675e-06 8.7766e-06 8.73188e-06 3.65798e-05 1.85427 3.79526
594 8.6608e-06 8.82044e-06 8.73188e-06 3.65798e-05 1.85427 3.79526
595 8.62498e-06 9.03532e-06 8.73188e-06 3.65798e-05 1.85427 3.79526
596 8.64456e-06 9.07372e-06 8.73188e-06 3.65798e-05 1.85427 3.79526
597 8.67236e-06 1.10552e-05 8.73188e-06 3.65798e-05 1.85427 3.79526
598 8.6453e-06 1.06262e-05 8.73188e-06 3.65798e-05 1.85427 3.79526
599 8.70461e-06 1.70724e-05 8.73188e-06 3.65798e-05 1.85427 3.79526
600 8.65197e-06 1.69824e-05 8.73188e-06 3.65798e-05 1.85427 3.79526
601 8.64207e-06 9.09778e-06 8.73188e-06 3.65798e-05 1.85427 3.79526
602 8.6989e-06 8.94144e-06 8.73188e-06 3.65798e-05 1.85427 3.79526
603 8.67095e-06 9.39314e-06 8.73188e-06 3.65798e-05 1.85427 3.79526
604 8.66735e-06 1.37138e-05 8.73188e-06 3.65798e-05 1.85427 3.79526
605 8.6913e-06 9.13337e-06 8.73188e-06 3.65798e-05 1.85427 3.79526
606 8.71341e-06 8.98501e-06 8.73188e-06 3.65798e-05 1.85427 3.79526
607 8.70359e-06 1.08349e-05 8.73188e-06 3.65798e-05 1.85427 3.79526
608 8.65836e-06 9.03136e-06 8.73188e-06 3.65798e-05 1.85427 3.79526
609 8.71889e-06 8.63436e-06 8.73188e-06 3.65798e-05 1.85427 3.79526
610 8.70936e-06 9.64542e-06 8.63436e-06 3.64255e-05 1.84389 3.78724
611 8.68492e-06 9.81414e-06 8.63436e-06 3.64255e-05 1.84389 3.78724
612 8.70294e-06 8.90418e-06 8.63436e-06 3.64255e-05 1.84389 3.78724
613 8.72075e-06 1.07685e-05 8.63436e-06 3.64255e-05 1.84389 3.78724
614 8.70493e-06 9.17995e-06 8.63436e-06 3.64255e-05 1.84389 3.78724
615 8.76035e-06 8.78538e-06 8.63436e-06 3.64255e-05 1.84389 3.78724
616 8.69761e-06 8.79329e-06 8.63436e-06 3.64255e-05 1.84389 3.78724
617 8.73247e-06 8.79732e-06 8.63436e-06 3.64255e-05 1.84389 3.78724
618 8.7117e-06 9.02086e-06 8.63436e-06 3.64255e-05 1.84389 3.78724
619 8.74345e-06 1.16185e-05 8.63436e-06 3.64255e-05 1.84389 3.78724
620 8.74665e-06 8.77525e-06 8.63436e-06 3.64255e-05 1.84389 3.78724
621 8.7364e-06 8.76067e-06 8.63436e-06 3.64255e-05 1.84389 3.78724
622 8.75112e-06 8.62918e-06 8.63436e-06 3.64255e-05 1.84389 3.78724
623 8.70072e-06 9.50108e-06 8.62918e-06 3.641e-05 1.84334 3.78644
624 8.80681e-06 1.09675e-05 8.62918e-06 3.641e-05 1.84334 3.78644
625 8.74652e-06 1.76157e-05 8.62918e-06 3.641e-05 1.84334 3.78644
626 8.73592e-06 1.34398e-05 8.62918e-06 3.641e-05 1.84334 3.78644
627 8.79448e-06 8.5729e-06 8.62918e-06 3.641e-05 1.84334 3.78644
628 8.72448e-06 1.00788e-05 8.5729e-06 3.62981e-05 1.83732 3.78061
629 8.78072e-06 1.21956e-05 8.5729e-06 3.62981e-05 1.83732 3.78061
630 8.75632e-06 8.61713e-06 8.5729e-06 3.62981e-05 1.83732 3.78061
631 8.78935e-06 1.44239e-05 8.5729e-06 3.62981e-05 1.83732 3.78061
632 8.72958e-06 1.0263e-05 8.5729e-06 3.62981e-05 1.83732 3.78061
633 8.8279e-06 1.14987e-05 8.5729e-06 3.62981e-05 1.83732 3.78061
634 8.74106e-06 1.04629e-05 8.5729e-06 3.62981e-05 1.83732 3.78061
635 8.78629e-06 1.00724e-05 8.5729e-06 3.62981e-05 1.83732 3.78061
636 8.7667e-06 1.03941e-05 8.5729e-06 3.62981e-05 1.83732 3.78061
637 8.79465e-06 9.77328e-06 8.5729e-06 3.62981e-05 1.83732 3.78061
638 8.79405e-06 1.04394e-05 8.5729e-06 3.62981e-05 1.83732 3.78061
639 8.79684e-06 2.28923e-05 8.5729e-06 3.62981e-05 1.83732 3.78061
640 8.83972e-06 1.00798e-05 8.5729e-06 3.62981e-05 1.83732 3.78061
641 8.82131e-06 8.85425e-06 8.5729e-06 3.62981e-05 1.83732 3.78061
642 8.81577e-06 9.53251e-06 8.5729e-06 3.62981e-05 1.83732 3.78061
643 8.8009e-06 9.81982e-06 8.5729e-06 3.62981e-05 1.83732 3.78061
644 8.8129e-06 9.53429e-06 8.5729e-06 3.62981e-05 1.83732 3.78061
645 8.80967e-06 1.01152e-05 8.5729e-06 3.62981e-05 1.83732 3.78061
646 8.86776e-06 8.82655e-06 8.5729e-06 3.62981e-05 1.83732 3.78061
647 8.75382e-06 8.98299e-06 8.5729e-06 3.62981e-05 1.83732 3.78061
648 8.84534e-06 9.09865e-06 8.5729e-06 3.62981e-05 1.83732 3.78061
649 8.77564e-06 1.18995e-05 8.5729e-06 3.62981e-05 1.83732 3.78061
650 8.92097e-06 9.13203e-06 8.5729e-06 3.62981e-05 1.83732 3.78061
651 8.76767e-06 9.0892e-06 8.5729e-06 3.62981e-05 1.83732 3.78061
652 8.85157e-06 8.79125e-06 8.5729e-06 3.62981e-05 1.83732 3.78061
653 8.83466e-06 1.11313e-05 8.5729e-06 3.62981e-05 1.83732 3.78061
654 8.86779e-06 1.3701e-05 8.5729e-06 3.62981e-05 1.83732 3.78061
655 8.82119e-06 1.07581e-05 8.5729e-06 3.62981e-05 1.83732 3.78061
656 8.89386e-06 8.70054e-06 8.5729e-06 3.62981e-05 1.83732 3.78061
657 8.83391e-06 1.21313e-05 8.5729e-06 3.62981e-05 1.83732 3.78061
658 8.83997e-06 1.0919e-05 8.5729e-06 3.62981e-05 1.83732 3.78061
659 8.86146e-06 1.01499e-05 8.5729e-06 3.62981e-05 1.83732 3.78061
660 8.86477e-06 8.89466e-06 8.5729e-06 3.62981e-05 1.83732 3.78061
661 8.8468e-06 8.95111e-06 8.5729e-06 3.62981e-05 1.83732 3.78061
662 8.86931e-06 2.32237e-05 8.5729e-06 3.62981e-05 1.83732 3.78061
663 8.83193e-06 8.93185e-06 8.5729e-06 3.62981e-05 1.83732 3.78061
664 8.86262e-06 1.14367e-05 8.5729e-06 3.62981e-05 1.83732 3.78061
665 8.8698e-06 8.90208e-06 8.5729e-06 3.62981e-05 1.83732 3.78061
666 8.89061e-06 8.98725e-06 8.5729e-06 3.62981e-05 1.83732 3.78061
667 8.86572e-06 1.42517e-05 8.5729e-06 3.62981e-05 1.83732 3.78061
668 7.02153e-06 8.34628e-06 8.5729e-06 3.62981e-05 1.83732 3.78061
669 7.16555e-06 8.32666e-06 8.34628e-06 3.57806e-05 1.81287 3.75357
670 7.18761e-06 8.39321e-06 8.32666e-06 3.57241e-05 1.81074 3.7506
671 7.16791e-06 9.4225e-06 8.32666e-06 3.57241e-05 1.81074 3.7506
672 7.19312e-06 1.10292e-05 8.32666e-06 3.57241e-05 1.81074 3.7506
673 7.18899e-06 1.14671e-05 8.32666e-06 3.57241e-05 1.81074 3.7506
674 7.18746e-06 8.71256e-06 8.32666e-06 3.57241e-05 1.81074 3.7506
675 7.17656e-06 8.23976e-06 8.32666e-06 3.57241e-05 1.81074 3.7506
676 7.19333e-06 8.50395e-06 8.23976e-06 3.56869e-05 1.80126 3.74865
677 7.18204e-06 8.5793e-06 8.23976e-06 3.56869e-05 1.80126 3.74865
678 7.22524e-06 9.08174e-06 8.23976e-06 3.56869e-05 1.80126 3.74865
679 7.21183e-06 1.25841e-05 8.23976e-06 3.56869e-05 1.80126 3.74865
680 7.22318e-06 8.26034e-06 8.23976e-06 3.56869e-05 1.80126 3.74865
681 7.22824e-06 8.53866e-06 8.26034e-06 3.55121e-05 1.80351 3.73946
682 7.22663e-06 9.1213e-06 8.26034e-06 3.55121e-05 1.80351 3.73946
683 7.2203e-06 9.16126e-06 8.26034e-06 3.55121e-05 1.80351 3.73946
684 7.22618e-06 8.40717e-06 8.26034e-06 3.55121e-05 1.80351 3.73946
685 7.22414e-06 8.43124e-06 8.26034e-06 3.55121e-05 1.80351 3.73946
686 7.23311e-06 8.49375e-06 8.26034e-06 3.55121e-05 1.80351 3.73946
687 7.23114e-06 9.51979e-06 8.26034e-06 3.55121e-05 1.80351 3.73946
688 7.24834e-06 8.32407e-06 8.26034e-06 3.55121e-05 1.80351 3.73946
689 7.22985e-06 1.02696e-05 8.26034e-06 3.55121e-05 1.80351 3.73946
690 7.24537e-06 8.48344e-06 8.26034e-06 3.55121e-05 1.80351 3.73946
691 7.26813e-06 8.44618e-06 8.26034e-06 3.55121e-05 1.80351 3.73946
692 7.2513e-06 9.77596e-06 8.26034e-06 3.55121e-05 1.80351 3.73946
693 7.26737e-06 8.32312e-06 8.26034e-06 3.55121e-05 1.80351 3.73946
694 7.23612e-06 9.51415e-06 8.26034e-06 3.55121e-05 1.80351 3.73946
695 7.27669e-06 9.34942e-06 8.26034e-06 3.55121e-05 1.80351 3.73946
696 7.24657e-06 8.31968e-06 8.26034e-06 3.55121e-05 1.80351 3.73946
697 7.27766e-06 8.73197e-06 8.31968e-06 3.53712e-05 1.80998 3.73203
698 7.26667e-06 8.86977e-06 8.31968e-06 3.53712e-05 1.80998 3.73203
699 7.28863e-06 8.75845e-06 8.31968e-06 3.53712e-05 1.80998 3.73203
700 7.27575e-06 8.40644e-06 8.31968e-06 3.53712e-05 1.80998 3.73203
701 7.28623e-06 8.33728e-06 8.31968e-06 3.53712e-05 1.80998 3.73203
702 7.28093e-06 9.06597e-06 8.31968e-06 3.53712e-05 1.80998 3.73203
703 7.29091e-06 9.04425e-06 8.31968e-06 3.53712e-05 1.80998 3.73203
704 7.28726e-06 8.79376e-06 8.31968e-06 3.53712e-05 1.80998 3.73203
705 7.28697e-06 8.31313e-06 8.31968e-06 3.53712e-05 1.80998 3.73203
706 7.31829e-06 8.28854e-06 8.31313e-06 3.5272e-05 1.80927 3.72679
707 7.28992e-06 8.44552e-06 8.31313e-06 3.5272e-05 1.80927 3.72679
708 7.3233e-06 9.50258e-06 8.31313e-06 3.5272e-05 1.80927 3.72679
709 7.31923e-06 8.4324e-06 8.31313e-06 3.5272e-05 1.80927 3.72679
710 7.29479e-06 8.24945e-06 8.31313e-06 3.5272e-05 1.80927 3.72679
711 7.31318e-06 8.50959e-06 8.24945e-06 3.53097e-05 1.80232 3.72879
712 7.31354e-06 8.42903e-06 8.24945e-06 3.53097e-05 1.80232 3.72879
713 7.32179e-06 9.11664e-06 8.24945e-06 3.53097e-05 1.80232 3.72879
714 7.32459e-06 1.01996e-05 8.24945e-06 3.53097e-05 1.80232 3.72879
715 7.33731e-06 9.54948e-06 8.24945e-06 3.53097e-05 1.80232 3.72879
716 7.36677e-06 9.05817e-06 8.24945e-06 3.53097e-05 1.80232 3.72879
717 7.29289e-06 1.08115e-05 8.24945e-06 3.53097e-05 1.80232 3.72879
718 7.36492e-06 9.59132e-06 8.24945e-06 3.53097e-05 1.80232 3.72879
719 7.37214e-06 8.37809e-06 8.24945e-06 3.53097e-05 1.80232 3.72879
720 7.34392e-06 8.66819e-06 8.24945e-06 3.53097e-05 1.80232 3.72879
721 7.32788e-06 8.4603e-06 8.24945e-06 3.53097e-05 1.80232 3.72879
722 7.34731e-06 8.47214e-06 8.24945e-06 3.53097e-05 1.80232 3.72879
723 7.35228e-06 9.02653e-06 8.24945e-06 3.53097e-05 1.80232 3.72879
724 7.34692e-06 8.58842e-06 8.24945e-06 3.53097e-05 1.80232 3.72879
725 7.35115e-06 8.71605e-06 8.24945e-06 3.53097e-05 1.80232 3.72879
726 7.36535e-06 8.4185e-06 8.24945e-06 3.53097e-05 1.80232 3.72879
727 7.35691e-06 1.05705e-05 8.24945e-06 3.53097e-05 1.80232 3.72879
728 7.35795e-06 9.72453e-06 8.24945e-06 3.53097e-05 1.80232 3.72879
729 7.386e-06 8.50813e-06 8.24945e-06 3.53097e-05 1.80232 3.72879
730 7.35752e-06 8.46898e-06 8.24945e-06 3.53097e-05 1.80232 3.72879
731 7.378e-06 8.37778e-06 8.24945e-06 3.53097e-05 1.80232 3.72879
732 7.37826e-06 8.5316e-06 8.24945e-06 3.53097e-05 1.80232 3.72879
733 7.39682e-06 8.56668e-06 8.24945e-06 3.53097e-05 1.80232 3.72879
734 7.38785e-06 8.97502e-06 8.24945e-06 3.53097e-05 1.80232 3.72879
735 7.37295e-06 8.77398e-06 8.24945e-06 3.53097e-05 1.80232 3.72879
736 7.39237e-06 8.18433e-06 8.24945e-06 3.53097e-05 1.80232 3.72879
737 7.39457e-06 8.38921e-06 8.18433e-06 3.51694e-05 1.7952 3.72137
738 7.38342e-06 9.21334e-06 8.18433e-06 3.51694e-05 1.7952 3.72137
739 7.40266e-06 1.31295e-05 8.18433e-06 3.51694e-05 1.7952 3.72137
740 7.41415e-06 1.0091e-05 8.18433e-06 3.51694e-05 1.7952 3.72137
741 7.40309e-06 9.01243e-06 8.18433e-06 3.51694e-05 1.7952 3.72137
742 7.41684e-06 9.30398e-06 8.18433e-06 3.51694e-05 1.7952 3.72137
743 7.41027e-06 8.55375e-06 8.18433e-06 3.51694e-05 1.7952 3.72137
744 7.40945e-06 8.57054e-06 8.18433e-06 3.51694e-05 1.7952 3.72137
745 7.42223e-06 8.97923e-06 8.18433e-06 3.51694e-05 1.7952 3.72137
746 7.38831e-06 1.03695e-05 8.18433e-06 3.51694e-05 1.7952 3.72137
747 7.44008e-06 9.36749e-06 8.18433e-06 3.51694e-05 1.7952 3.72137
748 7.4183e-06 9.38051e-06 8.18433e-06 3.51694e-05 1.7952 3.72137
749 7.43325e-06 8.43805e-06 8.18433e-06 3.51694e-05 1.7952 3.72137
750 7.42024e-06 8.41598e-06 8.18433e-06 3.51694e-05 1.7952 3.72137
751 7.44931e-06 8.79696e-06 8.18433e-06 3.51694e-05 1.7952 3.72137
752 7.43389e-06 1.1341e-05 8.18433e-06 3.51694e-05 1.7952 3.72137
753 7.42454e-06 8.63601e-06 8.18433e-06 3.51694e-05 1.7952 3.72137
754 7.44107e-06 9.02136e-06 8.18433e-06 3.51694e-05 1.7952 3.72137
755 7.44012e-06 8.68139e-06 8.18433e-06 3.51694e-05 1.7952 3.72137
756 7.46358e-06 8.63154e-06 8.18433e-06 3.51694e-05 1.7952 3.72137
757 7.44519e-06 1.00148e-05 8.18433e-06 3.51694e-05 1.7952 3.72137
758 7.41786e-06 8.78463e-06 8.18433e-06 3.51694e-05 1.7952 3.72137
759 7.4771e-06 8.42183e-06 8.18433e-06 3.51694e-05 1.7952 3.72137
760 7.45969e-06 8.29009e-06 8.18433e-06 3.51694e-05 1.7952 3.72137
761 7.44919e-06 8.32791e-06 8.18433e-06 3.51694e-05 1.7952 3.72137
762 7.47655e-06 9.14866e-06 8.18433e-06 3.51694e-05 1.7952 3.72137
763 7.49145e-06 1.00323e-05 8.18433e-06 3.51694e-05 1.7952 3.72137
764 7.43616e-06 8.87971e-06 8.18433e-06 3.51694e-05 1.7952 3.72137
765 7.45794e-06 1.02264e-05 8.18433e-06 3.51694e-05 1.7952 3.72137
766 7.47564e-06 9.18757e-06 8.18433e-06 3.51694e-05 1.7952 3.72137
767 7.49938e-06 1.04586e-05 8.18433e-06 3.51694e-05 1.7952 3.72137
768 7.45666e-06 8.53969e-06 8.18433e-06 3.51694e-05 1.7952 3.72137
769 7.49725e-06 1.34379e-05 8.18433e-06 3.51694e-05 1.7952 3.72137
770 7.47529e-06 8.99756e-06 8.18433e-06 3.51694e-05 1.7952 3.72137
771 7.48695e-06 8.45276e-06 8.18433e-06 3.51694e-05 1.7952 3.72137
772 7.47793e-06 8.3851e-06 8.18433e-06 3.51694e-05 1.7952 3.72137
773 7.50517e-06 8.30322e-06 8.18433e-06 3.51694e-05 1.7952 3.72137
774 7.4874e-06 8.43035e-06 8.30322e-06 3.49313e-05 1.80819 3.70875
775 7.4937e-06 1.05011e-05 8.30322e-06 3.49313e-05 1.80819 3.70875
776 7.49182e-06 8.78224e-06 8.30322e-06 3.49313e-05 1.80819 3.70875
777 7.50785e-06 8.36211e-06 8.30322e-06 3.49313e-05 1.80819 3.70875
778 7.50307e-06 9.44686e-06 8.30322e-06 3.49313e-05 1.80819 3.70875
779 7.50375e-06 8.95198e-06 8.30322e-06 3.49313e-05 1.80819 3.70875
780 7.51158e-06 9.03179e-06 8.30322e-06 3.49313e-05 1.80819 3.70875
781 7.52994e-06 8.30315e-06 8.30322e-06 3.49313e-05 1.80819 3.70875
782 7.49996e-06 9.00795e-06 8.30322e-06 3.49313e-05 1.80819 3.70875
783 7.48904e-06 1.14203e-05 8.30322e-06 3.49313e-05 1.80819 3.70875
784 7.51419e-06 9.63802e-06 8.30322e-06 3.49313e-05 1.80819 3.70875
785 7.51227e-06 8.77067e-06 8.30322e-06 3.49313e-05 1.80819 3.70875
786 7.53616e-06 8.31374e-06 8.30322e-06 3.49313e-05 1.80819 3.70875
787 7.5046e-06 9.58008e-06 8.30322e-06 3.49313e-05 1.80819 3.70875
788 7.53846e-06 8.57178e-06 8.30322e-06 3.49313e-05 1.80819 3.70875
789 7.52067e-06 9.15214e-06 8.30322e-06 3.49313e-05 1.80819 3.70875
790 7.52326e-06 8.66571e-06 8.30322e-06 3.49313e-05 1.80819 3.70875
791 7.53292e-06 8.46161e-06 8.30322e-06 3.49313e-05 1.80819 3.70875
792 7.55659e-06 1.22867e-05 8.30322e-06 3.49313e-05 1.80819 3.70875
793 7.5065e-06 1.21729e-05 8.30322e-06 3.49313e-05 1.80819 3.70875
794 7.54322e-06 8.69299e-06 8.30322e-06 3.49313e-05 1.80819 3.70875
795 7.542e-06 8.36071e-06 8.30322e-06 3.49313e-05 1.80819 3.70875
796 7.54123e-06 8.54235e-06 8.30322e-06 3.49313e-05 1.80819 3.70875
797 7.55748e-06 9.20175e-06 8.30322e-06 3.49313e-05 1.80819 3.70875
798 7.53806e-06 9.10577e-06 8.30322e-06 3.49313e-05 1.80819 3.70875
799 7.52202e-06 8.40948e-06 8.30322e-06 3.49313e-05 1.80819 3.70875
800 7.55385e-06 1.02908e-05 8.30322e-06 3.49313e-05 1.80819 3.70875
801 7.53136e-06 1.00097e-05 8.30322e-06 3.49313e-05 1.80819 3.70875
802 7.56867e-06 8.49213e-06 8.30322e-06 3.49313e-05 1.80819 3.70875
803 7.55362e-06 8.5397e-06 8.30322e-06 3.49313e-05 1.80819 3.70875
804 7.57555e-06 9.64717e-06 8.30322e-06 3.49313e-05 1.80819 3.70875
805 7.54783e-06 8.71804e-06 8.30322e-06 3.49313e-05 1.80819 3.70875
806 7.54555e-06 8.24677e-06 8.30322e-06 3.49313e-05 1.80819 3.70875
807 7.57095e-06 8.62879e-06 8.24677e-06 3.49647e-05 1.80203 3.71052
808 7.57627e-06 8.68626e-06 8.24677e-06 3.49647e-05 1.80203 3.71052
809 7.57229e-06 8.79395e-06 8.24677e-06 3.49647e-05 1.80203 3.71052
810 7.57918e-06 9.51256e-06 8.24677e-06 3.49647e-05 1.80203 3.71052
811 7.55571e-06 8.99413e-06 8.24677e-06 3.49647e-05 1.80203 3.71052
812 7.58135e-06 8.69743e-06 8.24677e-06 3.49647e-05 1.80203 3.71052
813 7.54745e-06 8.88411e-06 8.24677e-06 3.49647e-05 1.80203 3.71052
814 7.59486e-06 1.0129e-05 8.24677e-06 3.49647e-05 1.80203 3.71052
815 7.58106e-06 1.523e-05 8.24677e-06 3.49647e-05 1.80203 3.71052
816 7.56292e-06 8.48656e-06 8.24677e-06 3.49647e-05 1.80203 3.71052
817 7.58825e-06 9.12841e-06 8.24677e-06 3.49647e-05 1.80203 3.71052
818 7.60288e-06 8.4816e-06 8.24677e-06 3.49647e-05 1.80203 3.71052
819 7.5858e-06 8.869e-06 8.24677e-06 3.49647e-05 1.80203 3.71052
820 7.58452e-06 8.69292e-06 8.24677e-06 3.49647e-05 1.80203 3.71052
821 7.61448e-06 9.87248e-06 8.24677e-06 3.49647e-05 1.80203 3.71052
822 7.59672e-06 8.63914e-06 8.24677e-06 3.49647e-05 1.80203 3.71052
823 7.58972e-06 8.8271e-06 8.24677e-06 3.49647e-05 1.80203 3.71052
824 7.6244e-06 8.25137e-06 8.24677e-06 3.49647e-05 1.80203 3.71052
825 7.57097e-06 8.83141e-06 8.25137e-06 3.49434e-05 1.80253 3.70939
826 7.58802e-06 8.4644e-06 8.25137e-06 3.49434e-05 1.80253 3.70939
827 7.60102e-06 8.56087e-06 8.25137e-06 3.49434e-05 1.80253 3.70939
828 7.60242e-06 1.23281e-05 8.25137e-06 3.49434e-05 1.80253 3.70939
829 7.60348e-06 8.64359e-06 8.25137e-06 3.49434e-05 1.80253 3.70939
830 7.60276e-06 9.53096e-06 8.25137e-06 3.49434e-05 1.80253 3.70939
831 7.61316e-06 8.51779e-06 8.25137e-06 3.49434e-05 1.80253 3.70939
832 7.60475e-06 8.35963e-06 8.25137e-06 3.49434e-05 1.80253 3.70939
833 7.627e-06 8.63402e-06 8.25137e-06 3.49434e-05 1.80253 3.70939
834 7.60263e-06 8.33843e-06 8.25137e-06 3.49434e-05 1.80253 3.70939
835 7.62519e-06 9.04508e-06 8.25137e-06 3.49434e-05 1.80253 3.70939
836 7.6509e-06 8.24551e-06 8.25137e-06 3.49434e-05 1.80253 3.70939
837 7.6319e-06 9.42519e-06 8.24551e-06 3.49204e-05 1.80189 3.70817
838 7.60872e-06 9.3375e-06 8.24551e-06 3.49204e-05 1.80189 3.70817
839 7.62842e-06 8.59754e-06 8.24551e-06 3.49204e-05 1.80189 3.70817
840 7.63131e-06 8.70078e-06 8.24551e-06 3.49204e-05 1.80189 3.70817
841 7.61422e-06 8.46839e-06 8.24551e-06 3.49204e-05 1.80189 3.70817
842 7.63072e-06 8.4023e-06 8.24551e-06 3.49204e-05 1.80189 3.70817
843 7.62487e-06 1.21429e-05 8.24551e-06 3.49204e-05 1.80189 3.70817
844 7.6263e-06 8.31923e-06 8.24551e-06 3.49204e-05 1.80189 3.70817
845 7.63423e-06 8.40692e-06 8.24551e-06 3.49204e-05 1.80189 3.70817
846 7.65568e-06 8.60348e-06 8.24551e-06 3.49204e-05 1.80189 3.70817
847 7.62683e-06 1.06213e-05 8.24551e-06 3.49204e-05 1.80189 3.70817
848 7.64984e-06 1.43708e-05 8.24551e-06 3.49204e-05 1.80189 3.70817
849 7.62578e-06 8.27271e-06 8.24551e-06 3.49204e-05 1.80189 3.70817
850 7.66816e-06 1.00342e-05 8.27271e-06 3.48135e-05 1.80486 3.70249
851 7.63273e-06 8.28721e-06 8.27271e-06 3.48135e-05 1.80486 3.70249
852 7.64663e-06 1.0197e-05 8.27271e-06 3.48135e-05 1.80486 3.70249
853 7.69371e-06 8.45112e-06 8.27271e-06 3.48135e-05 1.80486 3.70249
854 7.66717e-06 8.30284e-06 8.27271e-06 3.48135e-05 1.80486 3.70249
855 7.61477e-06 8.97417e-06 8.27271e-06 3.48135e-05 1.80486 3.70249
856 7.67064e-06 8.85243e-06 8.27271e-06 3.48135e-05 1.80486 3.70249
857 7.66027e-06 1.00624e-05 8.27271e-06 3.48135e-05 1.80486 3.70249
858 7.63466e-06 8.70269e-06 8.27271e-06 3.48135e-05 1.80486 3.70249
859 7.64336e-06 8.61173e-06 8.27271e-06 3.48135e-05 1.80486 3.70249
860 7.69653e-06 8.24855e-06 8.27271e-06 3.48135e-05 1.80486 3.70249
861 7.66283e-06 8.59054e-06 8.27271e-06 3.48135e-05 1.80486 3.70249
862 7.63643e-06 8.50905e-06 8.27271e-06 3.48135e-05 1.80486 3.70249
863 7.68404e-06 8.46163e-06 8.27271e-06 3.48135e-05 1.80486 3.70249
864 7.65912e-06 8.89404e-06 8.27271e-06 3.48135e-05 1.80486 3.70249
865 7.66857e-06 8.30916e-06 8.27271e-06 3.48135e-05 1.80486 3.70249
866 7.67644e-06 8.84427e-06 8.27271e-06 3.48135e-05 1.80486 3.70249
867 7.69947e-06 1.84425e-05 8.27271e-06 3.48135e-05 1.80486 3.70249
868 7.67681e-06 8.88813e-06 8.27271e-06 3.48135e-05 1.80486 3.70249
869 7.67076e-06 8.3802e-06 8.27271e-06 3.48135e-05 1.80486 3.70249
870 7.66749e-06 9.20121e-06 8.27271e-06 3.48135e-05 1.80486 3.70249
871 7.70849e-06 8.55739e-06 8.27271e-06 3.48135e-05 1.80486 3.70249
872 7.65872e-06 8.89094e-06 8.27271e-06 3.48135e-05 1.80486 3.70249
873 7.67176e-06 1.31965e-05 8.27271e-06 3.48135e-05 1.80486 3.70249
874 7.68224e-06 8.78692e-06 8.27271e-06 3.48135e-05 1.80486 3.70249
875 7.70163e-06 8.51026e-06 8.27271e-06 3.48135e-05 1.80486 3.70249
876 7.70814e-06 8.38562e-06 8.27271e-06 3.48135e-05 1.80486 3.70249
877 7.68019e-06 8.45442e-06 8.27271e-06 3.48135e-05 1.80486 3.70249
878 7.6763e-06 9.19313e-06 8.27271e-06 3.48135e-05 1.80486 3.70249
879 7.70828e-06 8.6461e-06 8.27271e-06 3.48135e-05 1.80486 3.70249
880 7.67534e-06 1.12104e-05 8.27271e-06 3.48135e-05 1.80486 3.70249
881 7.68635e-06 9.37253e-06 8.27271e-06 3.48135e-05 1.80486 3.70249
882 7.72716e-06 9.89859e-06 8.27271e-06 3.48135e-05 1.80486 3.70249
883 7.70536e-06 9.40194e-06 8.27271e-06 3.48135e-05 1.80486 3.70249
884 7.69898e-06 8.37016e-06 8.27271e-06 3.48135e-05 1.80486 3.70249
885 7.70435e-06 9.44799e-06 8.27271e-06 3.48135e-05 1.80486 3.70249
886 7.70782e-06 9.21505e-06 8.27271e-06 3.48135e-05 1.80486 3.70249
887 7.69943e-06 8.33778e-06 8.27271e-06 3.48135e-05 1.80486 3.70249
888 7.70193e-06 9.94378e-06 8.27271e-06 3.48135e-05 1.80486 3.70249
889 7.71614e-06 9.17955e-06 8.27271e-06 3.48135e-05 1.80486 3.70249
890 6.70275e-06 8.2471e-06 8.27271e-06 3.48135e-05 1.80486 3.70249
891 6.78375e-06 8.34149e-06 8.2471e-06 3.46833e-05 1.80207 3.69556
892 6.77989e-06 8.23004e-06 8.2471e-06 3.46833e-05 1.80207 3.69556
893 6.76803e-06 8.21774e-06 8.23004e-06 3.45757e-05 1.8002 3.68982
894 6.78593e-06 8.11055e-06 8.23004e-06 3.45757e-05 1.8002 3.68982
895 6.78483e-06 8.27869e-06 8.11055e-06 3.46264e-05 1.78709 3.69253
896 6.78844e-06 8.67232e-06 8.11055e-06 3.46264e-05 1.78709 3.69253
897 6.78127e-06 8.30705e-06 8.11055e-06 3.46264e-05 1.78709 3.69253
898 6.80117e-06 8.16329e-06 8.11055e-06 3.46264e-05 1.78709 3.69253
899 6.79955e-06 9.03127e-06 8.11055e-06 3.46264e-05 1.78709 3.69253
900 6.8079e-06 8.29971e-06 8.11055e-06 3.46264e-05 1.78709 3.69253
901 6.80583e-06 8.87803e-06 8.11055e-06 3.46264e-05 1.78709 3.69253
902 6.81097e-06 8.4316e-06 8.11055e-06 3.46264e-05 1.78709 3.69253
903 6.82803e-06 8.2721e-06 8.11055e-06 3.46264e-05 1.78709 3.69253
904 6.80683e-06 8.11891e-06 8.11055e-06 3.46264e-05 1.78709 3.69253
905 6.81404e-06 8.09701e-06 8.11891e-06 3.45408e-05 1.78801 3.68796
906 6.84029e-06 8.68932e-06 8.09701e-06 3.45039e-05 1.78559 3.68599
907 6.81631e-06 8.67223e-06 8.09701e-06 3.45039e-05 1.78559 3.68599
908 6.83009e-06 8.27327e-06 8.09701e-06 3.45039e-05 1.78559 3.68599
909 6.84176e-06 8.19894e-06 8.09701e-06 3.45039e-05 1.78559 3.68599
910 6.84282e-06 8.30991e-06 8.09701e-06 3.45039e-05 1.78559 3.68599
911 6.82693e-06 8.23681e-06 8.09701e-06 3.45039e-05 1.78559 3.68599
912 6.84925e-06 8.42576e-06 8.09701e-06 3.45039e-05 1.78559 3.68599
913 6.85103e-06 8.55841e-06 8.09701e-06 3.45039e-05 1.78559 3.68599
914 6.8553e-06 9.31038e-06 8.09701e-06 3.45039e-05 1.78559 3.68599
915 6.83623e-06 8.38348e-06 8.09701e-06 3.45039e-05 1.78559 3.68599
916 6.85428e-06 8.15644e-06 8.09701e-06 3.45039e-05 1.78559 3.68599
917 6.84857e-06 8.09109e-06 8.09701e-06 3.45039e-05 1.78559 3.68599
918 6.87516e-06 9.19362e-06 8.09109e-06 3.44958e-05 1.78494 3.68556
919 6.87556e-06 8.91623e-06 8.09109e-06 3.44958e-05 1.78494 3.68556
920 6.88741e-06 8.22849e-06 8.09109e-06 3.44958e-05 1.78494 3.68556
921 6.85866e-06 8.28526e-06 8.09109e-06 3.44958e-05 1.78494 3.68556
922 6.87846e-06 8.72996e-06 8.09109e-06 3.44958e-05 1.78494 3.68556
923 6.87111e-06 8.25431e-06 8.09109e-06 3.44958e-05 1.78494 3.68556
924 6.88102e-06 8.1714e-06 8.09109e-06 3.44958e-05 1.78494 3.68556
925 6.88112e-06 8.35003e-06 8.09109e-06 3.44958e-05 1.78494 3.68556
926 6.89003e-06 8.16684e-06 8.09109e-06 3.44958e-05 1.78494 3.68556
927 6.90243e-06 8.60328e-06 8.09109e-06 3.44958e-05 1.78494 3.68556
928 6.90018e-06 1.00462e-05 8.09109e-06 3.44958e-05 1.78494 3.68556
929 6.89081e-06 9.56719e-06 8.09109e-06 3.44958e-05 1.78494 3.68556
930 6.91252e-06 8.08345e-06 8.09109e-06 3.44958e-05 1.78494 3.68556
931 6.91654e-06 8.47553e-06 8.08345e-06 3.44771e-05 1.7841 3.68456
932 6.89508e-06 8.68885e-06 8.08345e-06 3.44771e-05 1.7841 3.68456
933 6.9035e-06 9.6093e-06 8.08345e-06 3.44771e-05 1.7841 3.68456
934 6.90424e-06 9.72253e-06 8.08345e-06 3.44771e-05 1.7841 3.68456
935 6.90317e-06 8.48771e-06 8.08345e-06 3.44771e-05 1.7841 3.68456
936 6.91484e-06 8.26558e-06 8.08345e-06 3.44771e-05 1.7841 3.68456
937 6.92054e-06 8.41705e-06 8.08345e-06 3.44771e-05 1.7841 3.68456
938 6.91942e-06 8.22293e-06 8.08345e-06 3.44771e-05 1.7841 3.68456
939 6.92032e-06 1.18799e-05 8.08345e-06 3.44771e-05 1.7841 3.68456
940 6.92333e-06 8.52218e-06 8.08345e-06 3.44771e-05 1.7841 3.68456
941 6.93878e-06 9.65182e-06 8.08345e-06 3.44771e-05 1.7841 3.68456
942 6.91549e-06 8.59828e-06 8.08345e-06 3.44771e-05 1.7841 3.68456
943 6.92886e-06 8.42983e-06 8.08345e-06 3.44771e-05 1.7841 3.68456
944 6.93891e-06 1.06591e-05 8.08345e-06 3.44771e-05 1.7841 3.68456
945 6.93803e-06 8.33766e-06 8.08345e-06 3.44771e-05 1.7841 3.68456
946 6.94738e-06 8.98973e-06 8.08345e-06 3.44771e-05 1.7841 3.68456
947 6.94491e-06 8.4122e-06 8.08345e-06 3.44771e-05 1.7841 3.68456
948 6.95392e-06 8.66586e-06 8.08345e-06 3.44771e-05 1.7841 3.68456
949 6.96112e-06 1.03486e-05 8.08345e-06 3.44771e-05 1.7841 3.68456
950 6.94927e-06 8.35739e-06 8.08345e-06 3.44771e-05 1.7841 3.68456
951 6.96425e-06 8.35742e-06 8.08345e-06 3.44771e-05 1.7841 3.68456
952 6.95707e-06 8.12562e-06 8.08345e-06 3.44771e-05 1.7841 3.68456
953 6.97832e-06 8.4908e-06 8.08345e-06 3.44771e-05 1.7841 3.68456
954 6.95736e-06 8.40436e-06 8.08345e-06 3.44771e-05 1.7841 3.68456
955 6.96493e-06 8.6906e-06 8.08345e-06 3.44771e-05 1.7841 3.68456
956 6.96189e-06 8.25721e-06 8.08345e-06 3.44771e-05 1.7841 3.68456
957 6.9729e-06 8.27775e-06 8.08345e-06 3.44771e-05 1.7841 3.68456
958 6.96474e-06 8.74245e-06 8.08345e-06 3.44771e-05 1.7841 3.68456
959 7.00718e-06 8.13046e-06 8.08345e-06 3.44771e-05 1.7841 3.68456
960 6.95347e-06 9.4283e-06 8.08345e-06 3.44771e-05 1.7841 3.68456
961 6.99097e-06 8.6082e-06 8.08345e-06 3.44771e-05 1.7841 3.68456
962 6.99126e-06 9.19776e-06 8.08345e-06 3.44771e-05 1.7841 3.68456
963 6.97526e-06 8.4776e-06 8.08345e-06 3.44771e-05 1.7841 3.68456
964 6.996e-06 8.42765e-06 8.08345e-06 3.44771e-05 1.7841 3.68456
965 6.99097e-06 8.44463e-06 8.08345e-06 3.44771e-05 1.7841 3.68456
966 7.0002e-06 8.56138e-06 8.08345e-06 3.44771e-05 1.7841 3.68456
967 6.98331e-06 8.45482e-06 8.08345e-06 3.44771e-05 1.7841 3.68456
968 7.01341e-06 8.3423e-06 8.08345e-06 3.44771e-05 1.7841 3.68456
969 7.00388e-06 1.03907e-05 8.08345e-06 3.44771e-05 1.7841 3.68456
970 7.01333e-06 8.31833e-06 8.08345e-06 3.44771e-05 1.7841 3.68456
971 6.5234e-06 8.02307e-06 8.08345e-06 3.44771e-05 1.7841 3.68456
972 6.55955e-06 8.00796e-06 8.02307e-06 3.43553e-05 1.77742 3.67805
973 6.55884e-06 8.1448e-06 8.00796e-06 3.43659e-05 1.77575 3.67861
974 6.56785e-06 8.19377e-06 8.00796e-06 3.43659e-05 1.77575 3.67861
975 6.57179e-06 8.49497e-06 8.00796e-06 3.43659e-05 1.77575 3.67861
976 6.57413e-06 8.03471e-06 8.00796e-06 3.43659e-05 1.77575 3.67861
977 6.58612e-06 8.30936e-06 8.00796e-06 3.43659e-05 1.77575 3.67861
978 6.58824e-06 8.06676e-06 8.00796e-06 3.43659e-05 1.77575 3.67861
979 6.58941e-06 8.06477e-06 8.00796e-06 3.43659e-05 1.77575 3.67861
980 6.59844e-06 8.0737e-06 8.00796e-06 3.43659e-05 1.77575 3.67861
981 6.58894e-06 8.10487e-06 8.00796e-06 3.43659e-05 1.77575 3.67861
982 6.60268e-06 8.03702e-06 8.00796e-06 3.43659e-05 1.77575 3.67861
983 6.59978e-06 8.08297e-06 8.00796e-06 3.43659e-05 1.77575 3.67861
984 6.60443e-06 8.25895e-06 8.00796e-06 3.43659e-05 1.77575 3.67861
985 6.61688e-06 8.16133e-06 8.00796e-06 3.43659e-05 1.77575 3.67861
986 6.60789e-06 8.20681e-06 8.00796e-06 3.43659e-05 1.77575 3.67861
987 6.6251e-06 8.31761e-06 8.00796e-06 3.43659e-05 1.77575 3.67861
988 6.6214e-06 8.06128e-06 8.00796e-06 3.43659e-05 1.77575 3.67861
989 6.62096e-06 8.17067e-06 8.00796e-06 3.43659e-05 1.77575 3.67861
990 6.63996e-06 8.19352e-06 8.00796e-06 3.43659e-05 1.77575 3.67861
991 6.63955e-06 8.19488e-06 8.00796e-06 3.43659e-05 1.77575 3.67861
992 6.63765e-06 8.31005e-06 8.00796e-06 3.43659e-05 1.77575 3.67861
993 6.64273e-06 8.21736e-06 8.00796e-06 3.43659e-05 1.77575 3.67861
994 6.64619e-06 8.12059e-06 8.00796e-06 3.43659e-05 1.77575 3.67861
995 6.65115e-06 8.20195e-06 8.00796e-06 3.43659e-05 1.77575 3.67861
996 6.64832e-06 8.45201e-06 8.00796e-06 3.43659e-05 1.77575 3.67861
997 6.65846e-06 8.38563e-06 8.00796e-06 3.43659e-05 1.77575 3.67861
998 6.65347e-06 8.62459e-06 8.00796e-06 3.43659e-05 1.77575 3.67861
999 6.67022e-06 8.31906e-06 8.00796e-06 3.43659e-05 1.77575 3.67861
1000 6.6685e-06 8.2465e-06 8.00796e-06 3.43659e-05 1.77575 3.67861
1001 6.66358e-06 8.18327e-06 8.00796e-06 3.43659e-05 1.77575 3.67861
1002 6.67936e-06 8.12075e-06 8.00796e-06 3.43659e-05 1.77575 3.67861
1003 6.67892e-06 8.64702e-06 8.00796e-06 3.43659e-05 1.77575 3.67861
1004 6.68296e-06 8.08847e-06 8.00796e-06 3.43659e-05 1.77575 3.67861
1005 6.68389e-06 8.97666e-06 8.00796e-06 3.43659e-05 1.77575 3.67861
1006 6.68257e-06 8.06916e-06 8.00796e-06 3.43659e-05 1.77575 3.67861
1007 6.69179e-06 8.24108e-06 8.00796e-06 3.43659e-05 1.77575 3.67861
1008 6.69817e-06 8.15777e-06 8.00796e-06 3.43659e-05 1.77575 3.67861
1009 6.707e-06 8.18018e-06 8.00796e-06 3.43659e-05 1.77575 3.67861
1010 6.69984e-06 8.21199e-06 8.00796e-06 3.43659e-05 1.77575 3.67861
1011 6.70326e-06 8.31101e-06 8.00796e-06 3.43659e-05 1.77575 3.67861
1012 6.70805e-06 8.61848e-06 8.00796e-06 3.43659e-05 1.77575 3.67861
1013 6.46615e-06 8.12213e-06 8.00796e-06 3.43659e-05 1.77575 3.67861
1014 6.48724e-06 8.03624e-06 8.00796e-06 3.43659e-05 1.77575 3.67861
1015 6.49121e-06 8.01724e-06 8.00796e-06 3.43659e-05 1.77575 3.67861
1016 6.4913e-06 8.06039e-06 8.00796e-06 3.43659e-05 1.77575 3.67861
1017 6.49707e-06 8.0985e-06 8.00796e-06 3.43659e-05 1.77575 3.67861
1018 6.5102e-06 8.00253e-06 8.00796e-06 3.43659e-05 1.77575 3.67861
1019 6.5082e-06 8.04885e-06 8.00796e-06 3.43659e-05 1.77575 3.67861
1020 6.51616e-06 8.10915e-06 8.00796e-06 3.43659e-05 1.77575 3.67861
1021 6.51962e-06 8.2454e-06 8.00796e-06 3.43659e-05 1.77575 3.67861
1022 6.52489e-06 8.02159e-06 8.00796e-06 3.43659e-05 1.77575 3.67861
1023 6.53357e-06 8.15345e-06 8.00796e-06 3.43659e-05 1.77575 3.67861
1024 6.53494e-06 8.39188e-06 8.00796e-06 3.43659e-05 1.77575 3.67861
1025 6.5377e-06 8.18232e-06 8.00796e-06 3.43659e-05 1.77575 3.67861
1026 6.54929e-06 8.11966e-06 8.00796e-06 3.43659e-05 1.77575 3.67861
1027 6.55466e-06 8.11821e-06 8.00796e-06 3.43659e-05 1.77575 3.67861
1028 6.5619e-06 8.20443e-06 8.00796e-06 3.43659e-05 1.77575 3.67861
1029 6.55913e-06 8.12629e-06 8.00796e-06 3.43659e-05 1.77575 3.67861
1030 6.56616e-06 8.19436e-06 8.00796e-06 3.43659e-05 1.77575 3.67861
1031 6.57532e-06 8.06716e-06 8.00796e-06 3.43659e-05 1.77575 3.67861
1032 6.57957e-06 8.0496e-06 8.00796e-06 3.43659e-05 1.77575 3.67861
1033 6.57617e-06 8.26407e-06 8.00796e-06 3.43659e-05 1.77575 3.67861
1034 6.58685e-06 8.10298e-06 8.00796e-06 3.43659e-05 1.77575 3.67861
1035 6.59459e-06 8.26741e-06 8.00796e-06 3.43659e-05 1.77575 3.67861
1036 6.59595e-06 8.21534e-06 8.00796e-06 3.43659e-05 1.77575 3.67861
1037 6.60238e-06 8.16751e-06 8.00796e-06 3.43659e-05 1.77575 3.67861
1038 6.60516e-06 8.35748e-06 8.00796e-06 3.43659e-05 1.77575 3.67861
1039 6.60512e-06 8.11969e-06 8.00796e-06 3.43659e-05 1.77575 3.67861
1040 6.6148e-06 8.13007e-06 8.00796e-06 3.43659e-05 1.77575 3.67861
1041 6.61795e-06 8.12612e-06 8.00796e-06 3.43659e-05 1.77575 3.67861
1042 6.63437e-06 8.22301e-06 8.00796e-06 3.43659e-05 1.77575 3.67861
1043 6.62174e-06 8.19881e-06 8.00796e-06 3.43659e-05 1.77575 3.67861
1044 6.63373e-06 8.17635e-06 8.00796e-06 3.43659e-05 1.77575 3.67861
1045 6.63323e-06 8.19079e-06 8.00796e-06 3.43659e-05 1.77575 3.67861
1046 6.64684e-06 8.15392e-06 8.00796e-06 3.43659e-05 1.77575 3.67861
1047 6.64769e-06 8.17645e-06 8.00796e-06 3.43659e-05 1.77575 3.67861
1048 6.65662e-06 8.17267e-06 8.00796e-06 3.43659e-05 1.77575 3.67861
1049 6.65526e-06 8.19883e-06 8.00796e-06 3.43659e-05 1.77575 3.67861
1050 6.66299e-06 8.21778e-06 8.00796e-06 3.43659e-05 1.77575 3.67861
1051 6.66615e-06 8.32318e-06 8.00796e-06 3.43659e-05 1.77575 3.67861
1052 6.67088e-06 8.12469e-06 8.00796e-06 3.43659e-05 1.77575 3.67861
