1 0.00342448 0.000899015 1.79769e+308 1.79769e+308 inf inf
2 0.000349205 0.000396257 1.79769e+308 1.79769e+308 inf inf
3 0.000276042 0.000280173 0.000396257 1.79769e+308 12.4913 inf
4 0.000183253 0.000223261 0.000280173 1.79769e+308 10.5035 inf
5 0.000125979 0.00018454 0.000223261 1.79769e+308 9.3762 inf
6 0.00288423 0.000273189 0.00018454 1.79769e+308 8.52442 inf
7 0.000183019 0.000222199 0.00018454 1.79769e+308 8.52442 inf
8 0.000129494 0.00149914 0.00018454 1.79769e+308 8.52442 inf
9 0.000102047 0.000151316 0.00018454 1.79769e+308 8.52442 inf
10 8.67664e-05 0.000119849 0.000151316 1.79769e+308 7.71902 inf
11 0.00361466 0.00032535 0.000119849 1.79769e+308 6.86968 inf
12 0.000180655 0.000196462 0.000119849 1.79769e+308 6.86968 inf
13 0.000169818 0.000171824 0.000119849 1.79769e+308 6.86968 inf
14 0.00014959 0.000134076 0.000119849 1.79769e+308 6.86968 inf
15 0.000114496 0.000123678 0.000119849 1.79769e+308 6.86968 inf
16 8.86704e-05 0.000105038 0.000119849 1.79769e+308 6.86968 inf
17 0.000614363 0.000200786 0.000105038 1.79769e+308 6.43121 inf
18 6.84199e-05 0.000108084 0.000105038 1.79769e+308 6.43121 inf
19 6.12006e-05 9.7841e-05 0.000105038 1.79769e+308 6.43121 inf
20 5.92841e-05 8.9553e-05 9.7841e-05 1.79769e+308 6.20698 inf
21 5.23797e-05 8.49699e-05 8.9553e-05 1.79769e+308 5.93828 inf
22 4.79351e-05 7.53699e-05 8.49699e-05 1.79769e+308 5.78433 inf
23 0.000579566 0.000186669 7.53699e-05 1.79769e+308 5.44778 inf
24 8.41373e-05 0.000122896 7.53699e-05 1.79769e+308 5.44778 inf
25 7.83571e-05 9.84396e-05 7.53699e-05 1.79769e+308 5.44778 inf
26 6.54067e-05 9.03957e-05 7.53699e-05 1.79769e+308 5.44778 inf
27 5.09991e-05 8.05062e-05 7.53699e-05 1.79769e+308 5.44778 inf
28 4.7874e-05 7.0899e-05 7.53699e-05 1.79769e+308 5.44778 inf
29 4.26511e-05 6.96642e-05 7.0899e-05 1.79769e+308 5.28373 inf
30 0.00045349 0.000109831 6.96642e-05 1.79769e+308 5.23751 inf
31 5.84332e-05 8.79525e-05 6.96642e-05 1.79769e+308 5.23751 inf
32 5.60045e-05 0.000156106 6.96642e-05 1.79769e+308 5.23751 inf
33 4.62883e-05 7.11288e-05 6.96642e-05 1.79769e+308 5.23751 inf
34 0.000209014 0.000194004 7.11288e-05 1.79769e+308 5.29228 inf
35 3.69181e-05 6.88187e-05 7.11288e-05 1.79769e+308 5.29228 inf
36 3.87932e-05 6.35496e-05 7.11288e-05 1.79769e+308 5.29228 inf
37 3.67176e-05 5.72623e-05 6.35496e-05 1.79769e+308 5.00238 inf
38 3.34489e-05 5.51972e-05 5.72623e-05 1.79769e+308 4.74848 inf
39 0.000220382 7.34595e-05 5.51972e-05 1.79769e+308 4.66207 inf
40 3.35755e-05 5.95693e-05 5.51972e-05 1.79769e+308 4.66207 inf
41 3.40063e-05 5.55158e-05 5.51972e-05 1.79769e+308 4.66207 inf
42 3.29396e-05 7.31266e-05 5.51972e-05 1.79769e+308 4.66207 inf
43 3.01168e-05 5.26462e-05 5.51972e-05 1.79769e+308 4.66207 inf
44 7.49372e-05 5.294e-05 5.26462e-05 1.79769e+308 4.55306 inf
45 2.71923e-05 4.79521e-05 5.26462e-05 1.79769e+308 4.55306 inf
46 2.7816e-05 4.73212e-05 4.79521e-05 1.79769e+308 4.34534 inf
47 0.00011935 5.12708e-05 4.73212e-05 1.79769e+308 4.31666 inf
48 2.40117e-05 5.23078e-05 4.73212e-05 1.79769e+308 4.31666 inf
49 2.61291e-05 4.56996e-05 4.73212e-05 1.79769e+308 4.31666 inf
50 2.55193e-05 4.95064e-05 4.56996e-05 1.79769e+308 4.24206 inf
51 2.59049e-05 4.26958e-05 4.56996e-05 1.79769e+308 4.24206 inf
52 2.46249e-05 4.36584e-05 4.26958e-05 1.79769e+308 4.10027 inf
53 0.000118586 6.24215e-05 4.26958e-05 1.79769e+308 4.10027 inf
54 2.71529e-05 5.20784e-05 4.26958e-05 1.79769e+308 4.10027 inf
55 2.65342e-05 4.63858e-05 4.26958e-05 1.79769e+308 4.10027 inf
56 2.4539e-05 4.49385e-05 4.26958e-05 1.79769e+308 4.10027 inf
57 6.45557e-05 4.3781e-05 4.26958e-05 1.79769e+308 4.10027 inf
58 2.24292e-05 4.42485e-05 4.26958e-05 1.79769e+308 4.10027 inf
59 2.36005e-05 4.15908e-05 4.26958e-05 1.79769e+308 4.10027 inf
60 2.29956e-05 4.29863e-05 4.15908e-05 1.79769e+308 4.04687 inf
61 2.16674e-05 3.89604e-05 4.15908e-05 1.79769e+308 4.04687 inf
62 0.000227212 8.58949e-05 3.89604e-05 1.79769e+308 3.9168 inf
63 3.18864e-05 5.92327e-05 3.89604e-05 1.79769e+308 3.9168 inf
64 2.97619e-05 8.65845e-05 3.89604e-05 1.79769e+308 3.9168 inf
65 2.64461e-05 4.81302e-05 3.89604e-05 1.79769e+308 3.9168 inf
66 2.52314e-05 8.02935e-05 3.89604e-05 1.79769e+308 3.9168 inf
67 2.35623e-05 4.00949e-05 3.89604e-05 1.79769e+308 3.9168 inf
68 0.000161853 6.23398e-05 3.89604e-05 1.79769e+308 3.9168 inf
69 2.70949e-05 5.3105e-05 3.89604e-05 1.79769e+308 3.9168 inf
70 2.60461e-05 4.83422e-05 3.89604e-05 1.79769e+308 3.9168 inf
71 2.5925e-05 4.33046e-05 3.89604e-05 1.79769e+308 3.9168 inf
72 2.24177e-05 4.28305e-05 3.89604e-05 1.79769e+308 3.9168 inf
73 2.23123e-05 4.43791e-05 3.89604e-05 1.79769e+308 3.9168 inf
74 2.14349e-05 4.04158e-05 3.89604e-05 1.79769e+308 3.9168 inf
75 9.60328e-05 4.90252e-05 3.89604e-05 1.79769e+308 3.9168 inf
76 2.21662e-05 4.44598e-05 3.89604e-05 1.79769e+308 3.9168 inf
77 2.16859e-05 4.12765e-05 3.89604e-05 1.79769e+308 3.9168 inf
78 2.09386e-05 4.32415e-05 3.89604e-05 1.79769e+308 3.9168 inf
79 2.12345e-05 3.70423e-05 3.89604e-05 1.79769e+308 3.9168 inf
80 1.97586e-05 3.68196e-05 3.70423e-05 1.79769e+308 3.81917 inf
81 1.9145e-05 7.81959e-05 3.68196e-05 1.79769e+308 3.80767 inf
82 5.16523e-05 3.85564e-05 3.68196e-05 1.79769e+308 3.80767 inf
83 1.75176e-05 3.79838e-05 3.68196e-05 1.79769e+308 3.80767 inf
84 1.87691e-05 3.53505e-05 3.68196e-05 1.79769e+308 3.80767 inf
85 1.82562e-05 3.73427e-05 3.53505e-05 1.79769e+308 3.73094 inf
86 1.8677e-05 8.50316e-05 3.53505e-05 1.79769e+308 3.73094 inf
87 3.42054e-05 3.40564e-05 3.53505e-05 1.79769e+308 3.73094 inf
88 1.68326e-05 3.53349e-05 3.40564e-05 1.79769e+308 3.66201 inf
89 1.72203e-05 3.44029e-05 3.40564e-05 1.79769e+308 3.66201 inf
90 1.81256e-05 3.65726e-05 3.40564e-05 1.79769e+308 3.66201 inf
91 1.73516e-05 3.33517e-05 3.40564e-05 1.79769e+308 3.66201 inf
92 3.43562e-05 3.14516e-05 3.33517e-05 1.79769e+308 3.62393 inf
93 1.51535e-05 3.20398e-05 3.14516e-05 1.79769e+308 3.51918 inf
94 1.68173e-05 3.07351e-05 3.14516e-05 1.79769e+308 3.51918 inf
95 1.63429e-05 3.19942e-05 3.07351e-05 1.79769e+308 3.47886 inf
96 1.79304e-05 3.08127e-05 3.07351e-05 1.79769e+308 3.47886 inf
97 1.63624e-05 3.18354e-05 3.07351e-05 1.79769e+308 3.47886 inf
98 2.89927e-05 3.07793e-05 3.07351e-05 1.79769e+308 3.47886 inf
99 1.44338e-05 3.18838e-05 3.07351e-05 1.79769e+308 3.47886 inf
100 1.5494e-05 3.26936e-05 3.07351e-05 1.79769e+308 3.47886 inf
101 1.83872e-05 3.03226e-05 3.07351e-05 1.79769e+308 3.47886 inf
102 1.55225e-05 4.02382e-05 3.03226e-05 1.79769e+308 3.45544 inf
103 1.52399e-05 3.1773e-05 3.03226e-05 1.79769e+308 3.45544 inf
104 5.96006e-05 3.54481e-05 3.03226e-05 1.79769e+308 3.45544 inf
105 1.50659e-05 3.37797e-05 3.03226e-05 1.79769e+308 3.45544 inf
106 1.54217e-05 3.66181e-05 3.03226e-05 1.79769e+308 3.45544 inf
107 1.52617e-05 3.16824e-05 3.03226e-05 1.79769e+308 3.45544 inf
108 1.54762e-05 3.03014e-05 3.03226e-05 1.79769e+308 3.45544 inf
109 1.55522e-05 3.06488e-05 3.03226e-05 1.79769e+308 3.45544 inf
110 1.84922e-05 2.93994e-05 3.03226e-05 1.79769e+308 3.45544 inf
111 1.44136e-05 2.90463e-05 2.93994e-05 1.79769e+308 3.40243 inf
112 1.48018e-05 3.01027e-05 2.90463e-05 1.79769e+308 3.38194 inf
113 2.03367e-05 2.85251e-05 2.90463e-05 1.79769e+308 3.38194 inf
114 1.38035e-05 4.24009e-05 2.85251e-05 1.79769e+308 3.35146 inf
115 1.42562e-05 2.87962e-05 2.85251e-05 1.79769e+308 3.35146 inf
116 2.12609e-05 2.95804e-05 2.85251e-05 1.79769e+308 3.35146 inf
117 1.34176e-05 2.73583e-05 2.85251e-05 1.79769e+308 3.35146 inf
118 1.42566e-05 2.86835e-05 2.73583e-05 1.79769e+308 3.2822 inf
119 1.97019e-05 2.65386e-05 2.73583e-05 1.79769e+308 3.2822 inf
120 1.38074e-05 2.90588e-05 2.65386e-05 1.79769e+308 3.23266 inf
121 1.43403e-05 4.14725e-05 2.65386e-05 1.79769e+308 3.23266 inf
122 2.19597e-05 2.74571e-05 2.65386e-05 1.79769e+308 3.23266 inf
123 1.29248e-05 2.75338e-05 2.65386e-05 1.79769e+308 3.23266 inf
124 1.35608e-05 2.85156e-05 2.65386e-05 1.79769e+308 3.23266 inf
125 1.36768e-05 2.73932e-05 2.65386e-05 1.79769e+308 3.23266 inf
126 1.52735e-05 2.63083e-05 2.65386e-05 1.79769e+308 3.23266 inf
127 1.33947e-05 2.73645e-05 2.63083e-05 1.79769e+308 3.2186 inf
128 1.36783e-05 2.64532e-05 2.63083e-05 1.79769e+308 3.2186 inf
129 2.12976e-05 2.48333e-05 2.63083e-05 1.79769e+308 3.2186 inf
130 1.27095e-05 2.63755e-05 2.48333e-05 1.79769e+308 3.12707 inf
131 1.30858e-05 2.55026e-05 2.48333e-05 1.79769e+308 3.12707 inf
132 1.32681e-05 2.47619e-05 2.48333e-05 1.79769e+308 3.12707 inf
133 2.17795e-05 2.64783e-05 2.47619e-05 1.79769e+308 3.12257 inf
134 1.22099e-05 2.45725e-05 2.47619e-05 1.79769e+308 3.12257 inf
135 1.34184e-05 2.71255e-05 2.45725e-05 1.79769e+308 3.1106 inf
136 1.28597e-05 2.54179e-05 2.45725e-05 1.79769e+308 3.1106 inf
137 2.82262e-05 2.77912e-05 2.45725e-05 1.79769e+308 3.1106 inf
138 1.19327e-05 2.75753e-05 2.45725e-05 1.79769e+308 3.1106 inf
139 1.27183e-05 2.5482e-05 2.45725e-05 1.79769e+308 3.1106 inf
140 1.35166e-05 2.46983e-05 2.45725e-05 1.79769e+308 3.1106 inf
141 1.30278e-05 2.58571e-05 2.45725e-05 1.79769e+308 3.1106 inf
142 2.08845e-05 2.51088e-05 2.45725e-05 1.79769e+308 3.1106 inf
143 1.193e-05 2.91529e-05 2.45725e-05 1.79769e+308 3.1106 inf
144 1.24777e-05 2.41331e-05 2.45725e-05 1.79769e+308 3.1106 inf
145 3.07651e-05 2.49704e-05 2.41331e-05 1.79769e+308 3.08267 inf
146 1.11866e-05 2.44085e-05 2.41331e-05 1.79769e+308 3.08267 inf
147 1.24368e-05 2.44869e-05 2.41331e-05 1.79769e+308 3.08267 inf
148 1.25013e-05 2.55654e-05 2.41331e-05 1.79769e+308 3.08267 inf
149 4.86431e-05 2.879e-05 2.41331e-05 1.79769e+308 3.08267 inf
150 1.14768e-05 2.7422e-05 2.41331e-05 1.79769e+308 3.08267 inf
151 1.23181e-05 2.73703e-05 2.41331e-05 1.79769e+308 3.08267 inf
152 1.22337e-05 2.66611e-05 2.41331e-05 1.79769e+308 3.08267 inf
153 1.27474e-05 2.65167e-05 2.41331e-05 1.79769e+308 3.08267 inf
154 1.22546e-05 2.80803e-05 2.41331e-05 1.79769e+308 3.08267 inf
155 3.07068e-05 2.79907e-05 2.41331e-05 1.79769e+308 3.08267 inf
156 1.09194e-05 2.57661e-05 2.41331e-05 1.79769e+308 3.08267 inf
157 1.21319e-05 2.59324e-05 2.41331e-05 1.79769e+308 3.08267 inf
158 1.22998e-05 2.59018e-05 2.41331e-05 1.79769e+308 3.08267 inf
159 1.23293e-05 2.66996e-05 2.41331e-05 1.79769e+308 3.08267 inf
160 1.81998e-05 2.59618e-05 2.41331e-05 1.79769e+308 3.08267 inf
161 1.12498e-05 2.45808e-05 2.41331e-05 1.79769e+308 3.08267 inf
162 1.25125e-05 2.65428e-05 2.41331e-05 1.79769e+308 3.08267 inf
163 1.23456e-05 2.48548e-05 2.41331e-05 1.79769e+308 3.08267 inf
164 1.23774e-05 2.55186e-05 2.41331e-05 1.79769e+308 3.08267 inf
165 1.21638e-05 2.63754e-05 2.41331e-05 1.79769e+308 3.08267 inf
166 1.38194e-05 2.43215e-05 2.41331e-05 1.79769e+308 3.08267 inf
167 1.17718e-05 2.44833e-05 2.41331e-05 1.79769e+308 3.08267 inf
168 1.20658e-05 2.56897e-05 2.41331e-05 1.79769e+308 3.08267 inf
169 2.88488e-05 2.50287e-05 2.41331e-05 1.79769e+308 3.08267 inf
170 1.08421e-05 2.42694e-05 2.41331e-05 1.79769e+308 3.08267 inf
171 1.17479e-05 3.35696e-05 2.42694e-05 1.79769e+308 3.09136 inf
172 1.15959e-05 2.47043e-05 2.42694e-05 1.79769e+308 3.09136 inf
173 3.54554e-05 2.45065e-05 2.42694e-05 1.79769e+308 3.09136 inf
174 1.02939e-05 0.000139503 2.42694e-05 1.79769e+308 3.09136 inf
175 1.17303e-05 2.42565e-05 2.42694e-05 1.79769e+308 3.09136 inf
176 1.20161e-05 2.59902e-05 2.42694e-05 1.79769e+308 3.09136 inf
177 1.15209e-05 2.64156e-05 2.42694e-05 1.79769e+308 3.09136 inf
178 3.68e-05 2.51152e-05 2.42694e-05 1.79769e+308 3.09136 inf
179 1.00288e-05 2.50492e-05 2.42694e-05 1.79769e+308 3.09136 inf
180 1.18516e-05 2.32701e-05 2.42694e-05 1.79769e+308 3.09136 inf
181 1.12835e-05 2.41165e-05 2.32701e-05 1.79769e+308 3.02705 inf
182 1.16131e-05 2.71417e-05 2.32701e-05 1.79769e+308 3.02705 inf
183 2.471e-05 2.39949e-05 2.32701e-05 1.79769e+308 3.02705 inf
184 1.03155e-05 2.30609e-05 2.32701e-05 1.79769e+308 3.02705 inf
185 1.14777e-05 2.35546e-05 2.30609e-05 1.79769e+308 3.01341 inf
186 1.14019e-05 2.28099e-05 2.30609e-05 1.79769e+308 3.01341 inf
187 1.53019e-05 2.32155e-05 2.28099e-05 1.79769e+308 2.99697 inf
188 1.12082e-05 2.5799e-05 2.28099e-05 1.79769e+308 2.99697 inf
189 1.12862e-05 2.46326e-05 2.28099e-05 1.79769e+308 2.99697 inf
190 1.14148e-05 9.09679e-05 2.28099e-05 1.79769e+308 2.99697 inf
191 1.35052e-05 2.30248e-05 2.28099e-05 1.79769e+308 2.99697 inf
192 1.1347e-05 2.32009e-05 2.28099e-05 1.79769e+308 2.99697 inf
193 1.13404e-05 2.36743e-05 2.28099e-05 1.79769e+308 2.99697 inf
194 1.17907e-05 2.3825e-05 2.28099e-05 1.79769e+308 2.99697 inf
195 1.11754e-05 2.67766e-05 2.28099e-05 1.79769e+308 2.99697 inf
196 2.15676e-05 2.23528e-05 2.28099e-05 1.79769e+308 2.99697 inf
197 1.01581e-05 3.03184e-05 2.23528e-05 1.79769e+308 2.96678 inf
198 1.11503e-05 2.35725e-05 2.23528e-05 1.79769e+308 2.96678 inf
199 1.08355e-05 2.23678e-05 2.23528e-05 1.79769e+308 2.96678 inf
200 1.21464e-05 9.5456e-05 2.23528e-05 1.79769e+308 2.96678 inf
201 1.10996e-05 2.41467e-05 2.23528e-05 1.79769e+308 2.96678 inf
202 1.10152e-05 2.18686e-05 2.23528e-05 1.79769e+308 2.96678 inf
203 2.98166e-05 2.32852e-05 2.18686e-05 1.79769e+308 2.93448 inf
204 9.87201e-06 2.26678e-05 2.18686e-05 1.79769e+308 2.93448 inf
205 1.09184e-05 3.10796e-05 2.18686e-05 1.79769e+308 2.93448 inf
206 1.07694e-05 2.33534e-05 2.18686e-05 1.79769e+308 2.93448 inf
207 2.27367e-05 2.48288e-05 2.18686e-05 1.79769e+308 2.93448 inf
208 1.00676e-05 2.32533e-05 2.18686e-05 1.79769e+308 2.93448 inf
209 1.09184e-05 2.33029e-05 2.18686e-05 1.79769e+308 2.93448 inf
210 1.08444e-05 2.34457e-05 2.18686e-05 1.79769e+308 2.93448 inf
211 1.38212e-05 2.35922e-05 2.18686e-05 1.79769e+308 2.93448 inf
212 1.04136e-05 2.31149e-05 2.18686e-05 1.79769e+308 2.93448 inf
213 1.09274e-05 2.38218e-05 2.18686e-05 1.79769e+308 2.93448 inf
214 1.14856e-05 2.65751e-05 2.18686e-05 1.79769e+308 2.93448 inf
215 1.05402e-05 9.07889e-05 2.18686e-05 1.79769e+308 2.93448 inf
216 1.91951e-05 2.28543e-05 2.18686e-05 1.79769e+308 2.93448 inf
217 1.00427e-05 2.28466e-05 2.18686e-05 1.79769e+308 2.93448 inf
218 1.06477e-05 2.97138e-05 2.18686e-05 1.79769e+308 2.93448 inf
219 1.06251e-05 2.1799e-05 2.18686e-05 1.79769e+308 2.93448 inf
220 1.45874e-05 2.25923e-05 2.1799e-05 1.79769e+308 2.92981 inf
221 1.00702e-05 2.2365e-05 2.1799e-05 1.79769e+308 2.92981 inf
222 1.13835e-05 2.31386e-05 2.1799e-05 1.79769e+308 2.92981 inf
223 1.00698e-05 0.000100596 2.1799e-05 1.79769e+308 2.92981 inf
224 1.19947e-05 2.22562e-05 2.1799e-05 1.79769e+308 2.92981 inf
225 1.04585e-05 2.40658e-05 2.1799e-05 1.79769e+308 2.92981 inf
226 1.3912e-05 2.13707e-05 2.1799e-05 1.79769e+308 2.92981 inf
227 1.04218e-05 2.10013e-05 2.13707e-05 1.79769e+308 2.90088 inf
228 1.05048e-05 2.23714e-05 2.10013e-05 1.79769e+308 2.8757 inf
229 2.50439e-05 2.17054e-05 2.10013e-05 1.79769e+308 2.8757 inf
230 9.3619e-06 2.32131e-05 2.10013e-05 1.79769e+308 2.8757 inf
231 1.03323e-05 3.38308e-05 2.10013e-05 1.79769e+308 2.8757 inf
232 1.04136e-05 2.26538e-05 2.10013e-05 1.79769e+308 2.8757 inf
233 1.0451e-05 2.09036e-05 2.10013e-05 1.79769e+308 2.8757 inf
234 1.06438e-05 6.66643e-05 2.09036e-05 1.79769e+308 2.869 inf
235 1.04957e-05 2.18794e-05 2.09036e-05 1.79769e+308 2.869 inf
236 1.56389e-05 2.07416e-05 2.09036e-05 1.79769e+308 2.869 inf
237 9.83464e-06 2.27642e-05 2.07416e-05 1.79769e+308 2.85786 inf
238 1.0377e-05 2.17182e-05 2.07416e-05 1.79769e+308 2.85786 inf
239 1.08365e-05 2.18349e-05 2.07416e-05 1.79769e+308 2.85786 inf
240 1.20425e-05 4.3039e-05 2.07416e-05 1.79769e+308 2.85786 inf
241 9.41551e-06 2.29394e-05 2.07416e-05 1.79769e+308 2.85786 inf
242 1.5659e-05 3.10571e-05 2.07416e-05 1.79769e+308 2.85786 inf
243 8.42351e-06 2.17312e-05 2.07416e-05 1.79769e+308 2.85786 inf
244 1.00597e-05 2.23358e-05 2.07416e-05 1.79769e+308 2.85786 inf
245 1.016e-05 2.09782e-05 2.07416e-05 1.79769e+308 2.85786 inf
246 1.38474e-05 2.18135e-05 2.07416e-05 1.79769e+308 2.85786 inf
247 9.66025e-06 2.03966e-05 2.07416e-05 1.79769e+308 2.85786 inf
248 1.0518e-05 2.28706e-05 2.03966e-05 1.79769e+308 2.834 inf
249 1.06253e-05 5.5296e-05 2.03966e-05 1.79769e+308 2.834 inf
250 1.22687e-05 2.23668e-05 2.03966e-05 1.79769e+308 2.834 inf
251 1.02196e-05 2.28345e-05 2.03966e-05 1.79769e+308 2.834 inf
252 1.01952e-05 2.1372e-05 2.03966e-05 1.79769e+308 2.834 inf
253 3.06142e-05 2.2711e-05 2.03966e-05 1.79769e+308 2.834 inf
254 8.89016e-06 2.11121e-05 2.03966e-05 1.79769e+308 2.834 inf
255 1.02432e-05 2.41399e-05 2.03966e-05 1.79769e+308 2.834 inf
256 1.00553e-05 2.03226e-05 2.03966e-05 1.79769e+308 2.834 inf
257 1.06555e-05 2.52936e-05 2.03226e-05 1.79769e+308 2.82885 inf
258 9.85265e-06 2.04798e-05 2.03226e-05 1.79769e+308 2.82885 inf
259 2.95411e-05 2.47861e-05 2.03226e-05 1.79769e+308 2.82885 inf
260 8.82218e-06 2.15456e-05 2.03226e-05 1.79769e+308 2.82885 inf
261 9.82678e-06 2.1827e-05 2.03226e-05 1.79769e+308 2.82885 inf
262 1.02124e-05 2.31723e-05 2.03226e-05 1.79769e+308 2.82885 inf
263 1.00088e-05 2.27195e-05 2.03226e-05 1.79769e+308 2.82885 inf
264 2.05343e-05 2.29851e-05 2.03226e-05 1.79769e+308 2.82885 inf
265 9.30907e-06 2.16392e-05 2.03226e-05 1.79769e+308 2.82885 inf
266 9.9983e-06 2.18724e-05 2.03226e-05 1.79769e+308 2.82885 inf
267 9.88858e-06 2.18155e-05 2.03226e-05 1.79769e+308 2.82885 inf
268 4.53926e-05 2.34089e-05 2.03226e-05 1.79769e+308 2.82885 inf
269 9.3218e-06 2.17421e-05 2.03226e-05 1.79769e+308 2.82885 inf
270 1.00582e-05 2.27545e-05 2.03226e-05 1.79769e+308 2.82885 inf
271 9.88877e-06 2.27715e-05 2.03226e-05 1.79769e+308 2.82885 inf
272 1.04188e-05 2.1318e-05 2.03226e-05 1.79769e+308 2.82885 inf
273 1.01742e-05 2.26562e-05 2.03226e-05 1.79769e+308 2.82885 inf
274 1.1905e-05 2.09265e-05 2.03226e-05 1.79769e+308 2.82885 inf
275 9.74268e-06 2.1656e-05 2.03226e-05 1.79769e+308 2.82885 inf
276 9.91631e-06 2.24878e-05 2.03226e-05 1.79769e+308 2.82885 inf
277 3.19521e-05 2.39301e-05 2.03226e-05 1.79769e+308 2.82885 inf
278 8.78795e-06 2.24306e-05 2.03226e-05 1.79769e+308 2.82885 inf
279 9.80524e-06 2.22748e-05 2.03226e-05 1.79769e+308 2.82885 inf
280 9.97389e-06 2.26133e-05 2.03226e-05 1.79769e+308 2.82885 inf
281 1.33253e-05 2.14457e-05 2.03226e-05 1.79769e+308 2.82885 inf
282 9.87776e-06 2.20204e-05 2.03226e-05 1.79769e+308 2.82885 inf
283 9.38965e-06 2.74761e-05 2.03226e-05 1.79769e+308 2.82885 inf
284 2.17379e-05 2.21889e-05 2.03226e-05 1.79769e+308 2.82885 inf
285 9.17382e-06 2.1867e-05 2.03226e-05 1.79769e+308 2.82885 inf
286 9.53155e-06 2.31247e-05 2.03226e-05 1.79769e+308 2.82885 inf
287 1.00164e-05 2.12373e-05 2.03226e-05 1.79769e+308 2.82885 inf
288 1.05507e-05 2.16795e-05 2.03226e-05 1.79769e+308 2.82885 inf
289 9.88448e-06 2.28458e-05 2.03226e-05 1.79769e+308 2.82885 inf
290 9.74061e-06 2.14987e-05 2.03226e-05 1.79769e+308 2.82885 inf
291 4.12408e-05 2.17934e-05 2.03226e-05 1.79769e+308 2.82885 inf
292 8.28758e-06 2.23573e-05 2.03226e-05 1.79769e+308 2.82885 inf
293 9.5995e-06 2.55374e-05 2.03226e-05 1.79769e+308 2.82885 inf
294 9.69695e-06 2.2456e-05 2.03226e-05 1.79769e+308 2.82885 inf
295 9.72918e-06 2.20444e-05 2.03226e-05 1.79769e+308 2.82885 inf
296 3.19742e-05 2.20387e-05 2.03226e-05 1.79769e+308 2.82885 inf
297 8.44982e-06 2.07163e-05 2.03226e-05 1.79769e+308 2.82885 inf
298 9.55913e-06 2.24683e-05 2.03226e-05 1.79769e+308 2.82885 inf
299 9.65231e-06 2.07211e-05 2.03226e-05 1.79769e+308 2.82885 inf
300 1.03959e-05 4.63338e-05 2.03226e-05 1.79769e+308 2.82885 inf
301 9.3487e-06 2.11846e-05 2.03226e-05 1.79769e+308 2.82885 inf
302 1.47789e-05 2.10543e-05 2.03226e-05 1.79769e+308 2.82885 inf
303 9.22997e-06 2.07184e-05 2.03226e-05 1.79769e+308 2.82885 inf
304 9.87718e-06 2.02309e-05 2.03226e-05 1.79769e+308 2.82885 inf
305 9.84166e-06 2.13588e-05 2.02309e-05 1.79769e+308 2.82246 inf
306 9.94683e-06 2.13444e-05 2.02309e-05 1.79769e+308 2.82246 inf
307 1.32359e-05 2.94697e-05 2.02309e-05 1.79769e+308 2.82246 inf
308 8.03163e-06 2.26438e-05 2.02309e-05 1.79769e+308 2.82246 inf
309 9.49488e-06 2.10011e-05 2.02309e-05 1.79769e+308 2.82246 inf
310 9.93754e-06 2.36314e-05 2.02309e-05 1.79769e+308 2.82246 inf
311 1.01049e-05 2.83806e-05 2.02309e-05 1.79769e+308 2.82246 inf
312 9.30373e-06 1.99528e-05 2.02309e-05 1.79769e+308 2.82246 inf
313 1.39772e-05 1.99118e-05 1.99528e-05 1.79769e+308 2.80299 inf
314 9.30082e-06 2.05515e-05 1.99118e-05 1.79769e+308 2.80011 inf
315 9.64625e-06 2.12317e-05 1.99118e-05 1.79769e+308 2.80011 inf
316 9.72358e-06 2.07892e-05 1.99118e-05 1.79769e+308 2.80011 inf
317 9.94273e-06 2.05354e-05 1.99118e-05 1.79769e+308 2.80011 inf
318 1.14782e-05 2.03423e-05 1.99118e-05 1.79769e+308 2.80011 inf
319 9.49036e-06 2.1444e-05 1.99118e-05 1.79769e+308 2.80011 inf
320 9.83358e-06 2.16611e-05 1.99118e-05 1.79769e+308 2.80011 inf
321 9.42802e-06 2.07838e-05 1.99118e-05 1.79769e+308 2.80011 inf
322 4.06919e-05 3.4546e-05 1.99118e-05 1.79769e+308 2.80011 inf
323 8.32274e-06 2.14706e-05 1.99118e-05 1.79769e+308 2.80011 inf
324 9.25788e-06 2.393e-05 1.99118e-05 1.79769e+308 2.80011 inf
325 9.42184e-06 2.12768e-05 1.99118e-05 1.79769e+308 2.80011 inf
326 1.69676e-05 2.94102e-05 1.99118e-05 1.79769e+308 2.80011 inf
327 8.03697e-06 2.11376e-05 1.99118e-05 1.79769e+308 2.80011 inf
328 8.86696e-06 2.04308e-05 1.99118e-05 1.79769e+308 2.80011 inf
329 9.57804e-06 2.07794e-05 1.99118e-05 1.79769e+308 2.80011 inf
330 9.30297e-06 2.1032e-05 1.99118e-05 1.79769e+308 2.80011 inf
331 9.38505e-06 2.03159e-05 1.99118e-05 1.79769e+308 2.80011 inf
332 2.5246e-05 2.11139e-05 1.99118e-05 1.79769e+308 2.80011 inf
333 8.40484e-06 2.17753e-05 1.99118e-05 1.79769e+308 2.80011 inf
334 9.13258e-06 2.05264e-05 1.99118e-05 1.79769e+308 2.80011 inf
335 9.69425e-06 2.01934e-05 1.99118e-05 1.79769e+308 2.80011 inf
336 9.37917e-06 5.84798e-05 1.99118e-05 1.79769e+308 2.80011 inf
337 3.52545e-05 2.38902e-05 1.99118e-05 1.79769e+308 2.80011 inf
338 8.9868e-06 7.87168e-05 1.99118e-05 1.79769e+308 2.80011 inf
339 9.47592e-06 2.05147e-05 1.99118e-05 1.79769e+308 2.80011 inf
340 9.36826e-06 2.01175e-05 1.99118e-05 1.79769e+308 2.80011 inf
341 9.52252e-06 2.05948e-05 1.99118e-05 1.79769e+308 2.80011 inf
342 9.46485e-06 2.08157e-05 1.99118e-05 1.79769e+308 2.80011 inf
343 3.96571e-05 2.34227e-05 1.99118e-05 1.79769e+308 2.80011 inf
344 8.87729e-06 2.05562e-05 1.99118e-05 1.79769e+308 2.80011 inf
345 9.64385e-06 2.03552e-05 1.99118e-05 1.79769e+308 2.80011 inf
346 9.58567e-06 2.12719e-05 1.99118e-05 1.79769e+308 2.80011 inf
347 9.32208e-06 2.03789e-05 1.99118e-05 1.79769e+308 2.80011 inf
348 4.9133e-05 2.39117e-05 1.99118e-05 1.79769e+308 2.80011 inf
349 8.21052e-06 2.07345e-05 1.99118e-05 1.79769e+308 2.80011 inf
350 9.13204e-06 2.03675e-05 1.99118e-05 1.79769e+308 2.80011 inf
351 9.37997e-06 2.0301e-05 1.99118e-05 1.79769e+308 2.80011 inf
352 9.27852e-06 2.02223e-05 1.99118e-05 1.79769e+308 2.80011 inf
353 1.61503e-05 1.99547e-05 1.99118e-05 1.79769e+308 2.80011 inf
354 8.40365e-06 2.02435e-05 1.99118e-05 1.79769e+308 2.80011 inf
355 9.38777e-06 2.17495e-05 1.99118e-05 1.79769e+308 2.80011 inf
356 9.50375e-06 2.07048e-05 1.99118e-05 1.79769e+308 2.80011 inf
357 9.28197e-06 2.11596e-05 1.99118e-05 1.79769e+308 2.80011 inf
358 1.80461e-05 1.96318e-05 1.99118e-05 1.79769e+308 2.80011 inf
359 8.49968e-06 2.06157e-05 1.96318e-05 1.79769e+308 2.78036 inf
360 9.52237e-06 2.34955e-05 1.96318e-05 1.79769e+308 2.78036 inf
361 9.38375e-06 2.05418e-05 1.96318e-05 1.79769e+308 2.78036 inf
362 9.58538e-06 2.12159e-05 1.96318e-05 1.79769e+308 2.78036 inf
363 9.14173e-06 2.01213e-05 1.96318e-05 1.79769e+308 2.78036 inf
364 9.3144e-06 2.00082e-05 1.96318e-05 1.79769e+308 2.78036 inf
365 1.2651e-05 2.2441e-05 1.96318e-05 1.79769e+308 2.78036 inf
366 9.12517e-06 2.26849e-05 1.96318e-05 1.79769e+308 2.78036 inf
367 9.0292e-06 2.28048e-05 1.96318e-05 1.79769e+308 2.78036 inf
368 9.60254e-06 2.12193e-05 1.96318e-05 1.79769e+308 2.78036 inf
369 9.19202e-06 2.1949e-05 1.96318e-05 1.79769e+308 2.78036 inf
370 9.4181e-06 1.97278e-05 1.96318e-05 1.79769e+308 2.78036 inf
371 9.10998e-06 1.97516e-05 1.96318e-05 1.79769e+308 2.78036 inf
372 1.37995e-05 1.92332e-05 1.96318e-05 1.79769e+308 2.78036 inf
373 8.61551e-06 2.04433e-05 1.92332e-05 1.79769e+308 2.75198 inf
374 9.19447e-06 2.0491e-05 1.92332e-05 1.79769e+308 2.75198 inf
375 9.17427e-06 2.10975e-05 1.92332e-05 1.79769e+308 2.75198 inf
376 1.56712e-05 9.89944e-05 1.92332e-05 1.79769e+308 2.75198 inf
377 8.80086e-06 2.25156e-05 1.92332e-05 1.79769e+308 2.75198 inf
378 8.9917e-06 2.04803e-05 1.92332e-05 1.79769e+308 2.75198 inf
379 9.08677e-06 1.98568e-05 1.92332e-05 1.79769e+308 2.75198 inf
380 1.42486e-05 2.07645e-05 1.92332e-05 1.79769e+308 2.75198 inf
381 8.87381e-06 2.15529e-05 1.92332e-05 1.79769e+308 2.75198 inf
382 8.99914e-06 1.97385e-05 1.92332e-05 1.79769e+308 2.75198 inf
383 9.34365e-06 2.15517e-05 1.92332e-05 1.79769e+308 2.75198 inf
384 1.07185e-05 3.04454e-05 1.92332e-05 1.79769e+308 2.75198 inf
385 8.92362e-06 2.07181e-05 1.92332e-05 1.79769e+308 2.75198 inf
386 9.26526e-06 2.4539e-05 1.92332e-05 1.79769e+308 2.75198 inf
387 9.5247e-06 1.92607e-05 1.92332e-05 1.79769e+308 2.75198 inf
388 9.09594e-06 2.4254e-05 1.92332e-05 1.79769e+308 2.75198 inf
389 1.21682e-05 1.85773e-05 1.92332e-05 1.79769e+308 2.75198 inf
390 8.65744e-06 2.009e-05 1.85773e-05 1.79769e+308 2.70465 inf
391 8.95615e-06 1.97917e-05 1.85773e-05 1.79769e+308 2.70465 inf
392 1.22319e-05 1.90008e-05 1.85773e-05 1.79769e+308 2.70465 inf
393 8.67021e-06 2.01746e-05 1.85773e-05 1.79769e+308 2.70465 inf
394 9.06652e-06 2.0856e-05 1.85773e-05 1.79769e+308 2.70465 inf
395 2.36551e-05 1.97945e-05 1.85773e-05 1.79769e+308 2.70465 inf
396 8.41253e-06 2.20568e-05 1.85773e-05 1.79769e+308 2.70465 inf
397 8.68429e-06 2.00539e-05 1.85773e-05 1.79769e+308 2.70465 inf
398 9.37159e-06 2.10987e-05 1.85773e-05 1.79769e+308 2.70465 inf
399 1.46707e-05 0.000671258 1.85773e-05 1.79769e+308 2.70465 inf
400 1.04344e-05 2.09353e-05 1.85773e-05 1.79769e+308 2.70465 inf
401 8.24276e-06 2.04597e-05 1.85773e-05 1.79769e+308 2.70465 inf
402 8.87782e-06 2.07907e-05 1.85773e-05 1.79769e+308 2.70465 inf
403 8.83214e-06 2.02843e-05 1.85773e-05 1.79769e+308 2.70465 inf
404 1.26164e-05 2.15083e-05 1.85773e-05 1.79769e+308 2.70465 inf
405 8.84361e-06 2.14689e-05 1.85773e-05 1.79769e+308 2.70465 inf
406 1.45706e-05 2.54335e-05 1.85773e-05 1.79769e+308 2.70465 inf
407 7.15361e-06 1.91998e-05 1.85773e-05 1.79769e+308 2.70465 inf
408 8.57507e-06 2.07981e-05 1.85773e-05 1.79769e+308 2.70465 inf
409 9.09011e-06 1.9409e-05 1.85773e-05 1.79769e+308 2.70465 inf
410 2.68976e-05 2.16862e-05 1.85773e-05 1.79769e+308 2.70465 inf
411 7.72261e-06 2.23328e-05 1.85773e-05 1.79769e+308 2.70465 inf
412 9.20813e-06 2.06652e-05 1.85773e-05 1.79769e+308 2.70465 inf
413 8.83861e-06 2.39936e-05 1.85773e-05 1.79769e+308 2.70465 inf
414 8.76714e-06 1.90864e-05 1.85773e-05 1.79769e+308 2.70465 inf
415 3.75737e-05 2.33516e-05 1.85773e-05 1.79769e+308 2.70465 inf
416 7.81546e-06 2.11855e-05 1.85773e-05 1.79769e+308 2.70465 inf
417 8.72352e-06 2.36609e-05 1.85773e-05 1.79769e+308 2.70465 inf
418 8.67064e-06 1.95727e-05 1.85773e-05 1.79769e+308 2.70465 inf
419 9.58974e-06 2.10765e-05 1.85773e-05 1.79769e+308 2.70465 inf
420 8.4929e-06 3.76626e-05 1.85773e-05 1.79769e+308 2.70465 inf
421 4.65711e-05 2.19167e-05 1.85773e-05 1.79769e+308 2.70465 inf
422 8.26164e-06 2.03798e-05 1.85773e-05 1.79769e+308 2.70465 inf
423 8.16728e-06 1.97027e-05 1.85773e-05 1.79769e+308 2.70465 inf
424 8.86615e-06 1.98094e-05 1.85773e-05 1.79769e+308 2.70465 inf
425 8.99813e-06 2.0431e-05 1.85773e-05 1.79769e+308 2.70465 inf
426 8.89494e-06 2.02033e-05 1.85773e-05 1.79769e+308 2.70465 inf
427 3.21293e-05 2.13877e-05 1.85773e-05 1.79769e+308 2.70465 inf
428 7.76474e-06 1.96919e-05 1.85773e-05 1.79769e+308 2.70465 inf
429 9.12088e-06 2.27453e-05 1.85773e-05 1.79769e+308 2.70465 inf
430 8.77367e-06 1.91273e-05 1.85773e-05 1.79769e+308 2.70465 inf
431 8.76692e-06 2.01971e-05 1.85773e-05 1.79769e+308 2.70465 inf
432 3.12722e-05 2.15808e-05 1.85773e-05 1.79769e+308 2.70465 inf
433 7.78417e-06 1.98214e-05 1.85773e-05 1.79769e+308 2.70465 inf
434 8.90821e-06 1.97275e-05 1.85773e-05 1.79769e+308 2.70465 inf
435 8.95605e-06 2.22914e-05 1.85773e-05 1.79769e+308 2.70465 inf
436 1.19067e-05 2.34222e-05 1.85773e-05 1.79769e+308 2.70465 inf
437 7.90057e-06 1.992e-05 1.85773e-05 1.79769e+308 2.70465 inf
438 8.58243e-06 1.81664e-05 1.85773e-05 1.79769e+308 2.70465 inf
439 9.26519e-06 1.96411e-05 1.81664e-05 1.79769e+308 2.67457 inf
440 9.15523e-06 1.83697e-05 1.81664e-05 1.79769e+308 2.67457 inf
441 9.01276e-06 1.97643e-05 1.81664e-05 1.79769e+308 2.67457 inf
442 9.72742e-06 2.07574e-05 1.81664e-05 1.79769e+308 2.67457 inf
443 8.63355e-06 2.30562e-05 1.81664e-05 1.79769e+308 2.67457 inf
444 1.55847e-05 2.01108e-05 1.81664e-05 1.79769e+308 2.67457 inf
445 7.94475e-06 1.92211e-05 1.81664e-05 1.79769e+308 2.67457 inf
446 1.00289e-05 1.96963e-05 1.81664e-05 1.79769e+308 2.67457 inf
447 9.11817e-06 1.86399e-05 1.81664e-05 1.79769e+308 2.67457 inf
448 8.49717e-06 2.0178e-05 1.81664e-05 1.79769e+308 2.67457 inf
449 9.00441e-06 1.94858e-05 1.81664e-05 1.79769e+308 2.67457 inf
450 9.2081e-06 1.96926e-05 1.81664e-05 1.79769e+308 2.67457 inf
451 8.79704e-06 2.13812e-05 1.81664e-05 1.79769e+308 2.67457 inf
452 1.57324e-05 2.05015e-05 1.81664e-05 1.79769e+308 2.67457 inf
453 8.40498e-06 2.32428e-05 1.81664e-05 1.79769e+308 2.67457 inf
454 8.60497e-06 1.90273e-05 1.81664e-05 1.79769e+308 2.67457 inf
455 8.81461e-06 1.99246e-05 1.81664e-05 1.79769e+308 2.67457 inf
456 9.83871e-06 2.00966e-05 1.81664e-05 1.79769e+308 2.67457 inf
457 8.71144e-06 1.97881e-05 1.81664e-05 1.79769e+308 2.67457 inf
458 1.06803e-05 2.00394e-05 1.81664e-05 1.79769e+308 2.67457 inf
459 8.70373e-06 1.95867e-05 1.81664e-05 1.79769e+308 2.67457 inf
460 8.63475e-06 2.0168e-05 1.81664e-05 1.79769e+308 2.67457 inf
461 8.87672e-06 1.94853e-05 1.81664e-05 1.79769e+308 2.67457 inf
462 8.73648e-06 1.95578e-05 1.81664e-05 1.79769e+308 2.67457 inf
463 1.26711e-05 1.9688e-05 1.81664e-05 1.79769e+308 2.67457 inf
464 8.45613e-06 2.01666e-05 1.81664e-05 1.79769e+308 2.67457 inf
465 8.54109e-06 1.96829e-05 1.81664e-05 1.79769e+308 2.67457 inf
466 9.50468e-06 2.0095e-05 1.81664e-05 1.79769e+308 2.67457 inf
467 8.71297e-06 2.04216e-05 1.81664e-05 1.79769e+308 2.67457 inf
468 8.698e-06 1.93269e-05 1.81664e-05 1.79769e+308 2.67457 inf
469 1.94724e-05 1.88752e-05 1.81664e-05 1.79769e+308 2.67457 inf
470 7.78739e-06 1.96815e-05 1.81664e-05 1.79769e+308 2.67457 inf
471 8.64591e-06 2.14041e-05 1.81664e-05 1.79769e+308 2.67457 inf
472 8.65045e-06 1.97215e-05 1.81664e-05 1.79769e+308 2.67457 inf
473 4.20382e-05 2.43134e-05 1.81664e-05 1.79769e+308 2.67457 inf
474 8.6457e-06 2.07067e-05 1.81664e-05 1.79769e+308 2.67457 inf
475 8.67762e-06 1.94587e-05 1.81664e-05 1.79769e+308 2.67457 inf
476 8.71808e-06 2.04379e-05 1.81664e-05 1.79769e+308 2.67457 inf
477 8.72593e-06 1.87565e-05 1.81664e-05 1.79769e+308 2.67457 inf
478 1.71298e-05 1.9551e-05 1.81664e-05 1.79769e+308 2.67457 inf
479 7.80832e-06 2.13416e-05 1.81664e-05 1.79769e+308 2.67457 inf
480 8.76387e-06 1.9346e-05 1.81664e-05 1.79769e+308 2.67457 inf
481 8.51358e-06 2.20583e-05 1.81664e-05 1.79769e+308 2.67457 inf
482 1.58061e-05 2.10844e-05 1.81664e-05 1.79769e+308 2.67457 inf
483 8.25304e-06 1.95596e-05 1.81664e-05 1.79769e+308 2.67457 inf
484 8.50674e-06 2.01419e-05 1.81664e-05 1.79769e+308 2.67457 inf
485 3.99766e-05 2.15118e-05 1.81664e-05 1.79769e+308 2.67457 inf
486 7.90594e-06 2.05661e-05 1.81664e-05 1.79769e+308 2.67457 inf
487 8.46836e-06 1.89349e-05 1.81664e-05 1.79769e+308 2.67457 inf
488 8.71584e-06 2.27786e-05 1.81664e-05 1.79769e+308 2.67457 inf
489 8.54024e-06 1.95434e-05 1.81664e-05 1.79769e+308 2.67457 inf
490 1.30919e-05 1.95436e-05 1.81664e-05 1.79769e+308 2.67457 inf
491 8.35455e-06 1.85774e-05 1.81664e-05 1.79769e+308 2.67457 inf
492 8.80809e-06 1.98424e-05 1.81664e-05 1.79769e+308 2.67457 inf
493 9.14759e-06 2.11652e-05 1.81664e-05 1.79769e+308 2.67457 inf
494 8.54388e-06 2.55224e-05 1.81664e-05 1.79769e+308 2.67457 inf
495 8.56243e-06 1.97823e-05 1.81664e-05 1.79769e+308 2.67457 inf
496 1.27002e-05 1.84438e-05 1.81664e-05 1.79769e+308 2.67457 inf
497 8.00718e-06 1.94559e-05 1.81664e-05 1.79769e+308 2.67457 inf
498 2.71624e-05 2.16442e-05 1.81664e-05 1.79769e+308 2.67457 inf
499 7.56211e-06 1.97841e-05 1.81664e-05 1.79769e+308 2.67457 inf
500 8.43045e-06 1.99022e-05 1.81664e-05 1.79769e+308 2.67457 inf
501 8.60977e-06 1.97947e-05 1.81664e-05 1.79769e+308 2.67457 inf
502 8.57802e-06 1.93454e-05 1.81664e-05 1.79769e+308 2.67457 inf
503 1.8677e-05 1.97358e-05 1.81664e-05 1.79769e+308 2.67457 inf
504 7.71709e-06 2.03159e-05 1.81664e-05 1.79769e+308 2.67457 inf
505 8.6717e-06 2.08277e-05 1.81664e-05 1.79769e+308 2.67457 inf
506 8.4483e-06 1.98531e-05 1.81664e-05 1.79769e+308 2.67457 inf
507 1.52371e-05 1.93219e-05 1.81664e-05 1.79769e+308 2.67457 inf
508 7.95447e-06 1.97557e-05 1.81664e-05 1.79769e+308 2.67457 inf
509 8.73667e-06 1.98167e-05 1.81664e-05 1.79769e+308 2.67457 inf
510 2.29485e-05 0.000153643 1.81664e-05 1.79769e+308 2.67457 inf
511 8.45518e-06 1.88206e-05 1.81664e-05 1.79769e+308 2.67457 inf
512 7.39742e-06 1.91338e-05 1.81664e-05 1.79769e+308 2.67457 inf
513 8.58468e-06 1.94715e-05 1.81664e-05 1.79769e+308 2.67457 inf
514 8.66067e-06 1.88087e-05 1.81664e-05 1.79769e+308 2.67457 inf
515 9.20353e-06 1.9839e-05 1.81664e-05 1.79769e+308 2.67457 inf
516 8.12892e-06 1.90922e-05 1.81664e-05 1.79769e+308 2.67457 inf
517 1.41852e-05 1.99843e-05 1.81664e-05 1.79769e+308 2.67457 inf
518 8.08356e-06 1.93587e-05 1.81664e-05 1.79769e+308 2.67457 inf
519 8.51289e-06 1.99718e-05 1.81664e-05 1.79769e+308 2.67457 inf
520 8.74329e-06 1.95942e-05 1.81664e-05 1.79769e+308 2.67457 inf
521 8.6856e-06 2.19885e-05 1.81664e-05 1.79769e+308 2.67457 inf
522 8.53816e-06 1.92655e-05 1.81664e-05 1.79769e+308 2.67457 inf
523 1.11332e-05 1.96608e-05 1.81664e-05 1.79769e+308 2.67457 inf
524 8.102e-06 1.93511e-05 1.81664e-05 1.79769e+308 2.67457 inf
525 9.53853e-06 1.91559e-05 1.81664e-05 1.79769e+308 2.67457 inf
526 8.26795e-06 1.90202e-05 1.81664e-05 1.79769e+308 2.67457 inf
527 9.37573e-06 1.91969e-05 1.81664e-05 1.79769e+308 2.67457 inf
528 8.28602e-06 2.02497e-05 1.81664e-05 1.79769e+308 2.67457 inf
529 4.5282e-05 2.69899e-05 1.81664e-05 1.79769e+308 2.67457 inf
530 9.39457e-06 2.24068e-05 1.81664e-05 1.79769e+308 2.67457 inf
531 9.0307e-06 2.111e-05 1.81664e-05 1.79769e+308 2.67457 inf
532 9.10367e-06 1.9233e-05 1.81664e-05 1.79769e+308 2.67457 inf
533 8.75164e-06 2.41876e-05 1.81664e-05 1.79769e+308 2.67457 inf
534 2.49841e-05 1.8637e-05 1.81664e-05 1.79769e+308 2.67457 inf
535 7.3096e-06 1.97484e-05 1.81664e-05 1.79769e+308 2.67457 inf
536 8.62324e-06 2.06372e-05 1.81664e-05 1.79769e+308 2.67457 inf
537 8.44238e-06 1.97087e-05 1.81664e-05 1.79769e+308 2.67457 inf
538 8.54427e-06 1.97391e-05 1.81664e-05 1.79769e+308 2.67457 inf
539 6.44498e-06 1.87093e-05 1.81664e-05 1.79769e+308 2.67457 inf
540 6.82331e-06 1.98421e-05 1.81664e-05 1.79769e+308 2.67457 inf
541 6.70558e-06 1.84125e-05 1.81664e-05 1.79769e+308 2.67457 inf
542 6.60149e-06 1.88001e-05 1.84125e-05 1.79769e+308 2.69263 inf
543 6.69092e-06 1.73103e-05 1.84125e-05 1.79769e+308 2.69263 inf
544 6.69873e-06 1.93608e-05 1.73103e-05 1.79769e+308 2.6108 inf
545 6.67255e-06 1.72451e-05 1.73103e-05 1.79769e+308 2.6108 inf
546 6.65092e-06 1.7863e-05 1.72451e-05 1.79769e+308 2.60587 inf
547 6.70296e-06 1.99089e-05 1.72451e-05 1.79769e+308 2.60587 inf
548 6.53636e-06 1.80039e-05 1.72451e-05 1.79769e+308 2.60587 inf
549 6.71234e-06 1.8208e-05 1.72451e-05 1.79769e+308 2.60587 inf
550 6.63758e-06 1.98087e-05 1.72451e-05 1.79769e+308 2.60587 inf
551 6.59248e-06 1.86543e-05 1.72451e-05 1.79769e+308 2.60587 inf
552 6.6977e-06 1.84714e-05 1.72451e-05 1.79769e+308 2.60587 inf
553 6.55582e-06 2.08186e-05 1.72451e-05 1.79769e+308 2.60587 inf
554 6.68993e-06 1.78788e-05 1.72451e-05 1.79769e+308 2.60587 inf
555 6.6462e-06 1.87726e-05 1.72451e-05 1.79769e+308 2.60587 inf
556 6.62417e-06 1.88648e-05 1.72451e-05 1.79769e+308 2.60587 inf
557 6.57519e-06 1.8222e-05 1.72451e-05 1.79769e+308 2.60587 inf
558 6.5647e-06 1.74104e-05 1.72451e-05 1.79769e+308 2.60587 inf
559 6.57653e-06 1.7337e-05 1.72451e-05 1.79769e+308 2.60587 inf
560 6.61768e-06 1.82324e-05 1.72451e-05 1.79769e+308 2.60587 inf
561 6.56313e-06 1.82985e-05 1.72451e-05 1.79769e+308 2.60587 inf
562 6.61426e-06 1.8324e-05 1.72451e-05 1.79769e+308 2.60587 inf
563 6.59714e-06 1.82093e-05 1.72451e-05 1.79769e+308 2.60587 inf
564 6.52553e-06 2.02888e-05 1.72451e-05 1.79769e+308 2.60587 inf
565 6.5802e-06 1.76481e-05 1.72451e-05 1.79769e+308 2.60587 inf
566 6.64236e-06 1.84405e-05 1.72451e-05 1.79769e+308 2.60587 inf
567 6.50436e-06 1.99463e-05 1.72451e-05 1.79769e+308 2.60587 inf
568 6.54949e-06 1.71919e-05 1.72451e-05 1.79769e+308 2.60587 inf
569 6.59486e-06 1.72601e-05 1.71919e-05 1.79769e+308 2.60185 inf
570 6.52593e-06 1.7533e-05 1.71919e-05 1.79769e+308 2.60185 inf
571 6.74071e-06 1.66441e-05 1.71919e-05 1.79769e+308 2.60185 inf
572 6.46545e-06 1.71906e-05 1.66441e-05 1.79769e+308 2.56006 inf
573 6.58056e-06 1.74615e-05 1.66441e-05 1.79769e+308 2.56006 inf
574 6.64489e-06 1.76913e-05 1.66441e-05 1.79769e+308 2.56006 inf
575 6.43129e-06 1.87504e-05 1.66441e-05 1.79769e+308 2.56006 inf
576 6.51784e-06 1.80132e-05 1.66441e-05 1.79769e+308 2.56006 inf
577 6.6018e-06 1.91053e-05 1.66441e-05 1.79769e+308 2.56006 inf
578 6.51216e-06 1.76087e-05 1.66441e-05 1.79769e+308 2.56006 inf
579 6.56468e-06 1.86324e-05 1.66441e-05 1.79769e+308 2.56006 inf
580 6.51311e-06 1.83537e-05 1.66441e-05 1.79769e+308 2.56006 inf
581 6.54644e-06 1.86671e-05 1.66441e-05 1.79769e+308 2.56006 inf
582 7.01483e-06 1.73367e-05 1.66441e-05 1.79769e+308 2.56006 inf
583 6.57942e-06 1.73837e-05 1.66441e-05 1.79769e+308 2.56006 inf
584 6.50919e-06 1.83859e-05 1.66441e-05 1.79769e+308 2.56006 inf
585 6.53736e-06 1.74825e-05 1.66441e-05 1.79769e+308 2.56006 inf
586 6.53712e-06 1.73409e-05 1.66441e-05 1.79769e+308 2.56006 inf
587 6.76725e-06 1.83268e-05 1.66441e-05 1.79769e+308 2.56006 inf
588 6.37858e-06 1.7656e-05 1.66441e-05 1.79769e+308 2.56006 inf
589 6.60484e-06 1.88629e-05 1.66441e-05 1.79769e+308 2.56006 inf
590 6.43746e-06 1.89615e-05 1.66441e-05 1.79769e+308 2.56006 inf
591 6.53449e-06 1.81496e-05 1.66441e-05 1.79769e+308 2.56006 inf
592 6.59956e-06 2.24337e-05 1.66441e-05 1.79769e+308 2.56006 inf
593 6.56899e-06 1.81355e-05 1.66441e-05 1.79769e+308 2.56006 inf
594 6.61552e-06 1.72233e-05 1.66441e-05 1.79769e+308 2.56006 inf
595 6.63705e-06 1.76126e-05 1.66441e-05 1.79769e+308 2.56006 inf
596 6.74947e-06 1.82103e-05 1.66441e-05 1.79769e+308 2.56006 inf
597 6.32566e-06 2.09383e-05 1.66441e-05 1.79769e+308 2.56006 inf
598 6.44176e-06 1.83861e-05 1.66441e-05 1.79769e+308 2.56006 inf
599 7.06377e-06 1.76707e-05 1.66441e-05 1.79769e+308 2.56006 inf
600 6.51554e-06 1.93222e-05 1.66441e-05 1.79769e+308 2.56006 inf
601 6.58246e-06 1.74935e-05 1.66441e-05 1.79769e+308 2.56006 inf
602 6.37245e-06 1.85782e-05 1.66441e-05 1.79769e+308 2.56006 inf
603 6.51209e-06 1.74395e-05 1.66441e-05 1.79769e+308 2.56006 inf
604 6.64449e-06 1.97304e-05 1.66441e-05 1.79769e+308 2.56006 inf
605 6.52862e-06 1.66695e-05 1.66441e-05 1.79769e+308 2.56006 inf
606 6.64579e-06 1.95037e-05 1.66441e-05 1.79769e+308 2.56006 inf
607 6.47101e-06 1.78174e-05 1.66441e-05 1.79769e+308 2.56006 inf
608 6.55943e-06 1.79931e-05 1.66441e-05 1.79769e+308 2.56006 inf
609 6.55418e-06 1.7675e-05 1.66441e-05 1.79769e+308 2.56006 inf
610 6.47162e-06 1.73657e-05 1.66441e-05 1.79769e+308 2.56006 inf
611 6.53753e-06 1.82455e-05 1.66441e-05 1.79769e+308 2.56006 inf
612 6.59069e-06 1.75602e-05 1.66441e-05 1.79769e+308 2.56006 inf
613 6.4405e-06 1.74e-05 1.66441e-05 1.79769e+308 2.56006 inf
614 6.62397e-06 1.95444e-05 1.66441e-05 1.79769e+308 2.56006 inf
615 6.58195e-06 1.75323e-05 1.66441e-05 1.79769e+308 2.56006 inf
616 6.44997e-06 1.848e-05 1.66441e-05 1.79769e+308 2.56006 inf
617 6.651e-06 1.74772e-05 1.66441e-05 1.79769e+308 2.56006 inf
618 6.38356e-06 4.17452e-05 1.66441e-05 1.79769e+308 2.56006 inf
619 6.59293e-06 1.81207e-05 1.66441e-05 1.79769e+308 2.56006 inf
620 6.41234e-06 1.76304e-05 1.66441e-05 1.79769e+308 2.56006 inf
621 6.62744e-06 1.83566e-05 1.66441e-05 1.79769e+308 2.56006 inf
622 6.43299e-06 1.82342e-05 1.66441e-05 1.79769e+308 2.56006 inf
623 6.53163e-06 1.73781e-05 1.66441e-05 1.79769e+308 2.56006 inf
624 6.48242e-06 1.81098e-05 1.66441e-05 1.79769e+308 2.56006 inf
625 6.64578e-06 1.92992e-05 1.66441e-05 1.79769e+308 2.56006 inf
626 6.47741e-06 1.7628e-05 1.66441e-05 1.79769e+308 2.56006 inf
627 6.45965e-06 1.72841e-05 1.66441e-05 1.79769e+308 2.56006 inf
628 6.51794e-06 1.72501e-05 1.66441e-05 1.79769e+308 2.56006 inf
629 6.47711e-06 1.74141e-05 1.66441e-05 1.79769e+308 2.56006 inf
630 6.54578e-06 1.73998e-05 1.66441e-05 1.79769e+308 2.56006 inf
631 6.4632e-06 1.71118e-05 1.66441e-05 1.79769e+308 2.56006 inf
632 6.6487e-06 1.72384e-05 1.66441e-05 1.79769e+308 2.56006 inf
633 6.28294e-06 1.77953e-05 1.66441e-05 1.79769e+308 2.56006 inf
634 6.5226e-06 1.93163e-05 1.66441e-05 1.79769e+308 2.56006 inf
635 6.52106e-06 1.69275e-05 1.66441e-05 1.79769e+308 2.56006 inf
636 6.48508e-06 1.72153e-05 1.66441e-05 1.79769e+308 2.56006 inf
637 6.45161e-06 1.7337e-05 1.66441e-05 1.79769e+308 2.56006 inf
638 6.47332e-06 1.79513e-05 1.66441e-05 1.79769e+308 2.56006 inf
639 6.58931e-06 1.72421e-05 1.66441e-05 1.79769e+308 2.56006 inf
640 6.36795e-06 1.78736e-05 1.66441e-05 1.79769e+308 2.56006 inf
641 6.55933e-06 1.81652e-05 1.66441e-05 1.79769e+308 2.56006 inf
642 6.4579e-06 1.68967e-05 1.66441e-05 1.79769e+308 2.56006 inf
643 6.54621e-06 1.80559e-05 1.66441e-05 1.79769e+308 2.56006 inf
644 6.57155e-06 2.04476e-05 1.66441e-05 1.79769e+308 2.56006 inf
645 6.35035e-06 1.79924e-05 1.66441e-05 1.79769e+308 2.56006 inf
646 6.84924e-06 1.68522e-05 1.66441e-05 1.79769e+308 2.56006 inf
647 6.15147e-06 1.70433e-05 1.66441e-05 1.79769e+308 2.56006 inf
648 6.50536e-06 1.72664e-05 1.66441e-05 1.79769e+308 2.56006 inf
649 6.49716e-06 2.21716e-05 1.66441e-05 1.79769e+308 2.56006 inf
650 6.49524e-06 1.67871e-05 1.66441e-05 1.79769e+308 2.56006 inf
651 6.4387e-06 1.9271e-05 1.66441e-05 1.79769e+308 2.56006 inf
652 6.51101e-06 1.85034e-05 1.66441e-05 1.79769e+308 2.56006 inf
653 6.43377e-06 1.66739e-05 1.66441e-05 1.79769e+308 2.56006 inf
654 6.46321e-06 1.7578e-05 1.66441e-05 1.79769e+308 2.56006 inf
655 6.50429e-06 4.15381e-05 1.66441e-05 1.79769e+308 2.56006 inf
656 6.45777e-06 1.85838e-05 1.66441e-05 1.79769e+308 2.56006 inf
657 6.55959e-06 1.69519e-05 1.66441e-05 1.79769e+308 2.56006 inf
658 6.71661e-06 1.79591e-05 1.66441e-05 1.79769e+308 2.56006 inf
659 6.4036e-06 1.86421e-05 1.66441e-05 1.79769e+308 2.56006 inf
660 6.26965e-06 1.79975e-05 1.66441e-05 1.79769e+308 2.56006 inf
661 6.57062e-06 1.76094e-05 1.66441e-05 1.79769e+308 2.56006 inf
662 6.33531e-06 1.7457e-05 1.66441e-05 1.79769e+308 2.56006 inf
663 6.47759e-06 1.76723e-05 1.66441e-05 1.79769e+308 2.56006 inf
664 6.45954e-06 1.75434e-05 1.66441e-05 1.79769e+308 2.56006 inf
665 6.47884e-06 1.72004e-05 1.66441e-05 1.79769e+308 2.56006 inf
666 6.45465e-06 1.79284e-05 1.66441e-05 1.79769e+308 2.56006 inf
667 6.43568e-06 1.82065e-05 1.66441e-05 1.79769e+308 2.56006 inf
668 6.42893e-06 1.65472e-05 1.66441e-05 1.79769e+308 2.56006 inf
669 6.44892e-06 1.75482e-05 1.65472e-05 1.79769e+308 2.5526 inf
670 6.4912e-06 1.79337e-05 1.65472e-05 1.79769e+308 2.5526 inf
671 6.51219e-06 1.7538e-05 1.65472e-05 1.79769e+308 2.5526 inf
672 6.41717e-06 1.70757e-05 1.65472e-05 1.79769e+308 2.5526 inf
673 6.40271e-06 1.77463e-05 1.65472e-05 1.79769e+308 2.5526 inf
674 6.49883e-06 1.7556e-05 1.65472e-05 1.79769e+308 2.5526 inf
675 6.55936e-06 1.65127e-05 1.65472e-05 1.79769e+308 2.5526 inf
676 6.34947e-06 1.83399e-05 1.65127e-05 1.79769e+308 2.54993 inf
677 6.40086e-06 1.74988e-05 1.65127e-05 1.79769e+308 2.54993 inf
678 6.40536e-06 1.71983e-05 1.65127e-05 1.79769e+308 2.54993 inf
679 6.90757e-06 1.75784e-05 1.65127e-05 1.79769e+308 2.54993 inf
680 6.07308e-06 1.81999e-05 1.65127e-05 1.79769e+308 2.54993 inf
681 6.46495e-06 1.70502e-05 1.65127e-05 1.79769e+308 2.54993 inf
682 6.44066e-06 1.7872e-05 1.65127e-05 1.79769e+308 2.54993 inf
683 6.50515e-06 1.83759e-05 1.65127e-05 1.79769e+308 2.54993 inf
684 6.43357e-06 1.90846e-05 1.65127e-05 1.79769e+308 2.54993 inf
685 6.44178e-06 1.79123e-05 1.65127e-05 1.79769e+308 2.54993 inf
686 6.42589e-06 1.75864e-05 1.65127e-05 1.79769e+308 2.54993 inf
687 6.40452e-06 1.71512e-05 1.65127e-05 1.79769e+308 2.54993 inf
688 6.42762e-06 1.76561e-05 1.65127e-05 1.79769e+308 2.54993 inf
689 6.35958e-06 1.70289e-05 1.65127e-05 1.79769e+308 2.54993 inf
690 6.66956e-06 1.73226e-05 1.65127e-05 1.79769e+308 2.54993 inf
691 6.29457e-06 1.71873e-05 1.65127e-05 1.79769e+308 2.54993 inf
692 6.38421e-06 1.82064e-05 1.65127e-05 1.79769e+308 2.54993 inf
693 6.55196e-06 2.45968e-05 1.65127e-05 1.79769e+308 2.54993 inf
694 6.3192e-06 1.6478e-05 1.65127e-05 1.79769e+308 2.54993 inf
695 6.36591e-06 1.72001e-05 1.6478e-05 1.79769e+308 2.54726 inf
696 6.42252e-06 1.7242e-05 1.6478e-05 1.79769e+308 2.54726 inf
697 6.47116e-06 1.75909e-05 1.6478e-05 1.79769e+308 2.54726 inf
698 6.28868e-06 1.75458e-05 1.6478e-05 1.79769e+308 2.54726 inf
699 6.46908e-06 1.75e-05 1.6478e-05 1.79769e+308 2.54726 inf
700 6.369e-06 1.67014e-05 1.6478e-05 1.79769e+308 2.54726 inf
701 6.44381e-06 1.80204e-05 1.6478e-05 1.79769e+308 2.54726 inf
702 6.37503e-06 1.65715e-05 1.6478e-05 1.79769e+308 2.54726 inf
703 6.31812e-06 1.68742e-05 1.6478e-05 1.79769e+308 2.54726 inf
704 6.53844e-06 1.77363e-05 1.6478e-05 1.79769e+308 2.54726 inf
705 6.42618e-06 1.81904e-05 1.6478e-05 1.79769e+308 2.54726 inf
706 6.29801e-06 1.77643e-05 1.6478e-05 1.79769e+308 2.54726 inf
707 6.54158e-06 1.83141e-05 1.6478e-05 1.79769e+308 2.54726 inf
708 6.34634e-06 1.68673e-05 1.6478e-05 1.79769e+308 2.54726 inf
709 6.5341e-06 1.82374e-05 1.6478e-05 1.79769e+308 2.54726 inf
710 6.27879e-06 1.76646e-05 1.6478e-05 1.79769e+308 2.54726 inf
711 6.3979e-06 1.82846e-05 1.6478e-05 1.79769e+308 2.54726 inf
712 6.46615e-06 1.82289e-05 1.6478e-05 1.79769e+308 2.54726 inf
713 6.33036e-06 1.8103e-05 1.6478e-05 1.79769e+308 2.54726 inf
714 6.40679e-06 1.70796e-05 1.6478e-05 1.79769e+308 2.54726 inf
715 6.5705e-06 1.75375e-05 1.6478e-05 1.79769e+308 2.54726 inf
716 6.20463e-06 1.94779e-05 1.6478e-05 1.79769e+308 2.54726 inf
717 6.44587e-06 1.77148e-05 1.6478e-05 1.79769e+308 2.54726 inf
718 6.44173e-06 1.80097e-05 1.6478e-05 1.79769e+308 2.54726 inf
719 6.51951e-06 1.89368e-05 1.6478e-05 1.79769e+308 2.54726 inf
720 6.22561e-06 1.708e-05 1.6478e-05 1.79769e+308 2.54726 inf
721 6.37801e-06 1.74277e-05 1.6478e-05 1.79769e+308 2.54726 inf
722 6.38419e-06 1.75264e-05 1.6478e-05 1.79769e+308 2.54726 inf
723 6.47828e-06 1.7319e-05 1.6478e-05 1.79769e+308 2.54726 inf
724 6.2919e-06 1.73485e-05 1.6478e-05 1.79769e+308 2.54726 inf
725 6.76234e-06 1.71324e-05 1.6478e-05 1.79769e+308 2.54726 inf
726 6.3452e-06 1.68911e-05 1.6478e-05 1.79769e+308 2.54726 inf
727 6.33977e-06 1.68035e-05 1.6478e-05 1.79769e+308 2.54726 inf
728 6.35141e-06 2.52733e-05 1.6478e-05 1.79769e+308 2.54726 inf
729 6.4682e-06 1.76364e-05 1.6478e-05 1.79769e+308 2.54726 inf
730 6.2581e-06 1.62924e-05 1.6478e-05 1.79769e+308 2.54726 inf
731 6.54179e-06 1.74264e-05 1.62924e-05 1.79769e+308 2.53287 inf
732 6.30451e-06 1.81992e-05 1.62924e-05 1.79769e+308 2.53287 inf
733 6.34635e-06 1.69076e-05 1.62924e-05 1.79769e+308 2.53287 inf
734 6.55179e-06 1.79176e-05 1.62924e-05 1.79769e+308 2.53287 inf
735 6.27922e-06 1.93557e-05 1.62924e-05 1.79769e+308 2.53287 inf
736 6.46238e-06 1.79611e-05 1.62924e-05 1.79769e+308 2.53287 inf
737 6.19602e-06 1.65963e-05 1.62924e-05 1.79769e+308 2.53287 inf
738 6.51793e-06 1.66235e-05 1.62924e-05 1.79769e+308 2.53287 inf
739 6.28253e-06 1.83106e-05 1.62924e-05 1.79769e+308 2.53287 inf
740 6.49394e-06 1.87332e-05 1.62924e-05 1.79769e+308 2.53287 inf
741 6.23388e-06 1.6391e-05 1.62924e-05 1.79769e+308 2.53287 inf
742 6.37213e-06 1.69103e-05 1.62924e-05 1.79769e+308 2.53287 inf
743 6.29353e-06 1.77459e-05 1.62924e-05 1.79769e+308 2.53287 inf
744 6.54863e-06 1.74146e-05 1.62924e-05 1.79769e+308 2.53287 inf
745 6.12567e-06 1.65921e-05 1.62924e-05 1.79769e+308 2.53287 inf
746 6.33607e-06 1.74481e-05 1.62924e-05 1.79769e+308 2.53287 inf
747 6.53983e-06 1.86489e-05 1.62924e-05 1.79769e+308 2.53287 inf
748 6.27754e-06 1.77805e-05 1.62924e-05 1.79769e+308 2.53287 inf
749 6.31999e-06 1.79179e-05 1.62924e-05 1.79769e+308 2.53287 inf
750 6.32902e-06 1.92478e-05 1.62924e-05 1.79769e+308 2.53287 inf
751 6.35527e-06 1.7012e-05 1.62924e-05 1.79769e+308 2.53287 inf
752 6.36278e-06 1.58059e-05 1.62924e-05 1.79769e+308 2.53287 inf
753 6.54911e-06 1.77102e-05 1.58059e-05 1.79769e+308 2.49477 inf
754 6.10668e-06 1.77135e-05 1.58059e-05 1.79769e+308 2.49477 inf
755 6.33071e-06 1.64096e-05 1.58059e-05 1.79769e+308 2.49477 inf
756 6.34421e-06 1.73305e-05 1.58059e-05 1.79769e+308 2.49477 inf
757 6.60041e-06 1.78531e-05 1.58059e-05 1.79769e+308 2.49477 inf
758 6.31278e-06 1.66706e-05 1.58059e-05 1.79769e+308 2.49477 inf
759 6.37097e-06 1.74651e-05 1.58059e-05 1.79769e+308 2.49477 inf
760 6.33599e-06 1.64585e-05 1.58059e-05 1.79769e+308 2.49477 inf
761 6.39203e-06 1.73836e-05 1.58059e-05 1.79769e+308 2.49477 inf
762 6.38229e-06 1.85816e-05 1.58059e-05 1.79769e+308 2.49477 inf
763 6.38939e-06 2.47034e-05 1.58059e-05 1.79769e+308 2.49477 inf
764 6.30593e-06 1.77196e-05 1.58059e-05 1.79769e+308 2.49477 inf
765 6.3674e-06 2.22404e-05 1.58059e-05 1.79769e+308 2.49477 inf
766 6.24155e-06 1.6948e-05 1.58059e-05 1.79769e+308 2.49477 inf
767 6.32275e-06 1.63801e-05 1.58059e-05 1.79769e+308 2.49477 inf
768 6.36316e-06 1.65729e-05 1.58059e-05 1.79769e+308 2.49477 inf
769 6.23732e-06 2.00803e-05 1.58059e-05 1.79769e+308 2.49477 inf
770 6.36702e-06 1.72354e-05 1.58059e-05 1.79769e+308 2.49477 inf
771 6.32526e-06 1.73821e-05 1.58059e-05 1.79769e+308 2.49477 inf
772 6.36622e-06 1.64622e-05 1.58059e-05 1.79769e+308 2.49477 inf
773 6.24247e-06 1.68456e-05 1.58059e-05 1.79769e+308 2.49477 inf
774 6.32573e-06 1.62062e-05 1.58059e-05 1.79769e+308 2.49477 inf
775 6.48454e-06 1.63053e-05 1.58059e-05 1.79769e+308 2.49477 inf
776 6.43828e-06 1.76114e-05 1.58059e-05 1.79769e+308 2.49477 inf
777 6.43927e-06 1.67671e-05 1.58059e-05 1.79769e+308 2.49477 inf
778 6.11941e-06 1.6971e-05 1.58059e-05 1.79769e+308 2.49477 inf
779 6.3423e-06 1.65544e-05 1.58059e-05 1.79769e+308 2.49477 inf
780 6.31183e-06 1.65471e-05 1.58059e-05 1.79769e+308 2.49477 inf
781 6.25426e-06 2.52183e-05 1.58059e-05 1.79769e+308 2.49477 inf
782 6.36524e-06 1.63844e-05 1.58059e-05 1.79769e+308 2.49477 inf
783 6.30668e-06 1.73797e-05 1.58059e-05 1.79769e+308 2.49477 inf
784 6.33656e-06 1.72777e-05 1.58059e-05 1.79769e+308 2.49477 inf
785 6.24106e-06 1.66332e-05 1.58059e-05 1.79769e+308 2.49477 inf
786 6.29193e-06 1.75703e-05 1.58059e-05 1.79769e+308 2.49477 inf
787 6.28048e-06 1.73405e-05 1.58059e-05 1.79769e+308 2.49477 inf
788 6.5262e-06 1.718e-05 1.58059e-05 1.79769e+308 2.49477 inf
789 6.21019e-06 1.72179e-05 1.58059e-05 1.79769e+308 2.49477 inf
790 6.35154e-06 1.65455e-05 1.58059e-05 1.79769e+308 2.49477 inf
791 6.33835e-06 1.72473e-05 1.58059e-05 1.79769e+308 2.49477 inf
792 6.31238e-06 1.78353e-05 1.58059e-05 1.79769e+308 2.49477 inf
793 6.32986e-06 1.78799e-05 1.58059e-05 1.79769e+308 2.49477 inf
794 6.19369e-06 1.85916e-05 1.58059e-05 1.79769e+308 2.49477 inf
795 6.45128e-06 1.8162e-05 1.58059e-05 1.79769e+308 2.49477 inf
796 6.26223e-06 1.68474e-05 1.58059e-05 1.79769e+308 2.49477 inf
797 6.35406e-06 1.70004e-05 1.58059e-05 1.79769e+308 2.49477 inf
798 6.29697e-06 1.63074e-05 1.58059e-05 1.79769e+308 2.49477 inf
799 6.26585e-06 1.84988e-05 1.58059e-05 1.79769e+308 2.49477 inf
800 6.41895e-06 1.63265e-05 1.58059e-05 1.79769e+308 2.49477 inf
801 6.2598e-06 1.72739e-05 1.58059e-05 1.79769e+308 2.49477 inf
802 6.22472e-06 1.59221e-05 1.58059e-05 1.79769e+308 2.49477 inf
803 6.54585e-06 1.65573e-05 1.58059e-05 1.79769e+308 2.49477 inf
804 6.23673e-06 1.79109e-05 1.58059e-05 1.79769e+308 2.49477 inf
805 6.26631e-06 1.99713e-05 1.58059e-05 1.79769e+308 2.49477 inf
806 6.43179e-06 1.66607e-05 1.58059e-05 1.79769e+308 2.49477 inf
807 6.31009e-06 1.7595e-05 1.58059e-05 1.79769e+308 2.49477 inf
808 6.35087e-06 1.74982e-05 1.58059e-05 1.79769e+308 2.49477 inf
809 6.59592e-06 2.09432e-05 1.58059e-05 1.79769e+308 2.49477 inf
810 6.04026e-06 1.724e-05 1.58059e-05 1.79769e+308 2.49477 inf
811 6.23064e-06 1.68992e-05 1.58059e-05 1.79769e+308 2.49477 inf
812 6.28149e-06 1.78546e-05 1.58059e-05 1.79769e+308 2.49477 inf
813 6.75914e-06 1.7139e-05 1.58059e-05 1.79769e+308 2.49477 inf
814 5.94447e-06 1.74584e-05 1.58059e-05 1.79769e+308 2.49477 inf
815 6.2791e-06 1.97198e-05 1.58059e-05 1.79769e+308 2.49477 inf
816 6.72417e-06 5.01773e-05 1.58059e-05 1.79769e+308 2.49477 inf
817 6.03267e-06 1.62907e-05 1.58059e-05 1.79769e+308 2.49477 inf
818 6.2601e-06 2.1379e-05 1.58059e-05 1.79769e+308 2.49477 inf
819 6.272e-06 1.70148e-05 1.58059e-05 1.79769e+308 2.49477 inf
820 6.25432e-06 1.85082e-05 1.58059e-05 1.79769e+308 2.49477 inf
821 6.27006e-06 1.70181e-05 1.58059e-05 1.79769e+308 2.49477 inf
822 6.17006e-06 1.76651e-05 1.58059e-05 1.79769e+308 2.49477 inf
823 6.70431e-06 1.69287e-05 1.58059e-05 1.79769e+308 2.49477 inf
824 6.31608e-06 1.68557e-05 1.58059e-05 1.79769e+308 2.49477 inf
825 6.21533e-06 1.69771e-05 1.58059e-05 1.79769e+308 2.49477 inf
826 6.26987e-06 1.68308e-05 1.58059e-05 1.79769e+308 2.49477 inf
827 6.28099e-06 1.77045e-05 1.58059e-05 1.79769e+308 2.49477 inf
828 6.24999e-06 1.71154e-05 1.58059e-05 1.79769e+308 2.49477 inf
829 6.30766e-06 1.72394e-05 1.58059e-05 1.79769e+308 2.49477 inf
830 6.13643e-06 1.65958e-05 1.58059e-05 1.79769e+308 2.49477 inf
831 6.35467e-06 1.76504e-05 1.58059e-05 1.79769e+308 2.49477 inf
832 6.31224e-06 1.79799e-05 1.58059e-05 1.79769e+308 2.49477 inf
833 6.18059e-06 1.79957e-05 1.58059e-05 1.79769e+308 2.49477 inf
834 6.34763e-06 1.73079e-05 1.58059e-05 1.79769e+308 2.49477 inf
835 6.31204e-06 1.69693e-05 1.58059e-05 1.79769e+308 2.49477 inf
836 6.41291e-06 1.96587e-05 1.58059e-05 1.79769e+308 2.49477 inf
837 6.13117e-06 1.67846e-05 1.58059e-05 1.79769e+308 2.49477 inf
838 6.26133e-06 1.84645e-05 1.58059e-05 1.79769e+308 2.49477 inf
839 6.22894e-06 1.60547e-05 1.58059e-05 1.79769e+308 2.49477 inf
840 6.26803e-06 1.95235e-05 1.58059e-05 1.79769e+308 2.49477 inf
841 6.30919e-06 1.74123e-05 1.58059e-05 1.79769e+308 2.49477 inf
842 6.19985e-06 1.66137e-05 1.58059e-05 1.79769e+308 2.49477 inf
843 6.30827e-06 1.64751e-05 1.58059e-05 1.79769e+308 2.49477 inf
844 6.27799e-06 1.70471e-05 1.58059e-05 1.79769e+308 2.49477 inf
845 6.15677e-06 1.71061e-05 1.58059e-05 1.79769e+308 2.49477 inf
846 6.32232e-06 2.43068e-05 1.58059e-05 1.79769e+308 2.49477 inf
847 6.14969e-06 1.77505e-05 1.58059e-05 1.79769e+308 2.49477 inf
848 6.45806e-06 1.89377e-05 1.58059e-05 1.79769e+308 2.49477 inf
849 6.19141e-06 1.79676e-05 1.58059e-05 1.79769e+308 2.49477 inf
850 6.53514e-06 1.66562e-05 1.58059e-05 1.79769e+308 2.49477 inf
851 6.0251e-06 1.69105e-05 1.58059e-05 1.79769e+308 2.49477 inf
852 6.18863e-06 1.83013e-05 1.58059e-05 1.79769e+308 2.49477 inf
853 5.43181e-06 1.63906e-05 1.58059e-05 1.79769e+308 2.49477 inf
854 5.603e-06 1.94873e-05 1.58059e-05 1.79769e+308 2.49477 inf
855 5.53009e-06 1.74303e-05 1.58059e-05 1.79769e+308 2.49477 inf
856 5.5644e-06 1.7853e-05 1.58059e-05 1.79769e+308 2.49477 inf
857 5.53528e-06 1.69494e-05 1.58059e-05 1.79769e+308 2.49477 inf
858 5.54272e-06 1.79258e-05 1.58059e-05 1.79769e+308 2.49477 inf
859 5.58093e-06 1.8414e-05 1.58059e-05 1.79769e+308 2.49477 inf
860 5.54295e-06 1.97994e-05 1.58059e-05 1.79769e+308 2.49477 inf
861 5.55968e-06 2.41009e-05 1.58059e-05 1.79769e+308 2.49477 inf
862 5.54117e-06 2.24693e-05 1.58059e-05 1.79769e+308 2.49477 inf
863 5.60301e-06 1.74219e-05 1.58059e-05 1.79769e+308 2.49477 inf
864 5.51572e-06 1.73438e-05 1.58059e-05 1.79769e+308 2.49477 inf
865 5.52752e-06 1.80556e-05 1.58059e-05 1.79769e+308 2.49477 inf
866 5.61994e-06 1.70579e-05 1.58059e-05 1.79769e+308 2.49477 inf
867 5.60152e-06 1.66243e-05 1.58059e-05 1.79769e+308 2.49477 inf
868 5.54755e-06 1.67301e-05 1.58059e-05 1.79769e+308 2.49477 inf
869 5.58533e-06 1.69205e-05 1.58059e-05 1.79769e+308 2.49477 inf
870 5.59104e-06 1.61557e-05 1.58059e-05 1.79769e+308 2.49477 inf
871 5.55957e-06 1.7316e-05 1.58059e-05 1.79769e+308 2.49477 inf
872 5.56569e-06 1.64659e-05 1.58059e-05 1.79769e+308 2.49477 inf
873 5.57133e-06 1.59456e-05 1.58059e-05 1.79769e+308 2.49477 inf
874 5.55847e-06 1.69696e-05 1.58059e-05 1.79769e+308 2.49477 inf
875 5.57373e-06 1.69812e-05 1.58059e-05 1.79769e+308 2.49477 inf
876 5.56698e-06 1.77523e-05 1.58059e-05 1.79769e+308 2.49477 inf
877 5.56296e-06 1.65773e-05 1.58059e-05 1.79769e+308 2.49477 inf
878 5.60662e-06 1.66952e-05 1.58059e-05 1.79769e+308 2.49477 inf
879 5.59166e-06 1.7603e-05 1.58059e-05 1.79769e+308 2.49477 inf
880 5.62003e-06 1.73308e-05 1.58059e-05 1.79769e+308 2.49477 inf
881 5.59739e-06 1.64859e-05 1.58059e-05 1.79769e+308 2.49477 inf
882 5.60626e-06 1.7063e-05 1.58059e-05 1.79769e+308 2.49477 inf
883 5.63812e-06 1.71832e-05 1.58059e-05 1.79769e+308 2.49477 inf
884 5.63412e-06 1.75366e-05 1.58059e-05 1.79769e+308 2.49477 inf
885 5.60281e-06 1.67916e-05 1.58059e-05 1.79769e+308 2.49477 inf
886 5.62199e-06 1.58461e-05 1.58059e-05 1.79769e+308 2.49477 inf
887 5.58166e-06 1.62445e-05 1.58059e-05 1.79769e+308 2.49477 inf
888 5.69959e-06 1.63588e-05 1.58059e-05 1.79769e+308 2.49477 inf
889 5.57166e-06 1.95091e-05 1.58059e-05 1.79769e+308 2.49477 inf
890 5.56543e-06 1.72216e-05 1.58059e-05 1.79769e+308 2.49477 inf
891 5.60681e-06 1.65662e-05 1.58059e-05 1.79769e+308 2.49477 inf
892 5.62952e-06 1.64695e-05 1.58059e-05 1.79769e+308 2.49477 inf
893 5.60748e-06 1.78463e-05 1.58059e-05 1.79769e+308 2.49477 inf
894 5.59365e-06 1.83006e-05 1.58059e-05 1.79769e+308 2.49477 inf
895 5.62759e-06 1.86977e-05 1.58059e-05 1.79769e+308 2.49477 inf
896 5.60156e-06 1.67071e-05 1.58059e-05 1.79769e+308 2.49477 inf
897 5.65577e-06 1.89078e-05 1.58059e-05 1.79769e+308 2.49477 inf
898 5.57777e-06 1.62899e-05 1.58059e-05 1.79769e+308 2.49477 inf
899 5.5946e-06 1.64509e-05 1.58059e-05 1.79769e+308 2.49477 inf
900 5.61328e-06 2.09719e-05 1.58059e-05 1.79769e+308 2.49477 inf
901 5.61316e-06 1.73219e-05 1.58059e-05 1.79769e+308 2.49477 inf
902 5.61306e-06 1.69154e-05 1.58059e-05 1.79769e+308 2.49477 inf
903 5.61615e-06 1.68101e-05 1.58059e-05 1.79769e+308 2.49477 inf
904 5.62019e-06 1.72744e-05 1.58059e-05 1.79769e+308 2.49477 inf
905 5.65258e-06 1.70877e-05 1.58059e-05 1.79769e+308 2.49477 inf
906 5.57984e-06 1.68602e-05 1.58059e-05 1.79769e+308 2.49477 inf
907 5.64484e-06 1.92954e-05 1.58059e-05 1.79769e+308 2.49477 inf
908 5.61698e-06 1.65215e-05 1.58059e-05 1.79769e+308 2.49477 inf
909 5.68036e-06 1.67137e-05 1.58059e-05 1.79769e+308 2.49477 inf
910 5.58673e-06 1.75331e-05 1.58059e-05 1.79769e+308 2.49477 inf
911 5.66267e-06 1.87513e-05 1.58059e-05 1.79769e+308 2.49477 inf
912 5.68934e-06 1.63157e-05 1.58059e-05 1.79769e+308 2.49477 inf
913 5.60711e-06 1.74041e-05 1.58059e-05 1.79769e+308 2.49477 inf
914 5.66041e-06 1.84154e-05 1.58059e-05 1.79769e+308 2.49477 inf
915 5.62409e-06 1.74186e-05 1.58059e-05 1.79769e+308 2.49477 inf
916 5.62035e-06 1.75596e-05 1.58059e-05 1.79769e+308 2.49477 inf
917 5.6625e-06 1.71786e-05 1.58059e-05 1.79769e+308 2.49477 inf
918 5.67367e-06 1.81143e-05 1.58059e-05 1.79769e+308 2.49477 inf
919 5.59634e-06 1.69277e-05 1.58059e-05 1.79769e+308 2.49477 inf
920 5.68729e-06 1.76509e-05 1.58059e-05 1.79769e+308 2.49477 inf
921 5.59511e-06 1.94392e-05 1.58059e-05 1.79769e+308 2.49477 inf
922 5.69317e-06 1.64358e-05 1.58059e-05 1.79769e+308 2.49477 inf
923 5.60409e-06 1.75865e-05 1.58059e-05 1.79769e+308 2.49477 inf
924 5.63545e-06 1.84909e-05 1.58059e-05 1.79769e+308 2.49477 inf
925 5.61422e-06 1.79156e-05 1.58059e-05 1.79769e+308 2.49477 inf
926 5.62491e-06 1.64214e-05 1.58059e-05 1.79769e+308 2.49477 inf
927 5.67964e-06 1.70154e-05 1.58059e-05 1.79769e+308 2.49477 inf
928 5.6586e-06 1.65576e-05 1.58059e-05 1.79769e+308 2.49477 inf
929 5.67253e-06 1.73204e-05 1.58059e-05 1.79769e+308 2.49477 inf
930 5.65654e-06 1.7629e-05 1.58059e-05 1.79769e+308 2.49477 inf
931 5.62889e-06 1.65659e-05 1.58059e-05 1.79769e+308 2.49477 inf
932 5.67436e-06 1.75069e-05 1.58059e-05 1.79769e+308 2.49477 inf
933 5.66621e-06 1.69754e-05 1.58059e-05 1.79769e+308 2.49477 inf
934 5.63201e-06 1.79452e-05 1.58059e-05 1.79769e+308 2.49477 inf
935 5.63794e-06 1.64538e-05 1.58059e-05 1.79769e+308 2.49477 inf
936 5.68512e-06 1.8408e-05 1.58059e-05 1.79769e+308 2.49477 inf
937 5.67242e-06 1.67036e-05 1.58059e-05 1.79769e+308 2.49477 inf
938 5.6626e-06 1.7185e-05 1.58059e-05 1.79769e+308 2.49477 inf
939 5.58284e-06 1.71362e-05 1.58059e-05 1.79769e+308 2.49477 inf
940 5.67624e-06 1.59922e-05 1.58059e-05 1.79769e+308 2.49477 inf
941 5.63434e-06 1.68112e-05 1.58059e-05 1.79769e+308 2.49477 inf
942 5.67148e-06 2.56535e-05 1.58059e-05 1.79769e+308 2.49477 inf
943 5.62117e-06 1.67757e-05 1.58059e-05 1.79769e+308 2.49477 inf
944 5.6841e-06 1.66563e-05 1.58059e-05 1.79769e+308 2.49477 inf
945 5.65626e-06 1.74789e-05 1.58059e-05 1.79769e+308 2.49477 inf
946 5.70312e-06 1.62491e-05 1.58059e-05 1.79769e+308 2.49477 inf
947 5.63613e-06 1.95363e-05 1.58059e-05 1.79769e+308 2.49477 inf
948 5.70762e-06 1.74052e-05 1.58059e-05 1.79769e+308 2.49477 inf
949 5.63349e-06 1.82086e-05 1.58059e-05 1.79769e+308 2.49477 inf
950 5.67427e-06 1.71765e-05 1.58059e-05 1.79769e+308 2.49477 inf
951 5.65348e-06 2.12836e-05 1.58059e-05 1.79769e+308 2.49477 inf
952 5.64328e-06 2.09967e-05 1.58059e-05 1.79769e+308 2.49477 inf
953 5.37309e-06 1.72286e-05 1.58059e-05 1.79769e+308 2.49477 inf
954 5.38624e-06 1.59658e-05 1.58059e-05 1.79769e+308 2.49477 inf
955 5.4302e-06 1.6995e-05 1.58059e-05 1.79769e+308 2.49477 inf
956 5.38948e-06 1.68902e-05 1.58059e-05 1.79769e+308 2.49477 inf
957 5.41776e-06 1.90335e-05 1.58059e-05 1.79769e+308 2.49477 inf
958 5.44896e-06 1.62038e-05 1.58059e-05 1.79769e+308 2.49477 inf
959 5.44074e-06 1.71964e-05 1.58059e-05 1.79769e+308 2.49477 inf
960 5.43189e-06 1.67118e-05 1.58059e-05 1.79769e+308 2.49477 inf
961 5.44537e-06 1.66013e-05 1.58059e-05 1.79769e+308 2.49477 inf
962 5.46894e-06 1.7115e-05 1.58059e-05 1.79769e+308 2.49477 inf
963 5.44811e-06 1.74877e-05 1.58059e-05 1.79769e+308 2.49477 inf
964 5.4842e-06 1.76151e-05 1.58059e-05 1.79769e+308 2.49477 inf
965 5.46441e-06 1.83035e-05 1.58059e-05 1.79769e+308 2.49477 inf
966 5.45834e-06 1.6844e-05 1.58059e-05 1.79769e+308 2.49477 inf
967 5.50275e-06 1.73274e-05 1.58059e-05 1.79769e+308 2.49477 inf
968 5.47294e-06 1.77333e-05 1.58059e-05 1.79769e+308 2.49477 inf
969 5.48885e-06 1.63826e-05 1.58059e-05 1.79769e+308 2.49477 inf
970 5.46286e-06 1.73053e-05 1.58059e-05 1.79769e+308 2.49477 inf
971 5.44942e-06 1.68644e-05 1.58059e-05 1.79769e+308 2.49477 inf
972 5.47837e-06 1.68633e-05 1.58059e-05 1.79769e+308 2.49477 inf
973 5.49877e-06 1.80161e-05 1.58059e-05 1.79769e+308 2.49477 inf
974 5.49322e-06 1.72722e-05 1.58059e-05 1.79769e+308 2.49477 inf
975 5.52899e-06 1.7233e-05 1.58059e-05 1.79769e+308 2.49477 inf
976 5.47681e-06 1.68143e-05 1.58059e-05 1.79769e+308 2.49477 inf
977 5.54198e-06 1.64582e-05 1.58059e-05 1.79769e+308 2.49477 inf
978 5.49833e-06 1.67243e-05 1.58059e-05 1.79769e+308 2.49477 inf
979 5.49801e-06 1.69879e-05 1.58059e-05 1.79769e+308 2.49477 inf
980 5.5136e-06 1.73439e-05 1.58059e-05 1.79769e+308 2.49477 inf
981 5.52753e-06 1.63558e-05 1.58059e-05 1.79769e+308 2.49477 inf
982 5.52413e-06 1.65273e-05 1.58059e-05 1.79769e+308 2.49477 inf
983 5.57239e-06 1.77734e-05 1.58059e-05 1.79769e+308 2.49477 inf
984 5.52063e-06 1.80732e-05 1.58059e-05 1.79769e+308 2.49477 inf
985 5.52685e-06 1.68951e-05 1.58059e-05 1.79769e+308 2.49477 inf
986 5.55028e-06 1.64506e-05 1.58059e-05 1.79769e+308 2.49477 inf
987 5.53177e-06 1.72371e-05 1.58059e-05 1.79769e+308 2.49477 inf
988 5.55668e-06 1.64379e-05 1.58059e-05 1.79769e+308 2.49477 inf
989 5.5294e-06 1.66124e-05 1.58059e-05 1.79769e+308 2.49477 inf
990 5.53765e-06 1.80091e-05 1.58059e-05 1.79769e+308 2.49477 inf
991 5.55187e-06 1.70571e-05 1.58059e-05 1.79769e+308 2.49477 inf
992 5.55342e-06 1.61244e-05 1.58059e-05 1.79769e+308 2.49477 inf
993 5.56516e-06 1.74116e-05 1.58059e-05 1.79769e+308 2.49477 inf
994 5.56233e-06 1.69634e-05 1.58059e-05 1.79769e+308 2.49477 inf
995 5.56666e-06 1.75815e-05 1.58059e-05 1.79769e+308 2.49477 inf
996 5.53965e-06 1.77381e-05 1.58059e-05 1.79769e+308 2.49477 inf
997 5.54814e-06 1.73464e-05 1.58059e-05 1.79769e+308 2.49477 inf
998 5.62873e-06 1.89085e-05 1.58059e-05 1.79769e+308 2.49477 inf
999 5.55684e-06 1.74513e-05 1.58059e-05 1.79769e+308 2.49477 inf
1000 5.54342e-06 1.69352e-05 1.58059e-05 1.79769e+308 2.49477 inf
1001 5.59442e-06 1.75793e-05 1.58059e-05 1.79769e+308 2.49477 inf
1002 5.58522e-06 1.76978e-05 1.58059e-05 1.79769e+308 2.49477 inf
1003 5.57274e-06 1.77972e-05 1.58059e-05 1.79769e+308 2.49477 inf
1004 5.55829e-06 1.67866e-05 1.58059e-05 1.79769e+308 2.49477 inf
1005 5.56469e-06 1.62501e-05 1.58059e-05 1.79769e+308 2.49477 inf
1006 5.63873e-06 1.66058e-05 1.58059e-05 1.79769e+308 2.49477 inf
1007 5.60706e-06 1.64232e-05 1.58059e-05 1.79769e+308 2.49477 inf
1008 5.62535e-06 1.70939e-05 1.58059e-05 1.79769e+308 2.49477 inf
1009 5.61313e-06 1.68106e-05 1.58059e-05 1.79769e+308 2.49477 inf
1010 5.66289e-06 1.71088e-05 1.58059e-05 1.79769e+308 2.49477 inf
1011 5.6463e-06 1.67842e-05 1.58059e-05 1.79769e+308 2.49477 inf
1012 5.64967e-06 1.83075e-05 1.58059e-05 1.79769e+308 2.49477 inf
1013 5.62511e-06 1.84608e-05 1.58059e-05 1.79769e+308 2.49477 inf
1014 5.65071e-06 1.94296e-05 1.58059e-05 1.79769e+308 2.49477 inf
1015 5.60574e-06 1.67282e-05 1.58059e-05 1.79769e+308 2.49477 inf
1016 5.66339e-06 1.80535e-05 1.58059e-05 1.79769e+308 2.49477 inf
1017 5.63874e-06 1.8235e-05 1.58059e-05 1.79769e+308 2.49477 inf
1018 5.63433e-06 1.75468e-05 1.58059e-05 1.79769e+308 2.49477 inf
1019 5.661e-06 1.82838e-05 1.58059e-05 1.79769e+308 2.49477 inf
1020 5.66721e-06 1.72408e-05 1.58059e-05 1.79769e+308 2.49477 inf
1021 5.61535e-06 1.6745e-05 1.58059e-05 1.79769e+308 2.49477 inf
1022 5.64192e-06 1.67039e-05 1.58059e-05 1.79769e+308 2.49477 inf
1023 5.644e-06 1.67768e-05 1.58059e-05 1.79769e+308 2.49477 inf
1024 5.62667e-06 1.90713e-05 1.58059e-05 1.79769e+308 2.49477 inf
1025 5.66257e-06 1.76046e-05 1.58059e-05 1.79769e+308 2.49477 inf
1026 5.66871e-06 1.63005e-05 1.58059e-05 1.79769e+308 2.49477 inf
1027 5.67138e-06 1.82111e-05 1.58059e-05 1.79769e+308 2.49477 inf
1028 5.68109e-06 1.71068e-05 1.58059e-05 1.79769e+308 2.49477 inf
1029 5.63286e-06 1.98051e-05 1.58059e-05 1.79769e+308 2.49477 inf
1030 5.64601e-06 1.74512e-05 1.58059e-05 1.79769e+308 2.49477 inf
1031 5.62613e-06 1.65808e-05 1.58059e-05 1.79769e+308 2.49477 inf
1032 5.67287e-06 1.86222e-05 1.58059e-05 1.79769e+308 2.49477 inf
1033 5.64106e-06 1.76168e-05 1.58059e-05 1.79769e+308 2.49477 inf
1034 5.65796e-06 1.79974e-05 1.58059e-05 1.79769e+308 2.49477 inf
1035 5.64216e-06 1.88151e-05 1.58059e-05 1.79769e+308 2.49477 inf
1036 5.6808e-06 1.68255e-05 1.58059e-05 1.79769e+308 2.49477 inf
1037 5.67764e-06 1.7765e-05 1.58059e-05 1.79769e+308 2.49477 inf
1038 5.65294e-06 1.71269e-05 1.58059e-05 1.79769e+308 2.49477 inf
1039 5.66236e-06 1.76982e-05 1.58059e-05 1.79769e+308 2.49477 inf
1040 5.6751e-06 1.88244e-05 1.58059e-05 1.79769e+308 2.49477 inf
1041 5.65613e-06 1.85653e-05 1.58059e-05 1.79769e+308 2.49477 inf
1042 5.64808e-06 1.76724e-05 1.58059e-05 1.79769e+308 2.49477 inf
1043 5.64846e-06 1.75272e-05 1.58059e-05 1.79769e+308 2.49477 inf
1044 5.68648e-06 1.78872e-05 1.58059e-05 1.79769e+308 2.49477 inf
1045 5.68277e-06 1.79825e-05 1.58059e-05 1.79769e+308 2.49477 inf
1046 5.69418e-06 1.74196e-05 1.58059e-05 1.79769e+308 2.49477 inf
1047 5.67986e-06 1.71293e-05 1.58059e-05 1.79769e+308 2.49477 inf
1048 5.66697e-06 1.76031e-05 1.58059e-05 1.79769e+308 2.49477 inf
1049 5.70379e-06 1.73484e-05 1.58059e-05 1.79769e+308 2.49477 inf
1050 5.71697e-06 1.70956e-05 1.58059e-05 1.79769e+308 2.49477 inf
1051 5.67824e-06 1.76837e-05 1.58059e-05 1.79769e+308 2.49477 inf
1052 5.71898e-06 1.70446e-05 1.58059e-05 1.79769e+308 2.49477 inf
1053 5.66433e-06 1.73293e-05 1.58059e-05 1.79769e+308 2.49477 inf
1054 5.67302e-06 1.74976e-05 1.58059e-05 1.79769e+308 2.49477 inf
1055 5.66507e-06 1.69448e-05 1.58059e-05 1.79769e+308 2.49477 inf
1056 5.70654e-06 1.70899e-05 1.58059e-05 1.79769e+308 2.49477 inf
1057 5.69926e-06 1.6719e-05 1.58059e-05 1.79769e+308 2.49477 inf
1058 5.70239e-06 1.67506e-05 1.58059e-05 1.79769e+308 2.49477 inf
1059 5.65281e-06 1.64584e-05 1.58059e-05 1.79769e+308 2.49477 inf
1060 5.6982e-06 1.73734e-05 1.58059e-05 1.79769e+308 2.49477 inf
1061 5.71779e-06 1.73654e-05 1.58059e-05 1.79769e+308 2.49477 inf
1062 5.7414e-06 1.76775e-05 1.58059e-05 1.79769e+308 2.49477 inf
1063 5.75368e-06 1.75968e-05 1.58059e-05 1.79769e+308 2.49477 inf
1064 5.72432e-06 1.70911e-05 1.58059e-05 1.79769e+308 2.49477 inf
1065 5.7887e-06 1.77299e-05 1.58059e-05 1.79769e+308 2.49477 inf
1066 5.77816e-06 1.82836e-05 1.58059e-05 1.79769e+308 2.49477 inf
1067 5.80675e-06 1.78914e-05 1.58059e-05 1.79769e+308 2.49477 inf
1068 5.78598e-06 1.78273e-05 1.58059e-05 1.79769e+308 2.49477 inf
1069 5.81354e-06 1.79665e-05 1.58059e-05 1.79769e+308 2.49477 inf
1070 5.78437e-06 1.73828e-05 1.58059e-05 1.79769e+308 2.49477 inf
1071 5.78975e-06 1.82027e-05 1.58059e-05 1.79769e+308 2.49477 inf
1072 5.84435e-06 1.76278e-05 1.58059e-05 1.79769e+308 2.49477 inf
1073 5.82891e-06 1.7308e-05 1.58059e-05 1.79769e+308 2.49477 inf
1074 5.87795e-06 1.85346e-05 1.58059e-05 1.79769e+308 2.49477 inf
1075 5.88025e-06 1.80681e-05 1.58059e-05 1.79769e+308 2.49477 inf
1076 5.82318e-06 1.787e-05 1.58059e-05 1.79769e+308 2.49477 inf
1077 5.83876e-06 1.73329e-05 1.58059e-05 1.79769e+308 2.49477 inf
1078 5.87486e-06 1.89639e-05 1.58059e-05 1.79769e+308 2.49477 inf
1079 5.87428e-06 2.01008e-05 1.58059e-05 1.79769e+308 2.49477 inf
1080 5.88027e-06 1.77179e-05 1.58059e-05 1.79769e+308 2.49477 inf
1081 5.89026e-06 1.74555e-05 1.58059e-05 1.79769e+308 2.49477 inf
1082 5.89436e-06 1.86017e-05 1.58059e-05 1.79769e+308 2.49477 inf
1083 5.94585e-06 1.85451e-05 1.58059e-05 1.79769e+308 2.49477 inf
1084 5.92985e-06 1.8303e-05 1.58059e-05 1.79769e+308 2.49477 inf
1085 5.89311e-06 1.84247e-05 1.58059e-05 1.79769e+308 2.49477 inf
1086 5.90946e-06 1.84557e-05 1.58059e-05 1.79769e+308 2.49477 inf
1087 5.91023e-06 1.79629e-05 1.58059e-05 1.79769e+308 2.49477 inf
1088 5.94554e-06 1.7681e-05 1.58059e-05 1.79769e+308 2.49477 inf
1089 5.96975e-06 1.95073e-05 1.58059e-05 1.79769e+308 2.49477 inf
1090 5.93862e-06 1.86253e-05 1.58059e-05 1.79769e+308 2.49477 inf
1091 5.87427e-06 1.77279e-05 1.58059e-05 1.79769e+308 2.49477 inf
1092 5.95538e-06 1.87908e-05 1.58059e-05 1.79769e+308 2.49477 inf
1093 5.97174e-06 1.70498e-05 1.58059e-05 1.79769e+308 2.49477 inf
1094 5.93654e-06 1.78988e-05 1.58059e-05 1.79769e+308 2.49477 inf
1095 5.93004e-06 1.78011e-05 1.58059e-05 1.79769e+308 2.49477 inf
1096 5.94545e-06 1.78144e-05 1.58059e-05 1.79769e+308 2.49477 inf
1097 5.96695e-06 1.81415e-05 1.58059e-05 1.79769e+308 2.49477 inf
1098 5.96207e-06 1.73654e-05 1.58059e-05 1.79769e+308 2.49477 inf
1099 5.99592e-06 1.82009e-05 1.58059e-05 1.79769e+308 2.49477 inf
1100 5.99185e-06 1.87998e-05 1.58059e-05 1.79769e+308 2.49477 inf
1101 6.03103e-06 1.90923e-05 1.58059e-05 1.79769e+308 2.49477 inf
1102 6.04463e-06 1.90131e-05 1.58059e-05 1.79769e+308 2.49477 inf
1103 6.02409e-06 1.77207e-05 1.58059e-05 1.79769e+308 2.49477 inf
1104 5.9842e-06 1.76353e-05 1.58059e-05 1.79769e+308 2.49477 inf
1105 6.00388e-06 1.81319e-05 1.58059e-05 1.79769e+308 2.49477 inf
1106 6.07167e-06 1.97104e-05 1.58059e-05 1.79769e+308 2.49477 inf
1107 6.01952e-06 1.88308e-05 1.58059e-05 1.79769e+308 2.49477 inf
1108 6.06582e-06 1.77779e-05 1.58059e-05 1.79769e+308 2.49477 inf
1109 6.05215e-06 1.91394e-05 1.58059e-05 1.79769e+308 2.49477 inf
1110 6.07904e-06 1.86521e-05 1.58059e-05 1.79769e+308 2.49477 inf
1111 6.06928e-06 1.89123e-05 1.58059e-05 1.79769e+308 2.49477 inf
1112 6.09755e-06 1.76037e-05 1.58059e-05 1.79769e+308 2.49477 inf
1113 6.1004e-06 1.87233e-05 1.58059e-05 1.79769e+308 2.49477 inf
1114 6.08643e-06 1.81292e-05 1.58059e-05 1.79769e+308 2.49477 inf
1115 6.06931e-06 1.79425e-05 1.58059e-05 1.79769e+308 2.49477 inf
1116 6.11235e-06 1.82072e-05 1.58059e-05 1.79769e+308 2.49477 inf
1117 6.0679e-06 1.77762e-05 1.58059e-05 1.79769e+308 2.49477 inf
1118 6.10332e-06 2.05119e-05 1.58059e-05 1.79769e+308 2.49477 inf
1119 6.06112e-06 1.88197e-05 1.58059e-05 1.79769e+308 2.49477 inf
1120 6.08431e-06 1.77211e-05 1.58059e-05 1.79769e+308 2.49477 inf
1121 6.17725e-06 1.95253e-05 1.58059e-05 1.79769e+308 2.49477 inf
1122 6.15459e-06 1.74587e-05 1.58059e-05 1.79769e+308 2.49477 inf
1123 6.12865e-06 2.16571e-05 1.58059e-05 1.79769e+308 2.49477 inf
1124 6.14148e-06 2.14704e-05 1.58059e-05 1.79769e+308 2.49477 inf
1125 6.16361e-06 1.94431e-05 1.58059e-05 1.79769e+308 2.49477 inf
1126 6.14451e-06 1.91269e-05 1.58059e-05 1.79769e+308 2.49477 inf
1127 6.12513e-06 1.86741e-05 1.58059e-05 1.79769e+308 2.49477 inf
1128 6.10028e-06 1.74429e-05 1.58059e-05 1.79769e+308 2.49477 inf
1129 6.1512e-06 1.92778e-05 1.58059e-05 1.79769e+308 2.49477 inf
1130 6.20051e-06 1.82707e-05 1.58059e-05 1.79769e+308 2.49477 inf
1131 6.19597e-06 1.84131e-05 1.58059e-05 1.79769e+308 2.49477 inf
1132 6.15712e-06 1.83069e-05 1.58059e-05 1.79769e+308 2.49477 inf
1133 6.15388e-06 1.85084e-05 1.58059e-05 1.79769e+308 2.49477 inf
1134 6.15779e-06 1.89815e-05 1.58059e-05 1.79769e+308 2.49477 inf
1135 6.20512e-06 1.91758e-05 1.58059e-05 1.79769e+308 2.49477 inf
1136 6.1369e-06 1.88535e-05 1.58059e-05 1.79769e+308 2.49477 inf
1137 6.17582e-06 1.80552e-05 1.58059e-05 1.79769e+308 2.49477 inf
1138 6.14235e-06 1.786e-05 1.58059e-05 1.79769e+308 2.49477 inf
1139 6.20251e-06 1.85823e-05 1.58059e-05 1.79769e+308 2.49477 inf
1140 6.15997e-06 1.80099e-05 1.58059e-05 1.79769e+308 2.49477 inf
1141 6.22247e-06 1.81148e-05 1.58059e-05 1.79769e+308 2.49477 inf
1142 6.19793e-06 1.77896e-05 1.58059e-05 1.79769e+308 2.49477 inf
1143 6.19764e-06 1.88005e-05 1.58059e-05 1.79769e+308 2.49477 inf
1144 6.18088e-06 1.74516e-05 1.58059e-05 1.79769e+308 2.49477 inf
1145 6.15837e-06 2.17272e-05 1.58059e-05 1.79769e+308 2.49477 inf
1146 6.1546e-06 1.94825e-05 1.58059e-05 1.79769e+308 2.49477 inf
1147 6.14993e-06 2.04972e-05 1.58059e-05 1.79769e+308 2.49477 inf
1148 6.16952e-06 1.72941e-05 1.58059e-05 1.79769e+308 2.49477 inf
1149 6.20958e-06 1.90067e-05 1.58059e-05 1.79769e+308 2.49477 inf
1150 6.23237e-06 1.93357e-05 1.58059e-05 1.79769e+308 2.49477 inf
1151 6.26428e-06 1.826e-05 1.58059e-05 1.79769e+308 2.49477 inf
1152 6.27711e-06 1.92111e-05 1.58059e-05 1.79769e+308 2.49477 inf
1153 6.47601e-06 1.84793e-05 1.58059e-05 1.79769e+308 2.49477 inf
1154 6.43499e-06 1.81181e-05 1.58059e-05 1.79769e+308 2.49477 inf
1155 6.4794e-06 1.98906e-05 1.58059e-05 1.79769e+308 2.49477 inf
1156 6.43619e-06 1.74945e-05 1.58059e-05 1.79769e+308 2.49477 inf
1157 6.50324e-06 1.94652e-05 1.58059e-05 1.79769e+308 2.49477 inf
1158 6.56327e-06 2.20385e-05 1.58059e-05 1.79769e+308 2.49477 inf
1159 6.52776e-06 1.84713e-05 1.58059e-05 1.79769e+308 2.49477 inf
1160 6.51474e-06 1.84623e-05 1.58059e-05 1.79769e+308 2.49477 inf
1161 6.55179e-06 1.88491e-05 1.58059e-05 1.79769e+308 2.49477 inf
1162 6.62274e-06 1.93645e-05 1.58059e-05 1.79769e+308 2.49477 inf
1163 6.57849e-06 1.94314e-05 1.58059e-05 1.79769e+308 2.49477 inf
1164 6.62718e-06 2.04019e-05 1.58059e-05 1.79769e+308 2.49477 inf
1165 6.62879e-06 1.89251e-05 1.58059e-05 1.79769e+308 2.49477 inf
1166 6.70698e-06 1.87975e-05 1.58059e-05 1.79769e+308 2.49477 inf
1167 6.64091e-06 1.80212e-05 1.58059e-05 1.79769e+308 2.49477 inf
1168 6.70721e-06 1.9137e-05 1.58059e-05 1.79769e+308 2.49477 inf
1169 6.70021e-06 1.90324e-05 1.58059e-05 1.79769e+308 2.49477 inf
1170 6.68234e-06 1.87417e-05 1.58059e-05 1.79769e+308 2.49477 inf
1171 6.68476e-06 1.91857e-05 1.58059e-05 1.79769e+308 2.49477 inf
1172 6.68715e-06 1.87446e-05 1.58059e-05 1.79769e+308 2.49477 inf
1173 6.67326e-06 1.85275e-05 1.58059e-05 1.79769e+308 2.49477 inf
1174 6.70511e-06 1.85644e-05 1.58059e-05 1.79769e+308 2.49477 inf
1175 6.80137e-06 1.94394e-05 1.58059e-05 1.79769e+308 2.49477 inf
1176 6.84248e-06 1.9743e-05 1.58059e-05 1.79769e+308 2.49477 inf
1177 6.80473e-06 1.91037e-05 1.58059e-05 1.79769e+308 2.49477 inf
1178 6.88652e-06 2.01711e-05 1.58059e-05 1.79769e+308 2.49477 inf
1179 6.76374e-06 1.84936e-05 1.58059e-05 1.79769e+308 2.49477 inf
1180 6.83181e-06 1.99389e-05 1.58059e-05 1.79769e+308 2.49477 inf
1181 6.87502e-06 1.93875e-05 1.58059e-05 1.79769e+308 2.49477 inf
1182 6.86711e-06 1.9578e-05 1.58059e-05 1.79769e+308 2.49477 inf
1183 6.88562e-06 1.94013e-05 1.58059e-05 1.79769e+308 2.49477 inf
1184 6.92369e-06 1.96984e-05 1.58059e-05 1.79769e+308 2.49477 inf
1185 6.91334e-06 1.95895e-05 1.58059e-05 1.79769e+308 2.49477 inf
1186 6.85919e-06 2.19866e-05 1.58059e-05 1.79769e+308 2.49477 inf
1187 6.91989e-06 1.98067e-05 1.58059e-05 1.79769e+308 2.49477 inf
1188 6.95869e-06 2.02579e-05 1.58059e-05 1.79769e+308 2.49477 inf
1189 7.01737e-06 1.99951e-05 1.58059e-05 1.79769e+308 2.49477 inf
1190 7.00109e-06 1.9411e-05 1.58059e-05 1.79769e+308 2.49477 inf
1191 6.97949e-06 1.97673e-05 1.58059e-05 1.79769e+308 2.49477 inf
1192 6.96735e-06 2.23176e-05 1.58059e-05 1.79769e+308 2.49477 inf
1193 6.9795e-06 1.98621e-05 1.58059e-05 1.79769e+308 2.49477 inf
1194 6.98648e-06 2.00978e-05 1.58059e-05 1.79769e+308 2.49477 inf
1195 6.97078e-06 1.92188e-05 1.58059e-05 1.79769e+308 2.49477 inf
1196 7.06604e-06 2.06679e-05 1.58059e-05 1.79769e+308 2.49477 inf
1197 7.058e-06 1.95801e-05 1.58059e-05 1.79769e+308 2.49477 inf
1198 6.97754e-06 1.97172e-05 1.58059e-05 1.79769e+308 2.49477 inf
1199 7.16795e-06 1.96215e-05 1.58059e-05 1.79769e+308 2.49477 inf
1200 7.1099e-06 2.00814e-05 1.58059e-05 1.79769e+308 2.49477 inf
1201 7.0791e-06 1.89565e-05 1.58059e-05 1.79769e+308 2.49477 inf
1202 7.09071e-06 1.98526e-05 1.58059e-05 1.79769e+308 2.49477 inf
1203 7.21195e-06 2.00401e-05 1.58059e-05 1.79769e+308 2.49477 inf
1204 7.17538e-06 2.05917e-05 1.58059e-05 1.79769e+308 2.49477 inf
1205 7.13801e-06 2.02878e-05 1.58059e-05 1.79769e+308 2.49477 inf
1206 7.17913e-06 2.15349e-05 1.58059e-05 1.79769e+308 2.49477 inf
1207 7.18485e-06 1.99349e-05 1.58059e-05 1.79769e+308 2.49477 inf
1208 7.25164e-06 2.03757e-05 1.58059e-05 1.79769e+308 2.49477 inf
1209 7.20378e-06 2.08782e-05 1.58059e-05 1.79769e+308 2.49477 inf
1210 7.21268e-06 2.12981e-05 1.58059e-05 1.79769e+308 2.49477 inf
1211 7.21824e-06 2.11131e-05 1.58059e-05 1.79769e+308 2.49477 inf
1212 7.28549e-06 1.95431e-05 1.58059e-05 1.79769e+308 2.49477 inf
1213 7.2181e-06 2.04954e-05 1.58059e-05 1.79769e+308 2.49477 inf
1214 7.23138e-06 2.11664e-05 1.58059e-05 1.79769e+308 2.49477 inf
1215 7.21819e-06 2.10727e-05 1.58059e-05 1.79769e+308 2.49477 inf
1216 7.2228e-06 2.01663e-05 1.58059e-05 1.79769e+308 2.49477 inf
1217 7.28118e-06 1.95461e-05 1.58059e-05 1.79769e+308 2.49477 inf
1218 7.24444e-06 2.26328e-05 1.58059e-05 1.79769e+308 2.49477 inf
1219 7.30157e-06 1.95965e-05 1.58059e-05 1.79769e+308 2.49477 inf
1220 7.27028e-06 1.99375e-05 1.58059e-05 1.79769e+308 2.49477 inf
1221 7.31258e-06 2.03317e-05 1.58059e-05 1.79769e+308 2.49477 inf
1222 7.3477e-06 2.00067e-05 1.58059e-05 1.79769e+308 2.49477 inf
1223 7.2858e-06 2.07996e-05 1.58059e-05 1.79769e+308 2.49477 inf
1224 7.36732e-06 2.07099e-05 1.58059e-05 1.79769e+308 2.49477 inf
1225 7.3407e-06 1.99677e-05 1.58059e-05 1.79769e+308 2.49477 inf
1226 7.28627e-06 2.0955e-05 1.58059e-05 1.79769e+308 2.49477 inf
1227 7.40484e-06 2.14495e-05 1.58059e-05 1.79769e+308 2.49477 inf
1228 7.3611e-06 2.08723e-05 1.58059e-05 1.79769e+308 2.49477 inf
1229 7.44664e-06 2.29749e-05 1.58059e-05 1.79769e+308 2.49477 inf
1230 7.39266e-06 2.16992e-05 1.58059e-05 1.79769e+308 2.49477 inf
1231 7.43245e-06 2.02881e-05 1.58059e-05 1.79769e+308 2.49477 inf
1232 7.36217e-06 1.97839e-05 1.58059e-05 1.79769e+308 2.49477 inf
1233 7.3654e-06 2.03539e-05 1.58059e-05 1.79769e+308 2.49477 inf
1234 7.35955e-06 2.02187e-05 1.58059e-05 1.79769e+308 2.49477 inf
1235 7.37861e-06 2.13691e-05 1.58059e-05 1.79769e+308 2.49477 inf
1236 7.4469e-06 2.04654e-05 1.58059e-05 1.79769e+308 2.49477 inf
1237 7.49205e-06 2.03109e-05 1.58059e-05 1.79769e+308 2.49477 inf
1238 7.44755e-06 2.11645e-05 1.58059e-05 1.79769e+308 2.49477 inf
1239 7.41342e-06 2.10499e-05 1.58059e-05 1.79769e+308 2.49477 inf
1240 7.40186e-06 1.97722e-05 1.58059e-05 1.79769e+308 2.49477 inf
1241 7.42968e-06 2.32899e-05 1.58059e-05 1.79769e+308 2.49477 inf
1242 7.4757e-06 2.0514e-05 1.58059e-05 1.79769e+308 2.49477 inf
1243 7.56824e-06 1.99785e-05 1.58059e-05 1.79769e+308 2.49477 inf
1244 7.55572e-06 2.42097e-05 1.58059e-05 1.79769e+308 2.49477 inf
1245 7.50158e-06 2.02305e-05 1.58059e-05 1.79769e+308 2.49477 inf
1246 7.50657e-06 2.0633e-05 1.58059e-05 1.79769e+308 2.49477 inf
1247 7.62634e-06 2.07056e-05 1.58059e-05 1.79769e+308 2.49477 inf
1248 7.56176e-06 2.12804e-05 1.58059e-05 1.79769e+308 2.49477 inf
1249 7.61976e-06 2.17861e-05 1.58059e-05 1.79769e+308 2.49477 inf
1250 7.51139e-06 2.04101e-05 1.58059e-05 1.79769e+308 2.49477 inf
1251 7.55949e-06 2.09992e-05 1.58059e-05 1.79769e+308 2.49477 inf
1252 7.54255e-06 2.04208e-05 1.58059e-05 1.79769e+308 2.49477 inf
1253 8.17104e-06 2.01249e-05 1.58059e-05 1.79769e+308 2.49477 inf
1254 8.09264e-06 1.9682e-05 1.58059e-05 1.79769e+308 2.49477 inf
1255 8.14418e-06 2.1574e-05 1.58059e-05 1.79769e+308 2.49477 inf
1256 8.07319e-06 2.0549e-05 1.58059e-05 1.79769e+308 2.49477 inf
1257 8.10369e-06 2.11432e-05 1.58059e-05 1.79769e+308 2.49477 inf
1258 8.09377e-06 2.18514e-05 1.58059e-05 1.79769e+308 2.49477 inf
1259 8.18877e-06 2.08553e-05 1.58059e-05 1.79769e+308 2.49477 inf
1260 8.22897e-06 2.19511e-05 1.58059e-05 1.79769e+308 2.49477 inf
1261 8.2764e-06 2.03522e-05 1.58059e-05 1.79769e+308 2.49477 inf
1262 8.2021e-06 2.17418e-05 1.58059e-05 1.79769e+308 2.49477 inf
1263 8.23007e-06 2.10184e-05 1.58059e-05 1.79769e+308 2.49477 inf
1264 8.29047e-06 2.00315e-05 1.58059e-05 1.79769e+308 2.49477 inf
1265 8.35726e-06 2.09997e-05 1.58059e-05 1.79769e+308 2.49477 inf
1266 8.38351e-06 2.20537e-05 1.58059e-05 1.79769e+308 2.49477 inf
1267 8.37826e-06 2.08151e-05 1.58059e-05 1.79769e+308 2.49477 inf
1268 8.33611e-06 2.07271e-05 1.58059e-05 1.79769e+308 2.49477 inf
1269 8.39414e-06 2.29755e-05 1.58059e-05 1.79769e+308 2.49477 inf
1270 8.48613e-06 2.01992e-05 1.58059e-05 1.79769e+308 2.49477 inf
1271 8.38763e-06 2.24729e-05 1.58059e-05 1.79769e+308 2.49477 inf
1272 8.41208e-06 2.16039e-05 1.58059e-05 1.79769e+308 2.49477 inf
1273 8.33286e-06 2.06747e-05 1.58059e-05 1.79769e+308 2.49477 inf
1274 8.49582e-06 2.03644e-05 1.58059e-05 1.79769e+308 2.49477 inf
1275 8.70343e-06 2.23293e-05 1.58059e-05 1.79769e+308 2.49477 inf
1276 8.81487e-06 2.25415e-05 1.58059e-05 1.79769e+308 2.49477 inf
1277 8.70905e-06 2.25847e-05 1.58059e-05 1.79769e+308 2.49477 inf
1278 8.77162e-06 2.25785e-05 1.58059e-05 1.79769e+308 2.49477 inf
1279 8.68551e-06 2.14235e-05 1.58059e-05 1.79769e+308 2.49477 inf
1280 8.76514e-06 2.20141e-05 1.58059e-05 1.79769e+308 2.49477 inf
1281 8.77436e-06 2.31242e-05 1.58059e-05 1.79769e+308 2.49477 inf
1282 8.88402e-06 2.19073e-05 1.58059e-05 1.79769e+308 2.49477 inf
1283 8.81224e-06 2.10465e-05 1.58059e-05 1.79769e+308 2.49477 inf
1284 8.85855e-06 2.05993e-05 1.58059e-05 1.79769e+308 2.49477 inf
1285 8.83756e-06 2.02347e-05 1.58059e-05 1.79769e+308 2.49477 inf
1286 9.01311e-06 2.20347e-05 1.58059e-05 1.79769e+308 2.49477 inf
1287 8.79729e-06 2.31887e-05 1.58059e-05 1.79769e+308 2.49477 inf
1288 8.84598e-06 2.16269e-05 1.58059e-05 1.79769e+308 2.49477 inf
1289 8.92603e-06 2.22781e-05 1.58059e-05 1.79769e+308 2.49477 inf
1290 9.05682e-06 2.22949e-05 1.58059e-05 1.79769e+308 2.49477 inf
1291 8.96807e-06 2.18767e-05 1.58059e-05 1.79769e+308 2.49477 inf
1292 8.96257e-06 2.20652e-05 1.58059e-05 1.79769e+308 2.49477 inf
1293 8.9193e-06 2.14411e-05 1.58059e-05 1.79769e+308 2.49477 inf
1294 8.86736e-06 2.21721e-05 1.58059e-05 1.79769e+308 2.49477 inf
1295 8.99834e-06 2.28892e-05 1.58059e-05 1.79769e+308 2.49477 inf
1296 9.18766e-06 2.26326e-05 1.58059e-05 1.79769e+308 2.49477 inf
1297 9.11244e-06 2.2604e-05 1.58059e-05 1.79769e+308 2.49477 inf
1298 9.08819e-06 2.15115e-05 1.58059e-05 1.79769e+308 2.49477 inf
1299 9.14863e-06 2.21947e-05 1.58059e-05 1.79769e+308 2.49477 inf
1300 9.15424e-06 2.4662e-05 1.58059e-05 1.79769e+308 2.49477 inf
1301 9.016e-06 2.13601e-05 1.58059e-05 1.79769e+308 2.49477 inf
1302 9.36787e-06 2.27735e-05 1.58059e-05 1.79769e+308 2.49477 inf
1303 9.13486e-06 2.29236e-05 1.58059e-05 1.79769e+308 2.49477 inf
1304 9.22054e-06 2.14037e-05 1.58059e-05 1.79769e+308 2.49477 inf
1305 9.27409e-06 2.26874e-05 1.58059e-05 1.79769e+308 2.49477 inf
1306 9.39262e-06 2.33359e-05 1.58059e-05 1.79769e+308 2.49477 inf
1307 9.3293e-06 2.19303e-05 1.58059e-05 1.79769e+308 2.49477 inf
1308 9.36416e-06 2.4151e-05 1.58059e-05 1.79769e+308 2.49477 inf
1309 9.43009e-06 2.28143e-05 1.58059e-05 1.79769e+308 2.49477 inf
1310 9.44629e-06 3.51824e-05 1.58059e-05 1.79769e+308 2.49477 inf
1311 9.34259e-06 2.21662e-05 1.58059e-05 1.79769e+308 2.49477 inf
1312 9.2805e-06 2.3182e-05 1.58059e-05 1.79769e+308 2.49477 inf
1313 9.51049e-06 2.38143e-05 1.58059e-05 1.79769e+308 2.49477 inf
1314 9.58585e-06 2.32034e-05 1.58059e-05 1.79769e+308 2.49477 inf
1315 9.36873e-06 2.31072e-05 1.58059e-05 1.79769e+308 2.49477 inf
1316 9.25616e-06 2.2641e-05 1.58059e-05 1.79769e+308 2.49477 inf
1317 9.53406e-06 2.2346e-05 1.58059e-05 1.79769e+308 2.49477 inf
1318 9.52542e-06 2.35343e-05 1.58059e-05 1.79769e+308 2.49477 inf
1319 9.5903e-06 2.31877e-05 1.58059e-05 1.79769e+308 2.49477 inf
1320 9.64262e-06 2.2384e-05 1.58059e-05 1.79769e+308 2.49477 inf
1321 9.51624e-06 2.29176e-05 1.58059e-05 1.79769e+308 2.49477 inf
1322 9.42388e-06 2.31961e-05 1.58059e-05 1.79769e+308 2.49477 inf
1323 9.67868e-06 2.2774e-05 1.58059e-05 1.79769e+308 2.49477 inf
1324 9.56274e-06 2.32396e-05 1.58059e-05 1.79769e+308 2.49477 inf
1325 9.65368e-06 2.27823e-05 1.58059e-05 1.79769e+308 2.49477 inf
1326 9.75019e-06 2.5024e-05 1.58059e-05 1.79769e+308 2.49477 inf
1327 9.56967e-06 3.43251e-05 1.58059e-05 1.79769e+308 2.49477 inf
1328 9.70898e-06 2.36956e-05 1.58059e-05 1.79769e+308 2.49477 inf
1329 9.76194e-06 2.47792e-05 1.58059e-05 1.79769e+308 2.49477 inf
1330 9.65237e-06 2.3258e-05 1.58059e-05 1.79769e+308 2.49477 inf
1331 9.74915e-06 2.49989e-05 1.58059e-05 1.79769e+308 2.49477 inf
1332 1.00875e-05 2.29569e-05 1.58059e-05 1.79769e+308 2.49477 inf
1333 9.8674e-06 2.29514e-05 1.58059e-05 1.79769e+308 2.49477 inf
1334 9.8167e-06 2.3598e-05 1.58059e-05 1.79769e+308 2.49477 inf
1335 9.80468e-06 2.34058e-05 1.58059e-05 1.79769e+308 2.49477 inf
1336 9.88524e-06 2.4184e-05 1.58059e-05 1.79769e+308 2.49477 inf
1337 1.01816e-05 2.5069e-05 1.58059e-05 1.79769e+308 2.49477 inf
1338 9.99052e-06 2.36971e-05 1.58059e-05 1.79769e+308 2.49477 inf
1339 9.99468e-06 2.42036e-05 1.58059e-05 1.79769e+308 2.49477 inf
1340 9.91484e-06 2.41871e-05 1.58059e-05 1.79769e+308 2.49477 inf
1341 1.0069e-05 2.355e-05 1.58059e-05 1.79769e+308 2.49477 inf
1342 1.02096e-05 2.46152e-05 1.58059e-05 1.79769e+308 2.49477 inf
1343 1.00592e-05 2.63679e-05 1.58059e-05 1.79769e+308 2.49477 inf
1344 1.00982e-05 2.22456e-05 1.58059e-05 1.79769e+308 2.49477 inf
1345 9.81504e-06 2.32883e-05 1.58059e-05 1.79769e+308 2.49477 inf
1346 1.02025e-05 2.78312e-05 1.58059e-05 1.79769e+308 2.49477 inf
1347 1.00219e-05 2.35811e-05 1.58059e-05 1.79769e+308 2.49477 inf
1348 1.01896e-05 2.39876e-05 1.58059e-05 1.79769e+308 2.49477 inf
1349 1.00722e-05 2.37508e-05 1.58059e-05 1.79769e+308 2.49477 inf
1350 1.01099e-05 2.44309e-05 1.58059e-05 1.79769e+308 2.49477 inf
1351 1.00691e-05 2.34213e-05 1.58059e-05 1.79769e+308 2.49477 inf
1352 1.03828e-05 2.45173e-05 1.58059e-05 1.79769e+308 2.49477 inf
