1 100
2 100
3 100
4 100
5 100
6 99
7 99
8 98
9 98
10 97
11 97
12 96
13 95
14 95
15 95
16 94
17 93
18 93
19 93
20 92
21 91
22 91
23 90
24 90
25 90
26 89
27 89
28 88
29 88
30 87
31 86
32 86
33 85
34 85
35 85
36 84
37 83
38 83
39 82
40 82
41 82
42 81
43 80
44 80
45 80
46 79
47 79
48 78
49 77
50 77
51 77
52 76
53 75
54 75
55 75
56 74
57 73
58 73
59 72
60 72
61 72
62 71
63 70
64 70
65 69
66 69
67 69
68 68
69 67
70 67
71 66
72 66
73 66
74 65
75 64
76 64
77 63
78 63
79 63
80 62
81 62
82 61
83 60
84 60
85 60
86 59
87 59
88 58
89 57
90 57
91 57
92 56
93 56
94 55
95 54
96 54
97 54
98 53
99 53
100 52
101 51
102 51
103 50
104 50
105 50
106 49
107 49
108 48
109 48
110 47
111 46
112 46
113 45
114 45
115 44
116 44
117 44
118 43
119 43
120 42
121 42
122 41
123 40
124 40
125 39
126 39
127 38
128 38
129 38
130 37
131 37
132 36
133 36
134 35
135 34
136 34
137 33
138 33
139 32
140 32
141 32
142 31
143 31
144 30
145 30
146 29
147 28
148 28
149 27
150 27
151 26
152 26
153 25
154 25
155 25
156 24
157 24
158 23
159 23
160 22
161 21
162 21
163 20
164 20
165 19
166 19
167 19
168 18
169 18
170 17
171 17
172 16
173 15
174 15
175 14
176 14
177 13
178 13
179 13
180 12
181 12
182 11
183 11
184 10
185 9
186 9
187 8
188 8
189 7
190 7
191 7
192 6
193 6
194 5
195 5
196 4
197 3
198 3
199 2
200 2
201 1
202 1
203 0
204 100
205 100
206 99
207 99
208 98
209 98
210 97
211 97
212 96
213 95
214 95
215 95
216 94
217 93
218 93
219 93
220 92
221 91
222 91
223 90
224 90
225 90
226 89
227 89
228 88
229 88
230 87
231 86
232 86
233 85
234 85
235 85
236 84
237 83
238 83
239 82
240 82
241 82
242 81
243 80
244 80
245 80
246 79
247 79
248 78
249 77
250 77
251 77
252 76
253 75
254 75
255 75
256 74
257 73
258 73
259 72
260 72
261 72
262 71
263 70
264 70
265 100
266 100
267 99
268 99
269 98
270 98
271 97
272 97
273 96
274 95
275 95
276 95
277 94
278 93
279 93
280 93
281 92
282 91
283 91
284 90
285 90
286 90
287 89
288 89
289 88
290 88
291 87
292 86
293 86
294 85
295 85
296 85
297 84
298 83
299 83
300 82
301 82
302 82
303 81
304 80
305 80
306 80
307 79
308 79
309 78
310 77
311 77
312 77
313 76
314 75
315 75
316 75
317 74
318 73
319 73
320 72
321 72
322 72
323 71
324 70
325 70
326 69
327 69
328 69
329 68
330 67
331 67
332 66
333 66
334 66
335 65
336 64
337 64
338 63
339 63
340 63
341 62
342 62
343 61
344 60
345 60
346 60
347 59
348 59
349 58
350 57
351 57
352 57
353 56
354 56
355 55
356 54
357 54
358 54
359 53
360 53
361 52
362 51
363 51
364 50
365 50
366 50
367 49
368 49
369 48
370 48
371 47
372 46
373 46
374 45
375 45
376 44
377 44
378 44
379 43
380 43
381 42
382 42
383 41
384 40
385 40
386 39
387 100
388 100
389 99
390 99
391 98
392 98
393 97
394 97
395 96
396 95
397 95
398 95
399 94
400 93
401 93
402 93
403 92
404 91
405 91
406 90
407 90
408 90
409 89
410 89
411 88
412 88
413 87
414 86
415 86
416 85
417 85
418 85
419 84
420 83
421 83
422 82
423 82
424 82
425 81
426 80
427 80
428 80
429 79
430 79
431 78
432 77
433 77
434 77
435 76
436 75
437 75
438 75
439 74
440 73
441 73
442 72
443 72
444 72
445 71
446 70
447 70
448 69
449 69
450 69
451 68
452 67
453 67
454 66
455 66
456 66
457 65
458 64
459 64
460 63
461 63
462 63
463 62
464 62
465 61
466 60
467 60
468 60
469 59
470 59
471 58
472 57
473 57
474 57
475 56
476 56
477 55
478 54
479 54
480 54
481 53
482 53
483 52
484 51
485 51
486 50
487 50
488 50
489 49
490 49
491 48
492 48
493 47
494 46
495 46
496 45
497 45
498 44
499 44
500 44
501 43
502 43
503 42
504 42
505 41
506 40
507 40
508 39
509 39
510 38
511 38
512 38
513 37
514 37
515 36
516 36
517 35
518 34
519 34
520 33
521 33
522 32
523 32
524 32
525 31
526 31
527 30
528 30
529 29
530 28
531 28
532 27
533 27
534 26
535 26
536 25
537 25
538 25
539 24
540 24
541 23
542 23
543 22
544 21
545 21
546 20
547 20
548 19
549 19
550 19
551 18
552 18
553 17
554 17
555 16
556 15
557 15
558 14
559 14
560 13
561 13
562 13
563 12
564 12
565 11
566 11
567 10
568 9
569 9
570 8
571 8
572 7
573 7
574 7
575 6
576 6
577 5
578 5
579 4
580 3
581 3
582 2
583 2
584 1
585 1
586 0
587 100
588 100
589 99
590 99
591 98
592 98
593 97
594 97
595 96
596 95
597 95
598 95
599 94
600 93
601 93
602 93
603 92
604 91
605 91
606 90
607 90
608 90
609 89
610 89
611 88
612 88
613 87
614 86
615 86
616 85
617 85
618 85
619 84
620 83
621 83
622 82
623 82
624 82
625 81
626 80
627 80
628 80
629 79
630 100
631 100
632 99
633 99
634 98
635 98
636 97
637 97
638 96
639 95
640 95
641 95
642 94
643 93
644 93
645 93
646 92
647 91
648 91
649 90
650 90
651 90
652 89
653 89
654 88
655 88
656 87
657 86
658 86
659 85
660 85
661 85
662 84
663 83
664 83
665 82
666 82
667 82
668 81
669 80
670 80
671 80
672 79
673 79
674 78
675 77
676 77
677 77
678 76
679 75
680 75
681 75
682 74
683 73
684 73
685 72
686 72
687 72
688 71
689 70
690 70
691 69
692 69
693 69
694 68
695 67
696 67
697 66
698 66
699 66
700 65
701 64
702 64
703 63
704 63
705 63
706 62
707 62
708 61
709 60
710 60
711 60
712 59
713 59
714 58
715 57
716 57
717 57
718 56
719 56
720 55
721 54
722 54
723 54
724 53
725 53
726 52
727 51
728 51
729 50
730 50
731 50
732 49
733 49
734 48
735 48
736 47
737 46
738 46
739 45
740 45
741 44
742 44
743 44
744 43
745 43
746 42
747 42
748 41
749 40
750 40
751 39
752 39
753 38
754 38
755 38
756 37
757 37
758 36
759 36
760 35
761 34
762 34
763 33
764 33
765 32
766 32
767 32
768 31
769 31
770 30
771 30
772 29
773 28
774 28
775 27
776 27
777 26
778 26
779 25
780 25
781 25
782 24
783 24
784 23
785 23
786 22
787 21
788 21
789 20
790 20
791 19
792 19
793 19
794 18
795 18
796 17
797 17
798 16
799 15
800 15
801 14
802 14
803 13
804 13
805 13
806 12
807 100
808 100
809 99
810 99
811 98
812 98
813 97
814 97
815 96
816 95
817 95
818 95
819 94
820 93
821 93
822 93
823 92
824 91
825 91
826 90
827 90
828 90
829 89
830 89
831 88
832 88
833 87
834 86
835 86
836 85
837 85
838 85
839 84
840 83
841 83
842 82
843 82
844 82
845 81
846 80
847 80
848 80
849 79
850 79
851 78
852 77
853 77
854 77
855 76
856 75
857 75
858 75
859 74
860 73
861 73
862 72
863 72
864 72
865 71
866 70
867 70
868 69
869 69
870 69
871 68
872 67
873 67
874 66
875 66
876 66
877 65
878 64
879 64
880 63
881 63
882 63
883 62
884 62
885 61
886 60
887 60
888 60
889 59
890 59
891 58
892 57
893 57
894 57
895 56
896 56
897 55
898 54
899 54
900 54
901 53
902 53
903 52
904 51
905 51
906 50
907 50
908 50
909 49
910 49
911 48
912 48
913 47
914 46
915 46
916 45
917 45
918 44
919 44
920 44
921 43
922 43
923 42
924 42
925 41
926 40
927 40
928 39
929 39
930 38
931 38
932 38
933 37
934 37
935 36
936 36
937 35
938 34
939 34
940 33
941 33
942 32
943 32
944 32
945 31
946 31
947 30
948 30
949 29
950 28
951 28
952 27
953 27
954 26
955 26
956 25
957 25
958 25
959 24
960 24
961 23
962 23
963 22
964 21
965 21
966 20
967 20
968 19
969 19
970 19
971 18
972 18
973 17
974 17
975 16
976 15
977 15
978 14
979 14
980 13
981 13
982 13
983 12
984 12
985 11
986 11
987 10
988 9
989 9
990 8
991 8
992 7
993 7
994 7
995 6
996 6
997 5
998 5
999 4
1000 3
1001 3
1002 2
1003 2
1004 1
1005 1
1006 0
1007 100
1008 100
1009 99
1010 99
1011 98
1012 98
1013 100
1014 100
1015 99
1016 99
1017 98
1018 100
1019 100
1020 99
1021 99
1022 98
1023 98
1024 97
1025 97
1026 96
1027 95
1028 95
1029 95
1030 94
1031 93
1032 93
1033 93
1034 92
1035 91
1036 91
1037 90
1038 90
1039 90
1040 89
1041 89
1042 88
1043 88
1044 87
1045 86
1046 86
1047 85
1048 85
1049 85
1050 84
1051 83
1052 83
1053 82
1054 82
1055 82
1056 81
1057 80
1058 80
1059 80
1060 79
1061 79
1062 78
1063 77
1064 77
1065 77
1066 76
1067 75
1068 75
1069 75
1070 74
1071 73
1072 73
1073 72
1074 72
1075 72
1076 71
1077 70
1078 70
1079 69
1080 69
1081 69
1082 68
1083 67
1084 67
1085 66
1086 66
1087 66
1088 65
1089 64
1090 64
1091 63
1092 63
1093 63
1094 62
1095 62
1096 61
1097 60
1098 60
1099 60
1100 59
1101 59
1102 58
1103 57
1104 57
1105 57
1106 56
1107 56
1108 55
1109 54
1110 54
1111 54
1112 53
1113 53
1114 52
1115 51
1116 51
1117 50
1118 50
1119 50
1120 49
1121 49
1122 48
1123 48
1124 47
1125 46
1126 46
1127 45
1128 45
1129 44
1130 44
1131 44
1132 43
1133 43
1134 42
1135 42
1136 41
1137 40
1138 40
1139 39
1140 39
1141 38
1142 38
1143 38
1144 37
1145 37
1146 36
1147 36
1148 35
1149 34
1150 34
1151 33
1152 33
1153 32
1154 32
1155 32
1156 31
1157 31
1158 30
1159 30
1160 29
1161 28
1162 28
1163 27
1164 27
1165 26
1166 26
1167 25
1168 25
1169 25
1170 24
1171 24
1172 23
1173 23
1174 22
1175 21
1176 21
1177 20
1178 20
1179 19
1180 19
1181 19
1182 18
1183 18
1184 17
1185 17
1186 16
1187 15
1188 15
1189 14
1190 14
1191 13
1192 13
1193 13
1194 12
1195 12
1196 11
1197 11
1198 10
1199 9
1200 9
1201 8
1202 8
1203 7
1204 7
1205 7
1206 6
1207 6
1208 5
1209 5
1210 4
1211 3
1212 3
1213 2
1214 2
1215 1
1216 1
1217 0
1218 100
1219 100
1220 99
1221 99
1222 98
1223 98
1224 97
1225 97
1226 96
1227 95
1228 95
1229 95
1230 94
1231 93
1232 93
1233 93
1234 92
1235 91
1236 91
1237 90
1238 90
1239 90
1240 89
1241 89
1242 88
1243 88
1244 87
1245 86
1246 86
1247 85
1248 85
1249 85
1250 84
1251 83
1252 83
1253 82
1254 82
1255 82
1256 81
1257 80
1258 80
1259 80
1260 79
1261 79
1262 100
1263 100
1264 99
1265 99
1266 98
1267 98
1268 97
1269 97
1270 96
1271 95
1272 95
1273 95
1274 94
1275 93
1276 93
1277 93
1278 92
1279 91
1280 91
1281 90
1282 90
1283 90
1284 89
1285 89
1286 88
1287 88
1288 87
1289 86
1290 86
1291 85
1292 85
1293 85
1294 84
1295 83
1296 83
1297 82
1298 82
1299 82
1300 81
1301 80
1302 80
1303 80
1304 79
1305 79
1306 78
1307 77
1308 77
1309 77
1310 76
1311 75
1312 75
1313 75
1314 74
1315 73
1316 73
1317 72
1318 72
1319 72
1320 71
1321 70
1322 70
1323 69
1324 69
1325 69
1326 68
1327 67
1328 67
1329 66
1330 66
1331 66
1332 65
1333 64
1334 64
1335 63
1336 63
1337 63
1338 62
1339 62
1340 61
1341 60
1342 60
1343 60
1344 59
1345 59
1346 58
1347 57
1348 57
1349 57
1350 56
1351 56
1352 55
1353 54
1354 54
1355 54
1356 53
1357 53
1358 52
1359 51
1360 51
1361 50
1362 50
1363 50
1364 49
1365 49
1366 48
1367 48
1368 47
1369 46
1370 46
1371 45
1372 45
1373 44
1374 44
1375 44
1376 43
1377 43
1378 42
1379 42
1380 41
1381 40
1382 40
1383 39
1384 39
1385 38
1386 38
1387 38
1388 37
1389 37
1390 36
1391 36
1392 35
1393 34
1394 34
1395 33
1396 33
1397 32
1398 32
1399 32
1400 31
1401 31
1402 30
1403 30
1404 29
1405 28
1406 28
1407 27
1408 27
1409 26
1410 26
1411 25
1412 25
1413 25
1414 24
1415 24
1416 23
1417 23
1418 22
1419 21
1420 21
1421 20
1422 20
1423 19
1424 19
1425 19
1426 18
1427 18
1428 17
1429 17
1430 16
1431 15
1432 15
1433 14
1434 14
1435 13
1436 13
1437 13
1438 12
1439 12
1440 11
1441 11
1442 10
1443 9
1444 9
1445 8
1446 8
1447 7
1448 7
1449 7
1450 6
1451 6
1452 5
1453 5
1454 4
1455 3
1456 3
1457 2
1458 2
1459 1
1460 1
1461 0
1462 100
1463 100
1464 99
1465 99
1466 98
1467 98
1468 97
1469 97
1470 96
1471 100
1472 100
1473 99
1474 99
1475 98
1476 98
1477 97
1478 97
1479 96
1480 95
1481 95
1482 95
1483 94
1484 93
1485 93
1486 93
1487 92
1488 91
1489 91
1490 90
1491 90
1492 90
1493 89
1494 89
1495 88
1496 88
1497 87
1498 86
1499 86
1500 85
1501 85
1502 85
1503 84
1504 83
1505 83
1506 82
1507 82
1508 82
1509 81
1510 80
1511 80
1512 80
1513 79
1514 79
1515 78
1516 77
1517 77
1518 77
1519 76
1520 75
1521 75
1522 75
1523 74
1524 73
1525 73
1526 72
1527 72
1528 72
1529 71
1530 70
1531 70
1532 69
1533 69
1534 69
1535 68
1536 67
1537 67
1538 66
1539 66
1540 66
1541 65
1542 64
1543 64
1544 63
1545 63
1546 63
1547 62
1548 62
1549 61
1550 60
1551 60
1552 60
1553 59
1554 59
1555 58
1556 57
1557 57
1558 57
1559 56
1560 56
1561 55
1562 54
1563 54
1564 54
1565 53
1566 53
1567 52
1568 51
1569 51
1570 50
1571 50
1572 50
1573 49
1574 49
1575 48
1576 48
1577 47
1578 46
1579 46
1580 45
1581 45
1582 44
1583 44
1584 44
1585 43
1586 43
1587 42
1588 42
1589 41
1590 40
1591 40
1592 39
1593 39
1594 38
1595 38
1596 38
1597 37
1598 37
1599 36
1600 36
1601 35
1602 34
1603 34
1604 33
1605 33
1606 32
1607 32
1608 32
1609 31
1610 31
1611 30
1612 30
1613 29
1614 28
1615 28
1616 27
1617 27
1618 26
1619 26
1620 25
1621 25
1622 25
1623 24
1624 24
1625 23
1626 23
1627 22
1628 21
1629 21
1630 20
1631 20
1632 19
1633 19
1634 19
1635 18
1636 18
1637 17
1638 17
1639 16
1640 15
1641 15
1642 14
1643 14
1644 13
1645 13
1646 13
1647 12
1648 12
1649 11
1650 11
1651 10
1652 9
1653 9
1654 8
1655 8
1656 7
1657 7
1658 7
1659 6
1660 6
1661 5
1662 5
1663 4
1664 3
1665 3
1666 2
1667 2
1668 1
1669 1
1670 0
1671 100
1672 100
1673 99
1674 99
1675 98
1676 98
1677 97
1678 97
1679 96
1680 95
1681 100
1682 100
1683 99
1684 99
1685 98
1686 98
1687 97
1688 97
1689 96
1690 95
1691 95
1692 95
1693 94
1694 93
1695 93
1696 93
1697 92
1698 91
1699 91
1700 90
1701 90
1702 90
1703 89
1704 89
1705 88
1706 88
1707 87
1708 86
1709 86
1710 85
1711 85
1712 85
1713 84
1714 83
1715 83
1716 82
1717 82
1718 82
1719 81
1720 80
1721 80
1722 80
1723 79
1724 79
1725 78
1726 77
1727 77
1728 77
1729 76
1730 75
1731 75
1732 100
1733 100
1734 99
1735 99
1736 98
1737 98
1738 97
1739 97
1740 96
1741 95
1742 95
1743 95
1744 94
1745 93
1746 93
1747 93
1748 92
1749 91
1750 91
1751 90
1752 90
1753 90
1754 89
1755 89
1756 100
1757 100
1758 99
1759 99
1760 98
1761 98
1762 97
1763 97
1764 96
1765 95
1766 95
1767 95
1768 94
1769 93
1770 93
1771 93
1772 92
1773 91
1774 91
1775 90
1776 90
1777 90
1778 89
1779 89
1780 88
1781 88
1782 87
1783 86
1784 86
1785 85
1786 85
1787 85
1788 84
1789 83
1790 83
1791 82
1792 82
1793 82
1794 81
1795 80
1796 80
1797 80
1798 79
1799 79
1800 78
1801 77
1802 77
1803 77
1804 76
1805 75
1806 75
1807 75
1808 74
1809 73
1810 73
1811 72
1812 72
1813 72
1814 71
1815 70
1816 70
1817 69
1818 69
1819 69
1820 68
1821 67
1822 67
1823 66
1824 66
1825 66
1826 65
1827 64
1828 64
1829 63
1830 63
1831 63
1832 62
1833 62
1834 61
1835 60
1836 60
1837 60
1838 59
1839 59
1840 58
1841 57
1842 57
1843 57
1844 56
1845 56
1846 55
1847 54
1848 54
1849 54
1850 53
1851 53
1852 52
1853 51
1854 51
1855 50
1856 50
1857 50
1858 49
1859 49
1860 48
1861 48
1862 47
1863 46
1864 46
1865 45
1866 45
1867 44
1868 44
1869 44
1870 43
1871 43
1872 42
1873 42
1874 41
1875 40
1876 40
1877 39
1878 39
1879 38
1880 38
1881 38
1882 37
1883 37
1884 36
1885 36
1886 35
1887 34
1888 34
1889 33
1890 33
1891 32
1892 32
1893 32
1894 31
1895 31
1896 30
1897 30
1898 29
1899 28
1900 28
1901 27
1902 27
1903 26
1904 26
1905 25
1906 25
1907 25
1908 24
1909 24
1910 23
1911 23
1912 22
1913 21
1914 21
1915 20
1916 20
1917 19
1918 19
1919 19
1920 18
1921 18
1922 17
1923 17
1924 16
1925 15
1926 15
1927 14
1928 14
1929 13
1930 13
1931 13
1932 12
1933 12
1934 11
1935 11
1936 10
1937 9
1938 9
1939 8
1940 8
1941 7
1942 7
1943 7
1944 6
1945 6
1946 5
1947 5
1948 4
1949 3
1950 3
1951 2
1952 2
1953 1
1954 1
1955 0
1956 100
1957 100
1958 99
1959 99
1960 98
1961 98
1962 97
1963 97
1964 96
1965 95
1966 95
1967 95
1968 94
1969 93
1970 93
1971 93
1972 92
1973 91
1974 91
1975 90
1976 90
1977 90
1978 89
1979 89
1980 88
1981 88
1982 87
1983 86
1984 86
1985 85
1986 85
1987 85
1988 84
1989 83
1990 83
1991 82
1992 82
1993 82
1994 81
1995 80
1996 80
1997 80
1998 79
1999 79
2000 78
2001 77
2002 77
2003 77
2004 76
2005 75
2006 75
2007 75
2008 74
2009 73
2010 73
2011 72
2012 72
2013 72
2014 71
2015 70
2016 70
2017 69
2018 69
2019 69
2020 68
2021 67
2022 67
2023 66
2024 66
2025 66
2026 65
2027 64
2028 64
2029 63
2030 63
2031 63
2032 62
2033 62
2034 61
2035 60
2036 60
2037 60
2038 59
2039 59
2040 58
2041 57
2042 57
2043 57
2044 56
2045 56
2046 55
2047 54
2048 54
2049 54
2050 53
2051 53
2052 52
2053 51
2054 51
2055 50
2056 50
2057 50
2058 49
2059 49
2060 48
2061 48
2062 47
2063 46
2064 46
2065 45
2066 45
2067 44
2068 44
2069 44
2070 43
2071 43
2072 42
2073 42
2074 41
2075 40
2076 40
2077 39
2078 39
2079 38
2080 38
2081 38
2082 37
2083 37
2084 36
2085 36
2086 35
2087 34
2088 34
2089 33
2090 33
2091 32
2092 32
2093 32
2094 31
2095 31
2096 30
2097 30
2098 29
2099 28
2100 28
2101 27
2102 27
2103 26
2104 26
2105 25
2106 25
2107 25
2108 24
2109 24
2110 23
2111 23
2112 22
2113 21
2114 21
2115 20
2116 20
2117 19
2118 19
2119 19
2120 18
2121 18
2122 17
2123 17
2124 16
2125 15
2126 15
2127 14
2128 14
2129 13
2130 13
2131 13
2132 12
2133 12
2134 11
2135 11
2136 10
2137 9
2138 9
2139 8
2140 8
2141 7
2142 7
2143 7
2144 6
2145 6
2146 5
2147 5
2148 4
2149 3
2150 3
2151 2
2152 2
2153 1
2154 1
2155 0
2156 100
2157 100
2158 99
2159 99
2160 98
2161 98
2162 97
2163 97
2164 96
2165 95
2166 95
2167 95
2168 94
2169 93
2170 93
2171 93
2172 92
2173 91
2174 91
2175 90
2176 90
2177 90
2178 89
2179 89
2180 88
2181 88
2182 87
2183 86
2184 86
2185 85
2186 85
2187 85
2188 84
2189 83
2190 83
2191 82
2192 82
2193 82
2194 81
2195 80
2196 80
2197 80
2198 79
2199 79
2200 78
2201 77
2202 77
2203 77
2204 76
2205 75
2206 75
2207 75
2208 74
2209 73
2210 73
2211 72
2212 72
2213 72
2214 71
2215 70
2216 70
2217 69
2218 69
2219 69
2220 68
2221 67
2222 67
2223 66
2224 66
2225 66
2226 65
2227 64
2228 64
2229 63
2230 63
2231 63
2232 62
2233 62
2234 61
2235 60
2236 60
2237 60
2238 59
2239 59
2240 58
2241 57
2242 57
2243 57
2244 56
2245 56
2246 55
2247 54
2248 54
2249 54
2250 53
2251 53
2252 52
2253 51
2254 51
2255 50
2256 50
2257 50
2258 49
2259 49
2260 48
2261 48
2262 47
2263 46
2264 46
2265 45
2266 45
2267 44
2268 44
2269 44
2270 43
2271 43
2272 42
2273 42
2274 41
2275 40
2276 40
2277 39
2278 39
2279 38
2280 38
2281 38
2282 37
2283 37
2284 36
2285 36
2286 35
2287 34
2288 34
2289 33
2290 33
2291 32
2292 32
2293 32
2294 31
2295 31
2296 30
2297 30
2298 29
2299 28
2300 28
2301 27
2302 27
2303 26
2304 26
2305 25
2306 25
2307 25
2308 24
2309 24
2310 23
2311 23
2312 22
2313 21
2314 21
2315 20
2316 20
2317 19
2318 19
2319 19
2320 18
2321 18
2322 17
2323 17
2324 16
2325 15
2326 15
2327 14
2328 14
2329 13
2330 13
2331 13
2332 12
2333 12
2334 11
2335 11
2336 10
2337 9
2338 9
2339 8
2340 8
2341 7
2342 7
2343 7
2344 6
2345 6
2346 5
2347 5
2348 4
2349 3
2350 3
2351 2
2352 2
2353 1
2354 1
2355 0
2356 100
2357 100
2358 99
2359 99
2360 98
2361 98
2362 97
2363 97
2364 96
2365 95
2366 95
2367 95
2368 94
2369 93
2370 93
2371 93
2372 92
2373 91
2374 91
2375 90
2376 90
2377 90
2378 89
2379 89
2380 88
2381 88
2382 87
2383 86
2384 86
2385 85
2386 85
2387 85
2388 84
2389 83
2390 83
2391 82
2392 82
2393 82
2394 81
2395 80
2396 80
2397 80
2398 79
2399 79
2400 78
2401 77
2402 77
2403 77
2404 76
2405 75
2406 75
2407 75
2408 74
2409 73
2410 73
2411 72
2412 72
2413 72
2414 71
2415 70
2416 70
2417 69
2418 69
2419 69
2420 68
2421 67
2422 67
2423 66
2424 66
2425 66
2426 65
2427 64
2428 64
2429 63
2430 63
2431 63
2432 62
2433 62
2434 61
2435 60
2436 60
2437 60
2438 59
2439 59
2440 58
2441 57
2442 57
2443 57
2444 56
2445 56
2446 55
2447 54
2448 54
2449 54
2450 53
2451 53
2452 52
2453 51
2454 51
2455 50
2456 50
2457 50
2458 49
2459 49
2460 48
2461 48
2462 47
2463 46
2464 46
2465 45
2466 45
2467 44
2468 44
2469 44
2470 43
2471 43
2472 42
2473 42
2474 41
2475 40
2476 40
2477 39
2478 39
2479 38
2480 38
2481 38
2482 37
2483 37
2484 36
2485 36
2486 35
2487 34
2488 34
2489 33
2490 33
2491 32
2492 32
2493 32
2494 31
2495 31
2496 30
2497 30
2498 29
2499 28
2500 28
2501 27
2502 27
2503 26
2504 26
2505 25
2506 25
2507 25
2508 24
2509 24
2510 23
2511 23
2512 22
2513 21
2514 21
2515 20
2516 20
2517 19
2518 19
2519 19
2520 18
2521 18
2522 17
2523 17
2524 16
2525 15
2526 15
2527 14
2528 14
2529 13
2530 13
2531 13
2532 12
2533 12
2534 11
2535 11
2536 10
2537 9
2538 9
2539 8
2540 8
2541 7
2542 7
2543 7
2544 6
2545 6
2546 5
2547 5
2548 4
2549 3
2550 3
2551 2
2552 2
2553 1
2554 1
2555 0
