1 14.7401 0.175852 1.79769e+308 1.79769e+308 inf inf
2 0.882725 0.0698341 1.79769e+308 1.79769e+308 inf inf
3 0.109115 0.0256536 0.0698341 0.0012488 165.827 22.1751
4 0.212896 0.10963 0.0256536 0.000805274 100.507 17.8071
5 0.843103 0.11828 0.0256536 0.000805274 100.507 17.8071
6 0.0878299 0.0481799 0.0256536 0.000805274 100.507 17.8071
7 0.0749322 0.0709767 0.0256536 0.000805274 100.507 17.8071
8 0.126979 0.0525103 0.0256536 0.000805274 100.507 17.8071
9 0.317676 0.0173595 0.0256536 0.000805274 100.507 17.8071
10 0.0365996 0.00781202 0.0173595 0.000479477 82.6779 13.7406
11 0.0875226 0.0143271 0.00781202 0.000415083 55.4628 12.7846
12 0.0938206 0.0299069 0.00781202 0.000415083 55.4628 12.7846
13 0.0704072 0.0281974 0.00781202 0.000415083 55.4628 12.7846
14 0.100426 0.00906676 0.00781202 0.000415083 55.4628 12.7846
15 0.0844217 0.250551 0.00781202 0.000415083 55.4628 12.7846
16 0.0644664 0.0378377 0.00781202 0.000415083 55.4628 12.7846
17 0.0523876 0.180111 0.00781202 0.000415083 55.4628 12.7846
18 0.260052 0.0101446 0.00781202 0.000415083 55.4628 12.7846
19 0.0340401 0.00996558 0.00781202 0.000415083 55.4628 12.7846
20 0.0473847 0.042767 0.00781202 0.000415083 55.4628 12.7846
21 0.0535396 0.00588514 0.00781202 0.000415083 55.4628 12.7846
22 0.0633038 0.00854676 0.00588514 0.000325719 48.1392 11.3251
23 0.0328093 0.0160933 0.00588514 0.000325719 48.1392 11.3251
24 0.0506668 0.26779 0.00588514 0.000325719 48.1392 11.3251
25 0.0521635 0.0553717 0.00588514 0.000325719 48.1392 11.3251
26 0.0492169 0.0540454 0.00588514 0.000325719 48.1392 11.3251
27 0.114526 0.0537692 0.00588514 0.000325719 48.1392 11.3251
28 0.0444586 0.0176462 0.00588514 0.000325719 48.1392 11.3251
29 0.0830847 0.0438889 0.00588514 0.000325719 48.1392 11.3251
30 0.0209069 0.0155252 0.00588514 0.000325719 48.1392 11.3251
31 0.0347336 0.0109917 0.00588514 0.000325719 48.1392 11.3251
32 0.0568807 0.0129802 0.00588514 0.000325719 48.1392 11.3251
33 0.100854 0.00503876 0.00588514 0.000325719 48.1392 11.3251
34 0.0281718 0.0127719 0.00503876 0.000300115 44.5433 10.8709
35 0.0255674 0.0303604 0.00503876 0.000300115 44.5433 10.8709
36 0.0531027 0.00866024 0.00503876 0.000300115 44.5433 10.8709
37 0.0240256 0.00861028 0.00503876 0.000300115 44.5433 10.8709
38 0.0680154 0.0152398 0.00503876 0.000300115 44.5433 10.8709
39 0.040496 0.00498744 0.00503876 0.000300115 44.5433 10.8709
40 0.0305648 0.0234683 0.00498744 0.000280615 44.3159 10.5118
41 0.0608605 0.0492944 0.00498744 0.000280615 44.3159 10.5118
42 0.0246557 0.00603729 0.00498744 0.000280615 44.3159 10.5118
43 0.0378711 0.0153458 0.00498744 0.000280615 44.3159 10.5118
44 0.037805 0.00580199 0.00498744 0.000280615 44.3159 10.5118
45 0.29426 0.00693884 0.00498744 0.000280615 44.3159 10.5118
46 0.0160416 0.00694644 0.00498744 0.000280615 44.3159 10.5118
47 0.0214911 0.0103336 0.00498744 0.000280615 44.3159 10.5118
48 0.0358138 0.026295 0.00498744 0.000280615 44.3159 10.5118
49 0.0328959 0.0349686 0.00498744 0.000280615 44.3159 10.5118
50 0.0371067 0.015827 0.00498744 0.000280615 44.3159 10.5118
51 0.037374 0.0165051 0.00498744 0.000280615 44.3159 10.5118
52 0.033906 0.0173643 0.00498744 0.000280615 44.3159 10.5118
53 0.0695131 0.0110555 0.00498744 0.000280615 44.3159 10.5118
54 0.0201329 0.0109845 0.00498744 0.000280615 44.3159 10.5118
55 0.0620878 0.00443366 0.00498744 0.000280615 44.3159 10.5118
56 0.0155491 0.0169583 0.00443366 0.000277404 41.7832 10.4515
57 0.0479933 0.0101559 0.00443366 0.000277404 41.7832 10.4515
58 0.0236004 0.0104826 0.00443366 0.000277404 41.7832 10.4515
59 0.0500575 0.00639664 0.00443366 0.000277404 41.7832 10.4515
60 0.0240506 0.00808449 0.00443366 0.000277404 41.7832 10.4515
61 0.044235 0.00818062 0.00443366 0.000277404 41.7832 10.4515
62 0.0363312 0.00526865 0.00443366 0.000277404 41.7832 10.4515
63 0.0246589 0.00648949 0.00443366 0.000277404 41.7832 10.4515
64 0.0529287 0.00799238 0.00443366 0.000277404 41.7832 10.4515
65 0.0395513 0.0149008 0.00443366 0.000277404 41.7832 10.4515
66 0.0334202 0.00500285 0.00443366 0.000277404 41.7832 10.4515
67 0.13182 0.0040334 0.00443366 0.000277404 41.7832 10.4515
68 0.00735709 0.017362 0.0040334 0.000284717 39.8525 10.5883
69 0.0236292 0.0351995 0.0040334 0.000284717 39.8525 10.5883
70 0.0359201 0.00510606 0.0040334 0.000284717 39.8525 10.5883
71 0.0508874 0.0966504 0.0040334 0.000284717 39.8525 10.5883
72 0.0191344 0.07567 0.0040334 0.000284717 39.8525 10.5883
73 0.0392305 0.0105201 0.0040334 0.000284717 39.8525 10.5883
74 0.0335773 0.0600172 0.0040334 0.000284717 39.8525 10.5883
75 0.0594307 0.00540776 0.0040334 0.000284717 39.8525 10.5883
76 0.0207618 0.00697418 0.0040334 0.000284717 39.8525 10.5883
77 0.0933868 0.00635691 0.0040334 0.000284717 39.8525 10.5883
78 0.00866465 0.00420006 0.0040334 0.000284717 39.8525 10.5883
79 0.0238181 0.0929175 0.0040334 0.000284717 39.8525 10.5883
80 0.0337072 0.0650643 0.0040334 0.000284717 39.8525 10.5883
81 0.0508041 0.0051465 0.0040334 0.000284717 39.8525 10.5883
82 0.0248216 0.0232254 0.0040334 0.000284717 39.8525 10.5883
83 0.0350878 0.0163344 0.0040334 0.000284717 39.8525 10.5883
84 0.0463989 0.00639052 0.0040334 0.000284717 39.8525 10.5883
85 0.040555 0.0151083 0.0040334 0.000284717 39.8525 10.5883
86 0.0630044 0.00831221 0.0040334 0.000284717 39.8525 10.5883
87 0.0110531 0.027695 0.0040334 0.000284717 39.8525 10.5883
88 0.0409152 0.00475192 0.0040334 0.000284717 39.8525 10.5883
89 0.0233171 0.00796978 0.0040334 0.000284717 39.8525 10.5883
90 0.0499867 0.103388 0.0040334 0.000284717 39.8525 10.5883
91 0.0293473 0.00612076 0.0040334 0.000284717 39.8525 10.5883
92 0.0391049 0.00380344 0.0040334 0.000284717 39.8525 10.5883
93 0.0235089 0.0732195 0.00380344 0.00027341 38.6998 10.3759
94 0.0345317 0.00668063 0.00380344 0.00027341 38.6998 10.3759
95 0.0299009 0.0145188 0.00380344 0.00027341 38.6998 10.3759
96 0.0432222 0.00517102 0.00380344 0.00027341 38.6998 10.3759
97 0.0250341 0.0119257 0.00380344 0.00027341 38.6998 10.3759
98 0.0329652 0.0133254 0.00380344 0.00027341 38.6998 10.3759
99 0.0464509 0.00727499 0.00380344 0.00027341 38.6998 10.3759
100 0.0204239 0.062044 0.00380344 0.00027341 38.6998 10.3759
101 0.0313815 0.0141566 0.00380344 0.00027341 38.6998 10.3759
102 0.0994567 0.00614689 0.00380344 0.00027341 38.6998 10.3759
103 0.0187332 0.0200439 0.00380344 0.00027341 38.6998 10.3759
104 0.0423342 0.00401351 0.00380344 0.00027341 38.6998 10.3759
105 0.0242058 0.00800431 0.00380344 0.00027341 38.6998 10.3759
106 0.0294033 0.0779487 0.00380344 0.00027341 38.6998 10.3759
107 0.0356285 0.00674469 0.00380344 0.00027341 38.6998 10.3759
108 0.0333875 0.00904812 0.00380344 0.00027341 38.6998 10.3759
109 0.0391858 0.0068898 0.00380344 0.00027341 38.6998 10.3759
110 0.0223008 0.0242262 0.00380344 0.00027341 38.6998 10.3759
111 0.0525234 0.21757 0.00380344 0.00027341 38.6998 10.3759
112 0.0316507 0.00408547 0.00380344 0.00027341 38.6998 10.3759
113 0.0145853 0.00761431 0.00380344 0.00027341 38.6998 10.3759
114 0.0308094 0.0247126 0.00380344 0.00027341 38.6998 10.3759
115 0.10541 0.0041536 0.00380344 0.00027341 38.6998 10.3759
116 0.0171434 0.00530228 0.00380344 0.00027341 38.6998 10.3759
117 0.0276767 0.00656275 0.00380344 0.00027341 38.6998 10.3759
118 0.0347416 0.13504 0.00380344 0.00027341 38.6998 10.3759
119 0.0659531 0.0105589 0.00380344 0.00027341 38.6998 10.3759
120 0.0126983 0.027636 0.00380344 0.00027341 38.6998 10.3759
121 0.0381199 0.0673238 0.00380344 0.00027341 38.6998 10.3759
122 0.0336356 0.0445265 0.00380344 0.00027341 38.6998 10.3759
123 0.0346934 0.00869532 0.00380344 0.00027341 38.6998 10.3759
124 0.0405747 0.00500807 0.00380344 0.00027341 38.6998 10.3759
125 0.0337049 0.0057422 0.00380344 0.00027341 38.6998 10.3759
126 0.0232055 0.0159269 0.00380344 0.00027341 38.6998 10.3759
127 0.0661672 0.00759518 0.00380344 0.00027341 38.6998 10.3759
128 0.0384402 0.0627937 0.00380344 0.00027341 38.6998 10.3759
129 0.0204377 0.0055886 0.00380344 0.00027341 38.6998 10.3759
130 0.0249817 0.00554681 0.00380344 0.00027341 38.6998 10.3759
131 0.0305093 0.00513005 0.00380344 0.00027341 38.6998 10.3759
132 0.0316507 0.0744325 0.00380344 0.00027341 38.6998 10.3759
133 0.0327155 0.00409244 0.00380344 0.00027341 38.6998 10.3759
134 0.0346159 0.00952332 0.00380344 0.00027341 38.6998 10.3759
135 0.0282622 0.0447351 0.00380344 0.00027341 38.6998 10.3759
136 0.0324778 0.0206364 0.00380344 0.00027341 38.6998 10.3759
137 0.0321138 0.0055357 0.00380344 0.00027341 38.6998 10.3759
138 0.145532 0.00383077 0.00380344 0.00027341 38.6998 10.3759
139 0.00630145 0.00371487 0.00380344 0.00027341 38.6998 10.3759
140 0.0180888 0.0047243 0.00371487 0.000273577 38.2465 10.3791
141 0.0344906 0.00703513 0.00371487 0.000273577 38.2465 10.3791
142 0.0232077 0.0181646 0.00371487 0.000273577 38.2465 10.3791
143 0.0441594 0.00700774 0.00371487 0.000273577 38.2465 10.3791
144 0.0719439 0.0218922 0.00371487 0.000273577 38.2465 10.3791
145 0.0147405 0.0099547 0.00371487 0.000273577 38.2465 10.3791
146 0.0329248 0.0171895 0.00371487 0.000273577 38.2465 10.3791
147 0.0306814 0.0480036 0.00371487 0.000273577 38.2465 10.3791
148 0.0291614 0.0244409 0.00371487 0.000273577 38.2465 10.3791
149 0.030574 0.00564346 0.00371487 0.000273577 38.2465 10.3791
150 0.03269 0.00569831 0.00371487 0.000273577 38.2465 10.3791
151 0.0408001 0.00790212 0.00371487 0.000273577 38.2465 10.3791
152 0.0261925 0.0171578 0.00371487 0.000273577 38.2465 10.3791
153 0.0367659 0.0044102 0.00371487 0.000273577 38.2465 10.3791
154 0.101408 0.0137889 0.00371487 0.000273577 38.2465 10.3791
155 0.00589875 0.00787815 0.00371487 0.000273577 38.2465 10.3791
156 0.0162473 0.00514763 0.00371487 0.000273577 38.2465 10.3791
157 0.046879 0.00741215 0.00371487 0.000273577 38.2465 10.3791
158 0.015039 0.0244143 0.00371487 0.000273577 38.2465 10.3791
159 0.0445708 0.0220396 0.00371487 0.000273577 38.2465 10.3791
160 0.0372084 0.0513989 0.00371487 0.000273577 38.2465 10.3791
161 0.0136445 0.0107362 0.00371487 0.000273577 38.2465 10.3791
162 0.0335694 0.37755 0.00371487 0.000273577 38.2465 10.3791
163 0.054677 0.0048594 0.00371487 0.000273577 38.2465 10.3791
164 0.0173248 0.0126449 0.00371487 0.000273577 38.2465 10.3791
165 0.0299463 0.00327274 0.00371487 0.000273577 38.2465 10.3791
166 0.0246537 0.03632 0.00327274 0.000276369 35.8985 10.4319
167 0.0364252 0.0152292 0.00327274 0.000276369 35.8985 10.4319
168 0.048523 0.00412455 0.00327274 0.000276369 35.8985 10.4319
169 0.0275323 0.00557369 0.00327274 0.000276369 35.8985 10.4319
170 0.0404761 0.00369573 0.00327274 0.000276369 35.8985 10.4319
171 0.0209031 0.00383913 0.00327274 0.000276369 35.8985 10.4319
172 0.0313308 0.0211108 0.00327274 0.000276369 35.8985 10.4319
173 0.0283342 0.0105797 0.00327274 0.000276369 35.8985 10.4319
174 0.0357332 0.0401911 0.00327274 0.000276369 35.8985 10.4319
175 0.0255166 0.0709554 0.00327274 0.000276369 35.8985 10.4319
176 0.0413623 0.0128526 0.00327274 0.000276369 35.8985 10.4319
177 0.141915 0.0275388 0.00327274 0.000276369 35.8985 10.4319
178 0.00972094 0.0109395 0.00327274 0.000276369 35.8985 10.4319
179 0.0085773 0.0311153 0.00327274 0.000276369 35.8985 10.4319
180 0.0329304 0.0142354 0.00327274 0.000276369 35.8985 10.4319
181 0.0326086 0.00781563 0.00327274 0.000276369 35.8985 10.4319
182 0.015788 0.0144918 0.00327274 0.000276369 35.8985 10.4319
183 0.0374521 0.00452019 0.00327274 0.000276369 35.8985 10.4319
184 0.0233506 0.0644615 0.00327274 0.000276369 35.8985 10.4319
185 0.0355983 0.00354313 0.00327274 0.000276369 35.8985 10.4319
186 0.0399649 0.0124092 0.00327274 0.000276369 35.8985 10.4319
187 0.0165935 0.0169861 0.00327274 0.000276369 35.8985 10.4319
188 0.0699403 0.00573945 0.00327274 0.000276369 35.8985 10.4319
189 0.0113952 0.0094717 0.00327274 0.000276369 35.8985 10.4319
190 0.0209276 0.00703088 0.00327274 0.000276369 35.8985 10.4319
191 0.0367269 0.0409756 0.00327274 0.000276369 35.8985 10.4319
192 0.0292982 0.00288941 0.00327274 0.000276369 35.8985 10.4319
193 0.027097 0.00483828 0.00288941 0.000275151 33.7307 10.4089
194 0.0397623 0.00294777 0.00288941 0.000275151 33.7307 10.4089
195 0.0347788 0.301091 0.00288941 0.000275151 33.7307 10.4089
196 0.051931 0.00301034 0.00288941 0.000275151 33.7307 10.4089
197 0.0213266 0.00550056 0.00288941 0.000275151 33.7307 10.4089
198 0.0207227 0.00769268 0.00288941 0.000275151 33.7307 10.4089
199 0.0329521 0.00336597 0.00288941 0.000275151 33.7307 10.4089
200 0.0297258 0.00994553 0.00288941 0.000275151 33.7307 10.4089
201 0.0258905 0.00323847 0.00288941 0.000275151 33.7307 10.4089
202 0.0395034 0.00457424 0.00288941 0.000275151 33.7307 10.4089
203 0.0405911 0.00338314 0.00288941 0.000275151 33.7307 10.4089
204 0.0141232 0.0668535 0.00288941 0.000275151 33.7307 10.4089
205 0.0265222 0.00525825 0.00288941 0.000275151 33.7307 10.4089
206 0.0488154 0.00356219 0.00288941 0.000275151 33.7307 10.4089
207 0.0260005 0.00785587 0.00288941 0.000275151 33.7307 10.4089
208 0.0240034 0.00295403 0.00288941 0.000275151 33.7307 10.4089
209 0.0252718 0.0446535 0.00288941 0.000275151 33.7307 10.4089
210 0.0406886 0.00618782 0.00288941 0.000275151 33.7307 10.4089
211 0.0227472 0.00954502 0.00288941 0.000275151 33.7307 10.4089
212 0.0313512 0.00441993 0.00288941 0.000275151 33.7307 10.4089
213 0.0281247 0.130249 0.00288941 0.000275151 33.7307 10.4089
214 0.0341346 0.00797218 0.00288941 0.000275151 33.7307 10.4089
215 0.0256308 0.0069366 0.00288941 0.000275151 33.7307 10.4089
216 0.0321949 0.00652457 0.00288941 0.000275151 33.7307 10.4089
217 0.0562329 0.0203115 0.00288941 0.000275151 33.7307 10.4089
218 0.0106417 0.00759835 0.00288941 0.000275151 33.7307 10.4089
219 0.0311479 0.00351106 0.00288941 0.000275151 33.7307 10.4089
220 0.0822075 0.0118498 0.00288941 0.000275151 33.7307 10.4089
221 0.0105846 0.00362737 0.00288941 0.000275151 33.7307 10.4089
222 0.0118592 0.0227021 0.00288941 0.000275151 33.7307 10.4089
223 0.0269745 0.0292576 0.00288941 0.000275151 33.7307 10.4089
224 0.0352873 0.0164478 0.00288941 0.000275151 33.7307 10.4089
225 0.0215545 0.10158 0.00288941 0.000275151 33.7307 10.4089
226 0.0375012 0.0052883 0.00288941 0.000275151 33.7307 10.4089
227 0.0246791 0.00427089 0.00288941 0.000275151 33.7307 10.4089
228 0.0273351 0.0037686 0.00288941 0.000275151 33.7307 10.4089
229 0.0502937 0.00547366 0.00288941 0.000275151 33.7307 10.4089
230 0.0192983 0.00805288 0.00288941 0.000275151 33.7307 10.4089
231 0.0317641 0.138539 0.00288941 0.000275151 33.7307 10.4089
232 0.0375589 0.00600034 0.00288941 0.000275151 33.7307 10.4089
233 0.0379142 0.0447643 0.00288941 0.000275151 33.7307 10.4089
234 0.0223691 0.00611603 0.00288941 0.000275151 33.7307 10.4089
235 0.0888991 0.00302918 0.00288941 0.000275151 33.7307 10.4089
236 0.0117739 0.005963 0.00288941 0.000275151 33.7307 10.4089
237 0.0218609 0.00657438 0.00288941 0.000275151 33.7307 10.4089
238 0.0285278 0.00524257 0.00288941 0.000275151 33.7307 10.4089
239 0.0552988 0.00514881 0.00288941 0.000275151 33.7307 10.4089
240 0.0209452 0.00415749 0.00288941 0.000275151 33.7307 10.4089
241 0.02543 0.00415842 0.00288941 0.000275151 33.7307 10.4089
242 0.0313567 0.00374835 0.00288941 0.000275151 33.7307 10.4089
243 0.0337278 0.00429269 0.00288941 0.000275151 33.7307 10.4089
244 0.0316013 0.00468934 0.00288941 0.000275151 33.7307 10.4089
245 0.0222084 0.0260966 0.00288941 0.000275151 33.7307 10.4089
246 0.0422738 0.00682194 0.00288941 0.000275151 33.7307 10.4089
247 0.0210336 0.00578938 0.00288941 0.000275151 33.7307 10.4089
248 0.0401315 0.00389892 0.00288941 0.000275151 33.7307 10.4089
249 0.0279239 0.0299532 0.00288941 0.000275151 33.7307 10.4089
250 0.0260303 0.00840952 0.00288941 0.000275151 33.7307 10.4089
251 0.0413406 0.0203194 0.00288941 0.000275151 33.7307 10.4089
252 0.0323829 0.0120157 0.00288941 0.000275151 33.7307 10.4089
253 0.0234349 0.0157886 0.00288941 0.000275151 33.7307 10.4089
254 0.0241411 0.0156818 0.00288941 0.000275151 33.7307 10.4089
255 0.0433044 0.0498947 0.00288941 0.000275151 33.7307 10.4089
256 0.0222468 0.00686435 0.00288941 0.000275151 33.7307 10.4089
257 0.0598336 0.0104794 0.00288941 0.000275151 33.7307 10.4089
258 0.0175068 0.00534857 0.00288941 0.000275151 33.7307 10.4089
259 0.024111 0.00333856 0.00288941 0.000275151 33.7307 10.4089
260 0.0345612 0.00727562 0.00288941 0.000275151 33.7307 10.4089
261 0.0556233 0.00462536 0.00288941 0.000275151 33.7307 10.4089
262 0.0110405 0.00533255 0.00288941 0.000275151 33.7307 10.4089
263 0.0393695 0.0059692 0.00288941 0.000275151 33.7307 10.4089
264 0.0269566 0.0177916 0.00288941 0.000275151 33.7307 10.4089
265 0.0665141 0.0102122 0.00288941 0.000275151 33.7307 10.4089
266 0.0173793 0.0887431 0.00288941 0.000275151 33.7307 10.4089
267 0.0251845 0.00875326 0.00288941 0.000275151 33.7307 10.4089
268 0.0451843 0.0142762 0.00288941 0.000275151 33.7307 10.4089
269 0.0154079 0.0590715 0.00288941 0.000275151 33.7307 10.4089
270 0.0443549 0.0387914 0.00288941 0.000275151 33.7307 10.4089
271 0.0197319 0.0363364 0.00288941 0.000275151 33.7307 10.4089
272 0.034738 0.0504802 0.00288941 0.000275151 33.7307 10.4089
273 0.0204613 0.0079816 0.00288941 0.000275151 33.7307 10.4089
274 0.0320943 0.00446152 0.00288941 0.000275151 33.7307 10.4089
275 0.0380031 0.00391705 0.00288941 0.000275151 33.7307 10.4089
276 0.0178823 0.0061272 0.00288941 0.000275151 33.7307 10.4089
277 0.0442341 0.00476931 0.00288941 0.000275151 33.7307 10.4089
278 0.0226185 0.00334242 0.00288941 0.000275151 33.7307 10.4089
279 0.049647 0.019803 0.00288941 0.000275151 33.7307 10.4089
280 0.016884 0.00376734 0.00288941 0.000275151 33.7307 10.4089
281 0.0333741 0.0101495 0.00288941 0.000275151 33.7307 10.4089
282 0.0195662 0.0100173 0.00288941 0.000275151 33.7307 10.4089
283 0.0471321 0.00397992 0.00288941 0.000275151 33.7307 10.4089
284 0.0160435 0.00414165 0.00288941 0.000275151 33.7307 10.4089
285 0.0404534 0.00490076 0.00288941 0.000275151 33.7307 10.4089
286 0.0288293 0.00372091 0.00288941 0.000275151 33.7307 10.4089
287 0.0425459 0.00597473 0.00288941 0.000275151 33.7307 10.4089
288 0.0115009 0.00706336 0.00288941 0.000275151 33.7307 10.4089
289 0.042745 0.0418644 0.00288941 0.000275151 33.7307 10.4089
290 0.0243059 0.0071838 0.00288941 0.000275151 33.7307 10.4089
291 0.0227639 0.0439496 0.00288941 0.000275151 33.7307 10.4089
292 0.0315343 0.00515426 0.00288941 0.000275151 33.7307 10.4089
293 0.00285393 0.00515741 0.00288941 0.000275151 33.7307 10.4089
294 0.00354796 0.00342658 0.00288941 0.000275151 33.7307 10.4089
295 0.00506181 0.0030899 0.00288941 0.000275151 33.7307 10.4089
296 0.00682109 0.00728419 0.00288941 0.000275151 33.7307 10.4089
297 0.00783029 0.00734319 0.00288941 0.000275151 33.7307 10.4089
298 0.00994414 0.00490519 0.00288941 0.000275151 33.7307 10.4089
299 0.00600955 0.00325857 0.00288941 0.000275151 33.7307 10.4089
300 0.00998588 0.00409532 0.00288941 0.000275151 33.7307 10.4089
301 0.00621074 0.00394741 0.00288941 0.000275151 33.7307 10.4089
302 0.00691222 0.00567561 0.00288941 0.000275151 33.7307 10.4089
303 0.00874085 0.00472695 0.00288941 0.000275151 33.7307 10.4089
304 0.00679729 0.00712731 0.00288941 0.000275151 33.7307 10.4089
305 0.0085069 0.00338772 0.00288941 0.000275151 33.7307 10.4089
306 0.00743644 0.00485793 0.00288941 0.000275151 33.7307 10.4089
307 0.00739052 0.00397189 0.00288941 0.000275151 33.7307 10.4089
308 0.00700095 0.00497046 0.00288941 0.000275151 33.7307 10.4089
309 0.00796981 0.00313274 0.00288941 0.000275151 33.7307 10.4089
310 0.00932317 0.00322122 0.00288941 0.000275151 33.7307 10.4089
311 0.00742466 0.00469504 0.00288941 0.000275151 33.7307 10.4089
312 0.00722923 0.0152249 0.00288941 0.000275151 33.7307 10.4089
313 0.00819845 0.00597648 0.00288941 0.000275151 33.7307 10.4089
314 0.00711146 0.00966705 0.00288941 0.000275151 33.7307 10.4089
315 0.0105755 0.00380101 0.00288941 0.000275151 33.7307 10.4089
316 0.0057568 0.0139163 0.00288941 0.000275151 33.7307 10.4089
317 0.0101339 0.00273743 0.00288941 0.000275151 33.7307 10.4089
318 0.00608303 0.00345372 0.00273743 0.000276431 32.8316 10.4331
319 0.00702066 0.00597004 0.00273743 0.000276431 32.8316 10.4331
320 0.0091351 0.00687959 0.00273743 0.000276431 32.8316 10.4331
321 0.00969718 0.00428406 0.00273743 0.000276431 32.8316 10.4331
322 0.00656164 0.00346367 0.00273743 0.000276431 32.8316 10.4331
323 0.00646951 0.00694691 0.00273743 0.000276431 32.8316 10.4331
324 0.00835634 0.00492898 0.00273743 0.000276431 32.8316 10.4331
325 0.00907598 0.0400783 0.00273743 0.000276431 32.8316 10.4331
326 0.00669308 0.00558355 0.00273743 0.000276431 32.8316 10.4331
327 0.00891803 0.00786882 0.00273743 0.000276431 32.8316 10.4331
328 0.00822506 0.00465802 0.00273743 0.000276431 32.8316 10.4331
329 0.00581886 0.00465282 0.00273743 0.000276431 32.8316 10.4331
330 0.008483 0.00913195 0.00273743 0.000276431 32.8316 10.4331
331 0.00687585 0.00871284 0.00273743 0.000276431 32.8316 10.4331
332 0.0084006 0.00674405 0.00273743 0.000276431 32.8316 10.4331
333 0.012769 0.00454455 0.00273743 0.000276431 32.8316 10.4331
334 0.00480898 0.00366042 0.00273743 0.000276431 32.8316 10.4331
335 0.00670876 0.00357803 0.00273743 0.000276431 32.8316 10.4331
336 0.00704677 0.00583096 0.00273743 0.000276431 32.8316 10.4331
337 0.00946366 0.0048939 0.00273743 0.000276431 32.8316 10.4331
338 0.00719989 0.00452293 0.00273743 0.000276431 32.8316 10.4331
339 0.00836823 0.00309953 0.00273743 0.000276431 32.8316 10.4331
340 0.0071105 0.00688635 0.00273743 0.000276431 32.8316 10.4331
341 0.00842052 0.00746276 0.00273743 0.000276431 32.8316 10.4331
342 0.00801614 0.00304258 0.00273743 0.000276431 32.8316 10.4331
343 0.00824609 0.00450405 0.00273743 0.000276431 32.8316 10.4331
344 0.00831957 0.00556792 0.00273743 0.000276431 32.8316 10.4331
345 0.00716332 0.00495598 0.00273743 0.000276431 32.8316 10.4331
346 0.0088032 0.004125 0.00273743 0.000276431 32.8316 10.4331
347 0.00852941 0.00441619 0.00273743 0.000276431 32.8316 10.4331
348 0.00715702 0.0115147 0.00273743 0.000276431 32.8316 10.4331
349 0.0169342 0.00335346 0.00273743 0.000276431 32.8316 10.4331
350 0.00571987 0.00316631 0.00273743 0.000276431 32.8316 10.4331
351 0.00762539 0.00404169 0.00273743 0.000276431 32.8316 10.4331
352 0.00793166 0.00447863 0.00273743 0.000276431 32.8316 10.4331
353 0.00754693 0.00829966 0.00273743 0.000276431 32.8316 10.4331
354 0.00862353 0.00413441 0.00273743 0.000276431 32.8316 10.4331
355 0.00831757 0.0229514 0.00273743 0.000276431 32.8316 10.4331
356 0.00805309 0.00936376 0.00273743 0.000276431 32.8316 10.4331
357 0.0105463 0.00514151 0.00273743 0.000276431 32.8316 10.4331
358 0.00734382 0.00357592 0.00273743 0.000276431 32.8316 10.4331
359 0.00819052 0.0119477 0.00273743 0.000276431 32.8316 10.4331
360 0.00939077 0.00992571 0.00273743 0.000276431 32.8316 10.4331
361 0.00847249 0.00611022 0.00273743 0.000276431 32.8316 10.4331
362 0.00872757 0.00319639 0.00273743 0.000276431 32.8316 10.4331
363 0.0107885 0.0039037 0.00273743 0.000276431 32.8316 10.4331
364 0.00769302 0.00322988 0.00273743 0.000276431 32.8316 10.4331
365 0.00795154 0.00975251 0.00273743 0.000276431 32.8316 10.4331
366 0.00799104 0.0082526 0.00273743 0.000276431 32.8316 10.4331
367 0.00879528 0.00456657 0.00273743 0.000276431 32.8316 10.4331
368 0.00819586 0.00357126 0.00273743 0.000276431 32.8316 10.4331
369 0.00787552 0.0106589 0.00273743 0.000276431 32.8316 10.4331
370 0.0081934 0.00814954 0.00273743 0.000276431 32.8316 10.4331
371 0.00904967 0.0041659 0.00273743 0.000276431 32.8316 10.4331
372 0.00608045 0.00483914 0.00273743 0.000276431 32.8316 10.4331
373 0.0147411 0.0033277 0.00273743 0.000276431 32.8316 10.4331
374 0.00614973 0.0194964 0.00273743 0.000276431 32.8316 10.4331
375 0.0105225 0.00339308 0.00273743 0.000276431 32.8316 10.4331
376 0.0083746 0.00601456 0.00273743 0.000276431 32.8316 10.4331
377 0.00830557 0.00342611 0.00273743 0.000276431 32.8316 10.4331
378 0.0083971 0.00476091 0.00273743 0.000276431 32.8316 10.4331
379 0.00966167 0.0092377 0.00273743 0.000276431 32.8316 10.4331
380 0.00696344 0.0119628 0.00273743 0.000276431 32.8316 10.4331
381 0.00884426 0.00964449 0.00273743 0.000276431 32.8316 10.4331
382 0.00911796 0.00394466 0.00273743 0.000276431 32.8316 10.4331
383 0.0100108 0.00428383 0.00273743 0.000276431 32.8316 10.4331
384 0.00794379 0.00500612 0.00273743 0.000276431 32.8316 10.4331
385 0.00872592 0.00471245 0.00273743 0.000276431 32.8316 10.4331
386 0.00874495 0.0146327 0.00273743 0.000276431 32.8316 10.4331
387 0.0103217 0.00361864 0.00273743 0.000276431 32.8316 10.4331
388 0.0101003 0.00588146 0.00273743 0.000276431 32.8316 10.4331
389 0.00590606 0.0169993 0.00273743 0.000276431 32.8316 10.4331
390 0.0093705 0.00505907 0.00273743 0.000276431 32.8316 10.4331
391 0.00944471 0.0132698 0.00273743 0.000276431 32.8316 10.4331
392 0.00788597 0.00379596 0.00273743 0.000276431 32.8316 10.4331
393 0.00710904 0.00754493 0.00273743 0.000276431 32.8316 10.4331
394 0.0117288 0.0049892 0.00273743 0.000276431 32.8316 10.4331
395 0.00805425 0.00473295 0.00273743 0.000276431 32.8316 10.4331
396 0.00760199 0.0176454 0.00273743 0.000276431 32.8316 10.4331
397 0.00875527 0.0039599 0.00273743 0.000276431 32.8316 10.4331
398 0.0131604 0.00758112 0.00273743 0.000276431 32.8316 10.4331
399 0.00602105 0.00821374 0.00273743 0.000276431 32.8316 10.4331
400 0.00916409 0.00545592 0.00273743 0.000276431 32.8316 10.4331
401 0.00660053 0.00481714 0.00273743 0.000276431 32.8316 10.4331
402 0.00950302 0.00573026 0.00273743 0.000276431 32.8316 10.4331
403 0.00869803 0.0463491 0.00273743 0.000276431 32.8316 10.4331
404 0.00835522 0.00553826 0.00273743 0.000276431 32.8316 10.4331
405 0.00899657 0.0547065 0.00273743 0.000276431 32.8316 10.4331
406 0.00939413 0.00353528 0.00273743 0.000276431 32.8316 10.4331
407 0.00654824 0.0109634 0.00273743 0.000276431 32.8316 10.4331
408 0.00943632 0.00568867 0.00273743 0.000276431 32.8316 10.4331
409 0.00929254 0.0166924 0.00273743 0.000276431 32.8316 10.4331
410 0.00855138 0.0039555 0.00273743 0.000276431 32.8316 10.4331
411 0.0116656 0.00920347 0.00273743 0.000276431 32.8316 10.4331
412 0.00539912 0.00475166 0.00273743 0.000276431 32.8316 10.4331
413 0.00839252 0.0178867 0.00273743 0.000276431 32.8316 10.4331
414 0.00930355 0.00372196 0.00273743 0.000276431 32.8316 10.4331
415 0.00820679 0.00749437 0.00273743 0.000276431 32.8316 10.4331
416 0.00782926 0.0130274 0.00273743 0.000276431 32.8316 10.4331
417 0.0110388 0.00491177 0.00273743 0.000276431 32.8316 10.4331
418 0.00287354 0.0026437 0.00273743 0.000276431 32.8316 10.4331
419 0.00323957 0.00269122 0.0026437 0.000280498 32.2646 10.5096
420 0.00412445 0.00269169 0.0026437 0.000280498 32.2646 10.5096
421 0.00407804 0.00371737 0.0026437 0.000280498 32.2646 10.5096
422 0.00408569 0.00758223 0.0026437 0.000280498 32.2646 10.5096
423 0.00456971 0.0033342 0.0026437 0.000280498 32.2646 10.5096
424 0.00410337 0.0042124 0.0026437 0.000280498 32.2646 10.5096
425 0.00473093 0.00291745 0.0026437 0.000280498 32.2646 10.5096
426 0.0046089 0.00308993 0.0026437 0.000280498 32.2646 10.5096
427 0.00419188 0.00686965 0.0026437 0.000280498 32.2646 10.5096
428 0.00460108 0.00329547 0.0026437 0.000280498 32.2646 10.5096
429 0.00463659 0.00438992 0.0026437 0.000280498 32.2646 10.5096
430 0.00497966 0.00306074 0.0026437 0.000280498 32.2646 10.5096
431 0.00407874 0.00812733 0.0026437 0.000280498 32.2646 10.5096
432 0.00453287 0.00435535 0.0026437 0.000280498 32.2646 10.5096
433 0.00468481 0.002962 0.0026437 0.000280498 32.2646 10.5096
434 0.00411923 0.00481134 0.0026437 0.000280498 32.2646 10.5096
435 0.00438164 0.00297595 0.0026437 0.000280498 32.2646 10.5096
436 0.00417915 0.00344971 0.0026437 0.000280498 32.2646 10.5096
437 0.00492673 0.004395 0.0026437 0.000280498 32.2646 10.5096
438 0.00429415 0.00339987 0.0026437 0.000280498 32.2646 10.5096
439 0.00429259 0.00273151 0.0026437 0.000280498 32.2646 10.5096
440 0.00387639 0.00491203 0.0026437 0.000280498 32.2646 10.5096
441 0.00484353 0.00375283 0.0026437 0.000280498 32.2646 10.5096
442 0.00446585 0.00642449 0.0026437 0.000280498 32.2646 10.5096
443 0.00445929 0.00599356 0.0026437 0.000280498 32.2646 10.5096
444 0.005177 0.00257348 0.0026437 0.000280498 32.2646 10.5096
445 0.00419875 0.00289198 0.00257348 0.000279301 31.8332 10.4871
446 0.0049384 0.00609803 0.00257348 0.000279301 31.8332 10.4871
447 0.00457446 0.00359648 0.00257348 0.000279301 31.8332 10.4871
448 0.00450374 0.00321067 0.00257348 0.000279301 31.8332 10.4871
449 0.00402315 0.00290798 0.00257348 0.000279301 31.8332 10.4871
450 0.00547459 0.0033191 0.00257348 0.000279301 31.8332 10.4871
451 0.00457115 0.00402186 0.00257348 0.000279301 31.8332 10.4871
452 0.005165 0.00270336 0.00257348 0.000279301 31.8332 10.4871
453 0.00397155 0.0033567 0.00257348 0.000279301 31.8332 10.4871
454 0.0044594 0.00301818 0.00257348 0.000279301 31.8332 10.4871
455 0.00456581 0.00784965 0.00257348 0.000279301 31.8332 10.4871
456 0.00492887 0.00686862 0.00257348 0.000279301 31.8332 10.4871
457 0.00447864 0.00492141 0.00257348 0.000279301 31.8332 10.4871
458 0.00453284 0.0033711 0.00257348 0.000279301 31.8332 10.4871
459 0.00577684 0.00366021 0.00257348 0.000279301 31.8332 10.4871
460 0.00443701 0.00361129 0.00257348 0.000279301 31.8332 10.4871
461 0.00426255 0.00719022 0.00257348 0.000279301 31.8332 10.4871
462 0.00564704 0.00337508 0.00257348 0.000279301 31.8332 10.4871
463 0.00383378 0.00506791 0.00257348 0.000279301 31.8332 10.4871
464 0.00434518 0.00499314 0.00257348 0.000279301 31.8332 10.4871
465 0.00531319 0.00504548 0.00257348 0.000279301 31.8332 10.4871
466 0.00412923 0.00645578 0.00257348 0.000279301 31.8332 10.4871
467 0.0043598 0.00430545 0.00257348 0.000279301 31.8332 10.4871
468 0.00523787 0.00354121 0.00257348 0.000279301 31.8332 10.4871
469 0.00455487 0.00426055 0.00257348 0.000279301 31.8332 10.4871
470 0.00468603 0.0129423 0.00257348 0.000279301 31.8332 10.4871
471 0.00537019 0.00395198 0.00257348 0.000279301 31.8332 10.4871
472 0.0056315 0.00520427 0.00257348 0.000279301 31.8332 10.4871
473 0.00401889 0.00273068 0.00257348 0.000279301 31.8332 10.4871
474 0.00482564 0.00577007 0.00257348 0.000279301 31.8332 10.4871
475 0.00453253 0.0108911 0.00257348 0.000279301 31.8332 10.4871
476 0.00465606 0.00499632 0.00257348 0.000279301 31.8332 10.4871
477 0.00477492 0.00342872 0.00257348 0.000279301 31.8332 10.4871
478 0.00413591 0.00594679 0.00257348 0.000279301 31.8332 10.4871
479 0.00516091 0.00391546 0.00257348 0.000279301 31.8332 10.4871
480 0.00488882 0.00448248 0.00257348 0.000279301 31.8332 10.4871
481 0.00481723 0.00498401 0.00257348 0.000279301 31.8332 10.4871
482 0.00531928 0.00336271 0.00257348 0.000279301 31.8332 10.4871
483 0.00487442 0.00408713 0.00257348 0.000279301 31.8332 10.4871
484 0.0046094 0.00285487 0.00257348 0.000279301 31.8332 10.4871
485 0.00543224 0.00690725 0.00257348 0.000279301 31.8332 10.4871
486 0.00443193 0.00709154 0.00257348 0.000279301 31.8332 10.4871
487 0.00522419 0.00386909 0.00257348 0.000279301 31.8332 10.4871
488 0.00520834 0.00358477 0.00257348 0.000279301 31.8332 10.4871
489 0.00498136 0.00476653 0.00257348 0.000279301 31.8332 10.4871
490 0.00480245 0.00945677 0.00257348 0.000279301 31.8332 10.4871
491 0.00476663 0.00332219 0.00257348 0.000279301 31.8332 10.4871
492 0.00554018 0.00549848 0.00257348 0.000279301 31.8332 10.4871
493 0.00519482 0.00312086 0.00257348 0.000279301 31.8332 10.4871
494 0.00536382 0.00543624 0.00257348 0.000279301 31.8332 10.4871
495 0.0046555 0.00519475 0.00257348 0.000279301 31.8332 10.4871
496 0.00477783 0.00910835 0.00257348 0.000279301 31.8332 10.4871
497 0.00493851 0.00851412 0.00257348 0.000279301 31.8332 10.4871
498 0.00551217 0.00541913 0.00257348 0.000279301 31.8332 10.4871
499 0.00539692 0.00522842 0.00257348 0.000279301 31.8332 10.4871
500 0.00528449 0.00497451 0.00257348 0.000279301 31.8332 10.4871
501 0.00469173 0.00281703 0.00257348 0.000279301 31.8332 10.4871
502 0.00517913 0.00344359 0.00257348 0.000279301 31.8332 10.4871
503 0.00455093 0.00301256 0.00257348 0.000279301 31.8332 10.4871
504 0.00558568 0.004025 0.00257348 0.000279301 31.8332 10.4871
505 0.00483637 0.00325182 0.00257348 0.000279301 31.8332 10.4871
506 0.00489216 0.00486879 0.00257348 0.000279301 31.8332 10.4871
507 0.00503354 0.00396414 0.00257348 0.000279301 31.8332 10.4871
508 0.00480182 0.00608887 0.00257348 0.000279301 31.8332 10.4871
509 0.00618784 0.0368664 0.00257348 0.000279301 31.8332 10.4871
510 0.00438442 0.00278713 0.00257348 0.000279301 31.8332 10.4871
511 0.0050109 0.00420248 0.00257348 0.000279301 31.8332 10.4871
512 0.00556586 0.00481029 0.00257348 0.000279301 31.8332 10.4871
513 0.00445707 0.00625702 0.00257348 0.000279301 31.8332 10.4871
514 0.00493205 0.00441043 0.00257348 0.000279301 31.8332 10.4871
515 0.00499795 0.00357923 0.00257348 0.000279301 31.8332 10.4871
516 0.00546956 0.00377333 0.00257348 0.000279301 31.8332 10.4871
517 0.00460456 0.00265438 0.00257348 0.000279301 31.8332 10.4871
518 0.00507117 0.00703805 0.00257348 0.000279301 31.8332 10.4871
519 0.00542472 0.00554241 0.00257348 0.000279301 31.8332 10.4871
520 0.00558513 0.0047595 0.00257348 0.000279301 31.8332 10.4871
521 0.00513448 0.0102303 0.00257348 0.000279301 31.8332 10.4871
522 0.00445269 0.00636972 0.00257348 0.000279301 31.8332 10.4871
523 0.00503893 0.00360967 0.00257348 0.000279301 31.8332 10.4871
524 0.00545324 0.00317659 0.00257348 0.000279301 31.8332 10.4871
525 0.0056874 0.00338373 0.00257348 0.000279301 31.8332 10.4871
526 0.00510673 0.00385582 0.00257348 0.000279301 31.8332 10.4871
527 0.00601584 0.00411172 0.00257348 0.000279301 31.8332 10.4871
528 0.00468561 0.00399593 0.00257348 0.000279301 31.8332 10.4871
529 0.00512989 0.00484138 0.00257348 0.000279301 31.8332 10.4871
530 0.00609681 0.00601413 0.00257348 0.000279301 31.8332 10.4871
531 0.00460463 0.0088523 0.00257348 0.000279301 31.8332 10.4871
532 0.00559638 0.00333668 0.00257348 0.000279301 31.8332 10.4871
533 0.00467954 0.0030805 0.00257348 0.000279301 31.8332 10.4871
534 0.00499821 0.00787721 0.00257348 0.000279301 31.8332 10.4871
535 0.00547296 0.0042837 0.00257348 0.000279301 31.8332 10.4871
536 0.00617847 0.00575008 0.00257348 0.000279301 31.8332 10.4871
537 0.00625121 0.0031499 0.00257348 0.000279301 31.8332 10.4871
538 0.00484595 0.00365015 0.00257348 0.000279301 31.8332 10.4871
539 0.00556518 0.00676853 0.00257348 0.000279301 31.8332 10.4871
540 0.00504505 0.00285233 0.00257348 0.000279301 31.8332 10.4871
541 0.00534008 0.00347882 0.00257348 0.000279301 31.8332 10.4871
542 0.00529417 0.00296668 0.00257348 0.000279301 31.8332 10.4871
543 0.00547577 0.00498741 0.00257348 0.000279301 31.8332 10.4871
544 0.00555582 0.00322849 0.00257348 0.000279301 31.8332 10.4871
545 0.00282797 0.00337171 0.00257348 0.000279301 31.8332 10.4871
546 0.00296511 0.00298485 0.00257348 0.000279301 31.8332 10.4871
547 0.00322974 0.00492438 0.00257348 0.000279301 31.8332 10.4871
548 0.00330638 0.00256341 0.00257348 0.000279301 31.8332 10.4871
549 0.00298817 0.0033866 0.00256341 0.000279771 31.7709 10.4959
550 0.00297215 0.00232045 0.00256341 0.000279771 31.7709 10.4959
551 0.00329738 0.00737893 0.00232045 0.000279089 30.2278 10.4832
552 0.00326395 0.00274291 0.00232045 0.000279089 30.2278 10.4832
553 0.0034292 0.0041176 0.00232045 0.000279089 30.2278 10.4832
554 0.00357309 0.00412799 0.00232045 0.000279089 30.2278 10.4832
555 0.00334742 0.00258121 0.00232045 0.000279089 30.2278 10.4832
556 0.00341675 0.00266981 0.00232045 0.000279089 30.2278 10.4832
557 0.00322324 0.00376271 0.00232045 0.000279089 30.2278 10.4832
558 0.00366623 0.00394433 0.00232045 0.000279089 30.2278 10.4832
559 0.00313519 0.00457817 0.00232045 0.000279089 30.2278 10.4832
560 0.00334652 0.00339025 0.00232045 0.000279089 30.2278 10.4832
561 0.00347692 0.00316169 0.00232045 0.000279089 30.2278 10.4832
562 0.00384892 0.00382054 0.00232045 0.000279089 30.2278 10.4832
563 0.00329303 0.0208711 0.00232045 0.000279089 30.2278 10.4832
564 0.00349642 0.00417636 0.00232045 0.000279089 30.2278 10.4832
565 0.00330024 0.00263791 0.00232045 0.000279089 30.2278 10.4832
566 0.00347719 0.00258871 0.00232045 0.000279089 30.2278 10.4832
567 0.00346191 0.00574051 0.00232045 0.000279089 30.2278 10.4832
568 0.00328201 0.00545338 0.00232045 0.000279089 30.2278 10.4832
569 0.0032423 0.00263749 0.00232045 0.000279089 30.2278 10.4832
570 0.00339681 0.00271546 0.00232045 0.000279089 30.2278 10.4832
571 0.00317755 0.00339661 0.00232045 0.000279089 30.2278 10.4832
572 0.00329013 0.00771266 0.00232045 0.000279089 30.2278 10.4832
573 0.00363597 0.00434488 0.00232045 0.000279089 30.2278 10.4832
574 0.00311273 0.00328597 0.00232045 0.000279089 30.2278 10.4832
575 0.00328009 0.00389464 0.00232045 0.000279089 30.2278 10.4832
576 0.00363426 0.00450493 0.00232045 0.000279089 30.2278 10.4832
577 0.00335391 0.00315696 0.00232045 0.000279089 30.2278 10.4832
578 0.00347406 0.00517387 0.00232045 0.000279089 30.2278 10.4832
579 0.0037106 0.00282139 0.00232045 0.000279089 30.2278 10.4832
580 0.00351108 0.0029644 0.00232045 0.000279089 30.2278 10.4832
581 0.00320316 0.00334598 0.00232045 0.000279089 30.2278 10.4832
582 0.00363597 0.00664266 0.00232045 0.000279089 30.2278 10.4832
583 0.00373392 0.00535172 0.00232045 0.000279089 30.2278 10.4832
584 0.00362311 0.00347142 0.00232045 0.000279089 30.2278 10.4832
585 0.00332939 0.00290559 0.00232045 0.000279089 30.2278 10.4832
586 0.00351033 0.00394397 0.00232045 0.000279089 30.2278 10.4832
587 0.00335601 0.00364636 0.00232045 0.000279089 30.2278 10.4832
588 0.00358261 0.00490759 0.00232045 0.000279089 30.2278 10.4832
589 0.00419793 0.00323106 0.00232045 0.000279089 30.2278 10.4832
590 0.00302941 0.00355684 0.00232045 0.000279089 30.2278 10.4832
591 0.00313052 0.00255727 0.00232045 0.000279089 30.2278 10.4832
592 0.00345091 0.00369707 0.00232045 0.000279089 30.2278 10.4832
593 0.00360355 0.00268604 0.00232045 0.000279089 30.2278 10.4832
594 0.00337474 0.0077647 0.00232045 0.000279089 30.2278 10.4832
595 0.00384878 0.00294753 0.00232045 0.000279089 30.2278 10.4832
596 0.00335457 0.00519655 0.00232045 0.000279089 30.2278 10.4832
597 0.00355804 0.00273273 0.00232045 0.000279089 30.2278 10.4832
598 0.00389475 0.00311683 0.00232045 0.000279089 30.2278 10.4832
599 0.00337886 0.0030837 0.00232045 0.000279089 30.2278 10.4832
600 0.00369983 0.00392937 0.00232045 0.000279089 30.2278 10.4832
601 0.00359166 0.00341243 0.00232045 0.000279089 30.2278 10.4832
602 0.00326316 0.00449318 0.00232045 0.000279089 30.2278 10.4832
603 0.00439836 0.0034887 0.00232045 0.000279089 30.2278 10.4832
604 0.00403794 0.00331953 0.00232045 0.000279089 30.2278 10.4832
605 0.00420022 0.00375982 0.00232045 0.000279089 30.2278 10.4832
606 0.00325632 0.0031584 0.00232045 0.000279089 30.2278 10.4832
607 0.00348196 0.00361661 0.00232045 0.000279089 30.2278 10.4832
608 0.00371042 0.0028836 0.00232045 0.000279089 30.2278 10.4832
609 0.00365954 0.0028108 0.00232045 0.000279089 30.2278 10.4832
610 0.00384672 0.00312036 0.00232045 0.000279089 30.2278 10.4832
611 0.00336565 0.0042455 0.00232045 0.000279089 30.2278 10.4832
612 0.00384063 0.00385238 0.00232045 0.000279089 30.2278 10.4832
613 0.00360273 0.00324717 0.00232045 0.000279089 30.2278 10.4832
614 0.00349654 0.00323359 0.00232045 0.000279089 30.2278 10.4832
615 0.00454433 0.0028533 0.00232045 0.000279089 30.2278 10.4832
616 0.00354498 0.00528676 0.00232045 0.000279089 30.2278 10.4832
617 0.00355524 0.00343391 0.00232045 0.000279089 30.2278 10.4832
618 0.00392736 0.00367649 0.00232045 0.000279089 30.2278 10.4832
619 0.00359098 0.00403001 0.00232045 0.000279089 30.2278 10.4832
620 0.00379958 0.0032348 0.00232045 0.000279089 30.2278 10.4832
621 0.00380221 0.00306147 0.00232045 0.000279089 30.2278 10.4832
622 0.00342834 0.0025709 0.00232045 0.000279089 30.2278 10.4832
623 0.00343484 0.00651386 0.00232045 0.000279089 30.2278 10.4832
624 0.00398729 0.0032276 0.00232045 0.000279089 30.2278 10.4832
625 0.0037512 0.00399182 0.00232045 0.000279089 30.2278 10.4832
626 0.00368251 0.00354525 0.00232045 0.000279089 30.2278 10.4832
627 0.00420158 0.00303252 0.00232045 0.000279089 30.2278 10.4832
628 0.00410993 0.00565908 0.00232045 0.000279089 30.2278 10.4832
629 0.00351328 0.00432712 0.00232045 0.000279089 30.2278 10.4832
630 0.00402172 0.00253894 0.00232045 0.000279089 30.2278 10.4832
631 0.00377042 0.00361554 0.00232045 0.000279089 30.2278 10.4832
632 0.00385196 0.00766973 0.00232045 0.000279089 30.2278 10.4832
633 0.0039071 0.00284273 0.00232045 0.000279089 30.2278 10.4832
634 0.00399201 0.00284474 0.00232045 0.000279089 30.2278 10.4832
635 0.00382934 0.00486456 0.00232045 0.000279089 30.2278 10.4832
636 0.00366844 0.00339248 0.00232045 0.000279089 30.2278 10.4832
637 0.00420053 0.00539416 0.00232045 0.000279089 30.2278 10.4832
638 0.00404249 0.00567882 0.00232045 0.000279089 30.2278 10.4832
639 0.00428344 0.00306622 0.00232045 0.000279089 30.2278 10.4832
640 0.00351321 0.00307652 0.00232045 0.000279089 30.2278 10.4832
641 0.00393108 0.00465016 0.00232045 0.000279089 30.2278 10.4832
642 0.00394061 0.00255854 0.00232045 0.000279089 30.2278 10.4832
643 0.00424871 0.00647989 0.00232045 0.000279089 30.2278 10.4832
644 0.00402125 0.00258932 0.00232045 0.000279089 30.2278 10.4832
645 0.00360701 0.00720508 0.00232045 0.000279089 30.2278 10.4832
646 0.00407216 0.00384244 0.00232045 0.000279089 30.2278 10.4832
647 0.00381891 0.00360561 0.00232045 0.000279089 30.2278 10.4832
648 0.00341513 0.00566427 0.00232045 0.000279089 30.2278 10.4832
649 0.00378413 0.00285246 0.00232045 0.000279089 30.2278 10.4832
650 0.00358857 0.00322691 0.00232045 0.000279089 30.2278 10.4832
651 0.00247023 0.0035718 0.00232045 0.000279089 30.2278 10.4832
652 0.00265931 0.00322559 0.00232045 0.000279089 30.2278 10.4832
653 0.00260691 0.00264515 0.00232045 0.000279089 30.2278 10.4832
654 0.00260385 0.00265463 0.00232045 0.000279089 30.2278 10.4832
655 0.00265473 0.00312644 0.00232045 0.000279089 30.2278 10.4832
656 0.00285396 0.00343484 0.00232045 0.000279089 30.2278 10.4832
657 0.0026393 0.00331383 0.00232045 0.000279089 30.2278 10.4832
658 0.00269069 0.002435 0.00232045 0.000279089 30.2278 10.4832
659 0.00260404 0.00326564 0.00232045 0.000279089 30.2278 10.4832
660 0.00271852 0.00323326 0.00232045 0.000279089 30.2278 10.4832
661 0.0026989 0.00247487 0.00232045 0.000279089 30.2278 10.4832
662 0.0026539 0.00315205 0.00232045 0.000279089 30.2278 10.4832
663 0.00276401 0.00353443 0.00232045 0.000279089 30.2278 10.4832
664 0.00272527 0.00268845 0.00232045 0.000279089 30.2278 10.4832
665 0.00291391 0.00881612 0.00232045 0.000279089 30.2278 10.4832
666 0.00268664 0.00283497 0.00232045 0.000279089 30.2278 10.4832
667 0.00276979 0.00368718 0.00232045 0.000279089 30.2278 10.4832
668 0.00296969 0.00305737 0.00232045 0.000279089 30.2278 10.4832
669 0.00297188 0.00317475 0.00232045 0.000279089 30.2278 10.4832
670 0.00311396 0.00296738 0.00232045 0.000279089 30.2278 10.4832
671 0.002603 0.00304886 0.00232045 0.000279089 30.2278 10.4832
672 0.00298268 0.00260526 0.00232045 0.000279089 30.2278 10.4832
673 0.00267965 0.00256916 0.00232045 0.000279089 30.2278 10.4832
674 0.00261872 0.0027105 0.00232045 0.000279089 30.2278 10.4832
675 0.00288439 0.00297775 0.00232045 0.000279089 30.2278 10.4832
676 0.00288253 0.0033774 0.00232045 0.000279089 30.2278 10.4832
677 0.00282259 0.00430767 0.00232045 0.000279089 30.2278 10.4832
678 0.00297349 0.003112 0.00232045 0.000279089 30.2278 10.4832
679 0.00288402 0.00271843 0.00232045 0.000279089 30.2278 10.4832
680 0.00298688 0.00296243 0.00232045 0.000279089 30.2278 10.4832
681 0.00267215 0.00326276 0.00232045 0.000279089 30.2278 10.4832
682 0.00279462 0.00239016 0.00232045 0.000279089 30.2278 10.4832
683 0.00290848 0.00270162 0.00232045 0.000279089 30.2278 10.4832
684 0.00285516 0.00259564 0.00232045 0.000279089 30.2278 10.4832
685 0.00313038 0.00233181 0.00232045 0.000279089 30.2278 10.4832
686 0.00270408 0.00254526 0.00232045 0.000279089 30.2278 10.4832
687 0.0027292 0.00301232 0.00232045 0.000279089 30.2278 10.4832
688 0.00302498 0.0044493 0.00232045 0.000279089 30.2278 10.4832
689 0.00300047 0.00274869 0.00232045 0.000279089 30.2278 10.4832
690 0.00290349 0.00751529 0.00232045 0.000279089 30.2278 10.4832
691 0.00299798 0.00358965 0.00232045 0.000279089 30.2278 10.4832
692 0.00283012 0.00316633 0.00232045 0.000279089 30.2278 10.4832
693 0.00329096 0.00342139 0.00232045 0.000279089 30.2278 10.4832
694 0.00268321 0.0025968 0.00232045 0.000279089 30.2278 10.4832
695 0.0029723 0.00258461 0.00232045 0.000279089 30.2278 10.4832
696 0.00299867 0.00411543 0.00232045 0.000279089 30.2278 10.4832
697 0.00264906 0.00268555 0.00232045 0.000279089 30.2278 10.4832
698 0.00316315 0.002428 0.00232045 0.000279089 30.2278 10.4832
699 0.00279756 0.00318498 0.00232045 0.000279089 30.2278 10.4832
700 0.00289399 0.00465634 0.00232045 0.000279089 30.2278 10.4832
701 0.00308594 0.002661 0.00232045 0.000279089 30.2278 10.4832
702 0.00330118 0.00464103 0.00232045 0.000279089 30.2278 10.4832
703 0.00305785 0.00295042 0.00232045 0.000279089 30.2278 10.4832
704 0.00303657 0.0027434 0.00232045 0.000279089 30.2278 10.4832
705 0.00295302 0.0039026 0.00232045 0.000279089 30.2278 10.4832
706 0.00285113 0.00299543 0.00232045 0.000279089 30.2278 10.4832
707 0.00379857 0.00407839 0.00232045 0.000279089 30.2278 10.4832
708 0.00275162 0.00279413 0.00232045 0.000279089 30.2278 10.4832
709 0.00300636 0.00261081 0.00232045 0.000279089 30.2278 10.4832
710 0.00321633 0.0034787 0.00232045 0.000279089 30.2278 10.4832
711 0.00294063 0.00358983 0.00232045 0.000279089 30.2278 10.4832
712 0.00294639 0.00357724 0.00232045 0.000279089 30.2278 10.4832
713 0.003079 0.00390573 0.00232045 0.000279089 30.2278 10.4832
714 0.0033016 0.0032458 0.00232045 0.000279089 30.2278 10.4832
715 0.00303873 0.00271915 0.00232045 0.000279089 30.2278 10.4832
716 0.00301939 0.0023686 0.00232045 0.000279089 30.2278 10.4832
717 0.00322194 0.00435132 0.00232045 0.000279089 30.2278 10.4832
718 0.00276239 0.00326678 0.00232045 0.000279089 30.2278 10.4832
719 0.00322094 0.00298239 0.00232045 0.000279089 30.2278 10.4832
720 0.00318211 0.0037103 0.00232045 0.000279089 30.2278 10.4832
721 0.00283621 0.00445863 0.00232045 0.000279089 30.2278 10.4832
722 0.00310747 0.0030271 0.00232045 0.000279089 30.2278 10.4832
723 0.00331651 0.00258641 0.00232045 0.000279089 30.2278 10.4832
724 0.0029821 0.00344599 0.00232045 0.000279089 30.2278 10.4832
725 0.00318605 0.00313101 0.00232045 0.000279089 30.2278 10.4832
726 0.00317905 0.00259751 0.00232045 0.000279089 30.2278 10.4832
727 0.00310991 0.00468181 0.00232045 0.000279089 30.2278 10.4832
728 0.00302143 0.00265666 0.00232045 0.000279089 30.2278 10.4832
729 0.00332153 0.00334733 0.00232045 0.000279089 30.2278 10.4832
730 0.00325302 0.00263968 0.00232045 0.000279089 30.2278 10.4832
731 0.0031301 0.00237767 0.00232045 0.000279089 30.2278 10.4832
732 0.00322487 0.00376165 0.00232045 0.000279089 30.2278 10.4832
733 0.00304972 0.0028534 0.00232045 0.000279089 30.2278 10.4832
734 0.00326258 0.0106465 0.00232045 0.000279089 30.2278 10.4832
735 0.00310403 0.0164111 0.00232045 0.000279089 30.2278 10.4832
736 0.00362104 0.00357045 0.00232045 0.000279089 30.2278 10.4832
737 0.00310315 0.0038436 0.00232045 0.000279089 30.2278 10.4832
738 0.0030737 0.00268272 0.00232045 0.000279089 30.2278 10.4832
739 0.00295863 0.00302343 0.00232045 0.000279089 30.2278 10.4832
740 0.00324572 0.00314849 0.00232045 0.000279089 30.2278 10.4832
741 0.00310682 0.00393556 0.00232045 0.000279089 30.2278 10.4832
742 0.00322126 0.00517366 0.00232045 0.000279089 30.2278 10.4832
743 0.00327235 0.00381619 0.00232045 0.000279089 30.2278 10.4832
744 0.00335434 0.00258345 0.00232045 0.000279089 30.2278 10.4832
745 0.00338612 0.00367799 0.00232045 0.000279089 30.2278 10.4832
746 0.00324592 0.00268065 0.00232045 0.000279089 30.2278 10.4832
747 0.00339101 0.00676384 0.00232045 0.000279089 30.2278 10.4832
748 0.00343996 0.00316827 0.00232045 0.000279089 30.2278 10.4832
749 0.00330385 0.00423125 0.00232045 0.000279089 30.2278 10.4832
750 0.00327038 0.00368754 0.00232045 0.000279089 30.2278 10.4832
751 0.00230505 0.00256231 0.00232045 0.000279089 30.2278 10.4832
752 0.00250442 0.00267234 0.00232045 0.000279089 30.2278 10.4832
753 0.00243287 0.00262941 0.00232045 0.000279089 30.2278 10.4832
754 0.00247581 0.00249178 0.00232045 0.000279089 30.2278 10.4832
755 0.00259919 0.00233323 0.00232045 0.000279089 30.2278 10.4832
756 0.00267996 0.00246767 0.00232045 0.000279089 30.2278 10.4832
757 0.00241631 0.00237792 0.00232045 0.000279089 30.2278 10.4832
758 0.0026717 0.00252308 0.00232045 0.000279089 30.2278 10.4832
759 0.00248759 0.00266694 0.00232045 0.000279089 30.2278 10.4832
760 0.00273254 0.00249386 0.00232045 0.000279089 30.2278 10.4832
761 0.00244601 0.00246563 0.00232045 0.000279089 30.2278 10.4832
762 0.0025214 0.00258786 0.00232045 0.000279089 30.2278 10.4832
763 0.00252972 0.00543095 0.00232045 0.000279089 30.2278 10.4832
764 0.0024565 0.00323444 0.00232045 0.000279089 30.2278 10.4832
765 0.00234981 0.00265428 0.00232045 0.000279089 30.2278 10.4832
766 0.00250318 0.00283398 0.00232045 0.000279089 30.2278 10.4832
767 0.00269954 0.00228997 0.00232045 0.000279089 30.2278 10.4832
768 0.00251636 0.00276617 0.00228997 0.000264135 30.0286 10.1984
769 0.00260817 0.00228456 0.00228997 0.000264135 30.0286 10.1984
770 0.00244504 0.00230563 0.00228456 0.000264783 29.9931 10.2109
771 0.00265893 0.00236476 0.00228456 0.000264783 29.9931 10.2109
772 0.00258301 0.0028087 0.00228456 0.000264783 29.9931 10.2109
773 0.00242951 0.0026527 0.00228456 0.000264783 29.9931 10.2109
774 0.00250704 0.00306488 0.00228456 0.000264783 29.9931 10.2109
775 0.00270742 0.00246963 0.00228456 0.000264783 29.9931 10.2109
776 0.00255038 0.00270631 0.00228456 0.000264783 29.9931 10.2109
777 0.00264819 0.00242744 0.00228456 0.000264783 29.9931 10.2109
778 0.00252359 0.00274715 0.00228456 0.000264783 29.9931 10.2109
779 0.00267243 0.00300302 0.00228456 0.000264783 29.9931 10.2109
780 0.0025588 0.00288633 0.00228456 0.000264783 29.9931 10.2109
781 0.00260655 0.00338701 0.00228456 0.000264783 29.9931 10.2109
782 0.00264868 0.00289114 0.00228456 0.000264783 29.9931 10.2109
783 0.00236348 0.00237888 0.00228456 0.000264783 29.9931 10.2109
784 0.00257197 0.00259518 0.00228456 0.000264783 29.9931 10.2109
785 0.00256958 0.00264214 0.00228456 0.000264783 29.9931 10.2109
786 0.00268163 0.00314416 0.00228456 0.000264783 29.9931 10.2109
787 0.0027522 0.00326014 0.00228456 0.000264783 29.9931 10.2109
788 0.00270449 0.0033764 0.00228456 0.000264783 29.9931 10.2109
789 0.00259143 0.00273708 0.00228456 0.000264783 29.9931 10.2109
790 0.00271692 0.00274913 0.00228456 0.000264783 29.9931 10.2109
791 0.00259146 0.0026301 0.00228456 0.000264783 29.9931 10.2109
792 0.00284405 0.00286233 0.00228456 0.000264783 29.9931 10.2109
793 0.00262808 0.00312302 0.00228456 0.000264783 29.9931 10.2109
794 0.002601 0.00299348 0.00228456 0.000264783 29.9931 10.2109
795 0.00266219 0.00265052 0.00228456 0.000264783 29.9931 10.2109
796 0.00284745 0.00280822 0.00228456 0.000264783 29.9931 10.2109
797 0.00260619 0.00260067 0.00228456 0.000264783 29.9931 10.2109
798 0.00256355 0.00292365 0.00228456 0.000264783 29.9931 10.2109
799 0.00272241 0.00282301 0.00228456 0.000264783 29.9931 10.2109
800 0.0027939 0.00294605 0.00228456 0.000264783 29.9931 10.2109
801 0.00274872 0.00295205 0.00228456 0.000264783 29.9931 10.2109
802 0.0027552 0.00279581 0.00228456 0.000264783 29.9931 10.2109
803 0.00264958 0.00260822 0.00228456 0.000264783 29.9931 10.2109
804 0.00289888 0.00243456 0.00228456 0.000264783 29.9931 10.2109
805 0.00269772 0.00325857 0.00228456 0.000264783 29.9931 10.2109
806 0.0027239 0.00270639 0.00228456 0.000264783 29.9931 10.2109
807 0.00280372 0.00282045 0.00228456 0.000264783 29.9931 10.2109
808 0.00276766 0.00317234 0.00228456 0.000264783 29.9931 10.2109
809 0.00277526 0.00342658 0.00228456 0.000264783 29.9931 10.2109
810 0.00291258 0.00457758 0.00228456 0.000264783 29.9931 10.2109
811 0.00261849 0.00268918 0.00228456 0.000264783 29.9931 10.2109
812 0.00298961 0.00291381 0.00228456 0.000264783 29.9931 10.2109
813 0.00318345 0.00301446 0.00228456 0.000264783 29.9931 10.2109
814 0.00263894 0.00285264 0.00228456 0.000264783 29.9931 10.2109
815 0.002857 0.00243231 0.00228456 0.000264783 29.9931 10.2109
816 0.00317148 0.00309377 0.00228456 0.000264783 29.9931 10.2109
817 0.00286513 0.00341288 0.00228456 0.000264783 29.9931 10.2109
818 0.00284102 0.00312913 0.00228456 0.000264783 29.9931 10.2109
819 0.0028405 0.00462313 0.00228456 0.000264783 29.9931 10.2109
820 0.00274849 0.00456947 0.00228456 0.000264783 29.9931 10.2109
821 0.00303536 0.0028867 0.00228456 0.000264783 29.9931 10.2109
822 0.00258963 0.00300274 0.00228456 0.000264783 29.9931 10.2109
823 0.00305338 0.00362202 0.00228456 0.000264783 29.9931 10.2109
824 0.00317384 0.00486969 0.00228456 0.000264783 29.9931 10.2109
825 0.00300128 0.00368584 0.00228456 0.000264783 29.9931 10.2109
826 0.00287377 0.00241935 0.00228456 0.000264783 29.9931 10.2109
827 0.00284379 0.00264531 0.00228456 0.000264783 29.9931 10.2109
828 0.00315072 0.00276537 0.00228456 0.000264783 29.9931 10.2109
829 0.00290921 0.00286415 0.00228456 0.000264783 29.9931 10.2109
830 0.00272286 0.00313829 0.00228456 0.000264783 29.9931 10.2109
831 0.00316394 0.0028475 0.00228456 0.000264783 29.9931 10.2109
832 0.00272696 0.00245462 0.00228456 0.000264783 29.9931 10.2109
833 0.00330443 0.00250878 0.00228456 0.000264783 29.9931 10.2109
834 0.00298743 0.00298973 0.00228456 0.000264783 29.9931 10.2109
835 0.00303687 0.00828466 0.00228456 0.000264783 29.9931 10.2109
836 0.00311685 0.00257526 0.00228456 0.000264783 29.9931 10.2109
837 0.0028659 0.00257859 0.00228456 0.000264783 29.9931 10.2109
838 0.00283257 0.00267111 0.00228456 0.000264783 29.9931 10.2109
839 0.00301443 0.00321942 0.00228456 0.000264783 29.9931 10.2109
840 0.00318861 0.00305277 0.00228456 0.000264783 29.9931 10.2109
841 0.00287129 0.0041788 0.00228456 0.000264783 29.9931 10.2109
842 0.00304506 0.00292939 0.00228456 0.000264783 29.9931 10.2109
843 0.00298512 0.00271775 0.00228456 0.000264783 29.9931 10.2109
844 0.00305626 0.00268523 0.00228456 0.000264783 29.9931 10.2109
845 0.00324746 0.00251146 0.00228456 0.000264783 29.9931 10.2109
846 0.0031007 0.00355729 0.00228456 0.000264783 29.9931 10.2109
847 0.00297014 0.00343407 0.00228456 0.000264783 29.9931 10.2109
848 0.00309204 0.00434643 0.00228456 0.000264783 29.9931 10.2109
849 0.00334622 0.00372577 0.00228456 0.000264783 29.9931 10.2109
850 0.0030011 0.00316106 0.00228456 0.000264783 29.9931 10.2109
851 0.00299805 0.00266272 0.00228456 0.000264783 29.9931 10.2109
852 0.00322353 0.00518018 0.00228456 0.000264783 29.9931 10.2109
853 0.00294902 0.00276014 0.00228456 0.000264783 29.9931 10.2109
854 0.00296127 0.00540627 0.00228456 0.000264783 29.9931 10.2109
855 0.00325924 0.00376856 0.00228456 0.000264783 29.9931 10.2109
856 0.00324696 0.00425453 0.00228456 0.000264783 29.9931 10.2109
857 0.00297942 0.00266826 0.00228456 0.000264783 29.9931 10.2109
858 0.00317478 0.00309999 0.00228456 0.000264783 29.9931 10.2109
859 0.002972 0.00270758 0.00228456 0.000264783 29.9931 10.2109
860 0.00337239 0.00261706 0.00228456 0.000264783 29.9931 10.2109
861 0.00302888 0.00295194 0.00228456 0.000264783 29.9931 10.2109
862 0.00335877 0.00253636 0.00228456 0.000264783 29.9931 10.2109
863 0.00326399 0.00272092 0.00228456 0.000264783 29.9931 10.2109
864 0.0032731 0.00337794 0.00228456 0.000264783 29.9931 10.2109
865 0.00318076 0.00257419 0.00228456 0.000264783 29.9931 10.2109
866 0.00355747 0.003072 0.00228456 0.000264783 29.9931 10.2109
867 0.00352173 0.00549342 0.00228456 0.000264783 29.9931 10.2109
868 0.0030553 0.00282056 0.00228456 0.000264783 29.9931 10.2109
869 0.00334339 0.00369832 0.00228456 0.000264783 29.9931 10.2109
870 0.0023881 0.00257197 0.00228456 0.000264783 29.9931 10.2109
871 0.0025311 0.00233262 0.00228456 0.000264783 29.9931 10.2109
872 0.00241583 0.00268729 0.00228456 0.000264783 29.9931 10.2109
873 0.00252021 0.00251805 0.00228456 0.000264783 29.9931 10.2109
874 0.00244458 0.0025202 0.00228456 0.000264783 29.9931 10.2109
875 0.00247127 0.00230706 0.00228456 0.000264783 29.9931 10.2109
876 0.00256566 0.00244477 0.00228456 0.000264783 29.9931 10.2109
877 0.00242535 0.00253112 0.00228456 0.000264783 29.9931 10.2109
878 0.00242377 0.00253697 0.00228456 0.000264783 29.9931 10.2109
879 0.00266699 0.00441878 0.00228456 0.000264783 29.9931 10.2109
880 0.00257117 0.00266745 0.00228456 0.000264783 29.9931 10.2109
881 0.00258363 0.00257787 0.00228456 0.000264783 29.9931 10.2109
882 0.00254535 0.00279492 0.00228456 0.000264783 29.9931 10.2109
883 0.00246779 0.00260653 0.00228456 0.000264783 29.9931 10.2109
884 0.00256154 0.00278032 0.00228456 0.000264783 29.9931 10.2109
885 0.00258903 0.00244232 0.00228456 0.000264783 29.9931 10.2109
886 0.00257013 0.0036972 0.00228456 0.000264783 29.9931 10.2109
887 0.00252431 0.00263948 0.00228456 0.000264783 29.9931 10.2109
888 0.00252265 0.00253601 0.00228456 0.000264783 29.9931 10.2109
889 0.00265754 0.00298215 0.00228456 0.000264783 29.9931 10.2109
890 0.00260154 0.00250152 0.00228456 0.000264783 29.9931 10.2109
891 0.0025794 0.00271673 0.00228456 0.000264783 29.9931 10.2109
892 0.00283319 0.00289215 0.00228456 0.000264783 29.9931 10.2109
893 0.00265809 0.00242071 0.00228456 0.000264783 29.9931 10.2109
894 0.00254603 0.00276833 0.00228456 0.000264783 29.9931 10.2109
895 0.00255867 0.00281122 0.00228456 0.000264783 29.9931 10.2109
896 0.00267911 0.00262886 0.00228456 0.000264783 29.9931 10.2109
897 0.00251386 0.00307017 0.00228456 0.000264783 29.9931 10.2109
898 0.00267164 0.00265392 0.00228456 0.000264783 29.9931 10.2109
899 0.00260659 0.00241543 0.00228456 0.000264783 29.9931 10.2109
900 0.00265426 0.00278827 0.00228456 0.000264783 29.9931 10.2109
901 0.00271094 0.00278784 0.00228456 0.000264783 29.9931 10.2109
902 0.00280733 0.00239102 0.00228456 0.000264783 29.9931 10.2109
903 0.00274048 0.00304629 0.00228456 0.000264783 29.9931 10.2109
904 0.00274248 0.00305378 0.00228456 0.000264783 29.9931 10.2109
905 0.00262515 0.00364929 0.00228456 0.000264783 29.9931 10.2109
906 0.00270637 0.00343261 0.00228456 0.000264783 29.9931 10.2109
907 0.00285315 0.00242382 0.00228456 0.000264783 29.9931 10.2109
908 0.002631 0.00317951 0.00228456 0.000264783 29.9931 10.2109
909 0.00278561 0.00284023 0.00228456 0.000264783 29.9931 10.2109
910 0.00277866 0.00316597 0.00228456 0.000264783 29.9931 10.2109
911 0.00284106 0.00262674 0.00228456 0.000264783 29.9931 10.2109
912 0.00281355 0.00305148 0.00228456 0.000264783 29.9931 10.2109
913 0.0027704 0.00318159 0.00228456 0.000264783 29.9931 10.2109
914 0.0027606 0.00286356 0.00228456 0.000264783 29.9931 10.2109
915 0.00273498 0.00290718 0.00228456 0.000264783 29.9931 10.2109
916 0.00316981 0.0027953 0.00228456 0.000264783 29.9931 10.2109
917 0.00284643 0.00262483 0.00228456 0.000264783 29.9931 10.2109
918 0.00285657 0.00280777 0.00228456 0.000264783 29.9931 10.2109
919 0.00293596 0.00283361 0.00228456 0.000264783 29.9931 10.2109
920 0.00289976 0.00310767 0.00228456 0.000264783 29.9931 10.2109
921 0.00269385 0.00302609 0.00228456 0.000264783 29.9931 10.2109
922 0.00293739 0.00431239 0.00228456 0.000264783 29.9931 10.2109
923 0.00287131 0.00304591 0.00228456 0.000264783 29.9931 10.2109
924 0.00299904 0.0030751 0.00228456 0.000264783 29.9931 10.2109
925 0.00279799 0.0034629 0.00228456 0.000264783 29.9931 10.2109
926 0.00273788 0.00239319 0.00228456 0.000264783 29.9931 10.2109
927 0.00287468 0.00350918 0.00228456 0.000264783 29.9931 10.2109
928 0.00306643 0.00298406 0.00228456 0.000264783 29.9931 10.2109
929 0.00297961 0.00579848 0.00228456 0.000264783 29.9931 10.2109
930 0.00283871 0.00275912 0.00228456 0.000264783 29.9931 10.2109
931 0.00290808 0.00356544 0.00228456 0.000264783 29.9931 10.2109
932 0.0030563 0.00292629 0.00228456 0.000264783 29.9931 10.2109
933 0.00318712 0.00301234 0.00228456 0.000264783 29.9931 10.2109
934 0.00289295 0.00263036 0.00228456 0.000264783 29.9931 10.2109
935 0.00305367 0.0033184 0.00228456 0.000264783 29.9931 10.2109
936 0.00298249 0.00393975 0.00228456 0.000264783 29.9931 10.2109
937 0.00300867 0.00299617 0.00228456 0.000264783 29.9931 10.2109
938 0.00318981 0.00294749 0.00228456 0.000264783 29.9931 10.2109
939 0.00298418 0.00294937 0.00228456 0.000264783 29.9931 10.2109
940 0.00291895 0.00445567 0.00228456 0.000264783 29.9931 10.2109
941 0.0031106 0.00274283 0.00228456 0.000264783 29.9931 10.2109
942 0.00310789 0.00291502 0.00228456 0.000264783 29.9931 10.2109
943 0.0030013 0.00294036 0.00228456 0.000264783 29.9931 10.2109
944 0.00311798 0.00255105 0.00228456 0.000264783 29.9931 10.2109
945 0.00365324 0.00282747 0.00228456 0.000264783 29.9931 10.2109
946 0.00281295 0.00304202 0.00228456 0.000264783 29.9931 10.2109
947 0.00298665 0.00414425 0.00228456 0.000264783 29.9931 10.2109
948 0.00309615 0.00280874 0.00228456 0.000264783 29.9931 10.2109
949 0.00311182 0.00327319 0.00228456 0.000264783 29.9931 10.2109
950 0.00362171 0.002831 0.00228456 0.000264783 29.9931 10.2109
951 0.0030933 0.00253826 0.00228456 0.000264783 29.9931 10.2109
952 0.00291645 0.00375931 0.00228456 0.000264783 29.9931 10.2109
953 0.00311362 0.00384158 0.00228456 0.000264783 29.9931 10.2109
954 0.00303999 0.00292016 0.00228456 0.000264783 29.9931 10.2109
955 0.00307909 0.00334279 0.00228456 0.000264783 29.9931 10.2109
956 0.00322692 0.0047573 0.00228456 0.000264783 29.9931 10.2109
957 0.00320497 0.00310941 0.00228456 0.000264783 29.9931 10.2109
958 0.00325606 0.00478253 0.00228456 0.000264783 29.9931 10.2109
959 0.00315724 0.00400288 0.00228456 0.000264783 29.9931 10.2109
960 0.00309267 0.00541278 0.00228456 0.000264783 29.9931 10.2109
961 0.00336072 0.00282975 0.00228456 0.000264783 29.9931 10.2109
962 0.00320702 0.00258501 0.00228456 0.000264783 29.9931 10.2109
963 0.0031419 0.00278185 0.00228456 0.000264783 29.9931 10.2109
964 0.0034261 0.00340947 0.00228456 0.000264783 29.9931 10.2109
965 0.00338947 0.00333261 0.00228456 0.000264783 29.9931 10.2109
966 0.00308531 0.00294746 0.00228456 0.000264783 29.9931 10.2109
967 0.00311114 0.00302909 0.00228456 0.000264783 29.9931 10.2109
968 0.00335113 0.0046257 0.00228456 0.000264783 29.9931 10.2109
969 0.00359542 0.00286892 0.00228456 0.000264783 29.9931 10.2109
