1 0.00409756 0.00015595 1.79769e+308 1.79769e+308 inf inf
2 0.000181242 7.75304e-05 1.79769e+308 1.79769e+308 inf inf
3 0.00948076 0.00025493 7.75304e-05 0.000299884 5.52531 10.8667
4 0.000260681 9.25308e-05 7.75304e-05 0.000299884 5.52531 10.8667
5 0.0023688 0.000213974 7.75304e-05 0.000299884 5.52531 10.8667
6 0.000185552 7.09197e-05 7.75304e-05 0.000299884 5.52531 10.8667
7 0.000145284 7.86082e-05 7.75304e-05 0.000299884 5.52531 10.8667
8 0.000100352 4.85537e-05 7.86082e-05 0.000222456 5.56358 9.35928
9 0.000300839 0.000202456 4.85537e-05 0.000172756 4.37251 8.24777
10 7.67575e-05 6.6176e-05 4.85537e-05 0.000172756 4.37251 8.24777
11 0.000360457 0.000116785 4.85537e-05 0.000172756 4.37251 8.24777
12 9.9057e-05 4.62613e-05 4.85537e-05 0.000172756 4.37251 8.24777
13 7.99003e-05 3.63928e-05 4.85537e-05 0.000172756 4.37251 8.24777
14 9.52475e-05 3.69105e-05 3.63928e-05 0.000148066 3.78554 7.63568
15 0.000126755 5.60072e-05 3.69105e-05 0.000131826 3.81237 7.20479
16 6.57202e-05 4.46008e-05 3.69105e-05 0.000131826 3.81237 7.20479
17 6.02205e-05 2.75383e-05 3.69105e-05 0.000131826 3.81237 7.20479
18 5.27824e-05 2.41464e-05 2.75383e-05 0.000107147 3.29298 6.49545
19 6.37404e-05 5.11778e-05 2.41464e-05 9.96723e-05 3.08352 6.26481
20 7.05414e-05 2.71453e-05 2.41464e-05 9.96723e-05 3.08352 6.26481
21 4.30146e-05 2.48317e-05 2.41464e-05 9.96723e-05 3.08352 6.26481
22 8.39776e-05 2.35134e-05 2.48317e-05 9.22174e-05 3.12697 6.02597
23 4.35899e-05 8.47207e-05 2.48317e-05 9.22174e-05 3.12697 6.02597
24 4.56067e-05 2.62995e-05 2.48317e-05 9.22174e-05 3.12697 6.02597
25 4.16324e-05 3.66111e-05 2.62995e-05 8.43749e-05 3.21806 5.76404
26 5.41551e-05 2.12338e-05 2.62995e-05 8.43749e-05 3.21806 5.76404
27 3.73157e-05 5.52408e-05 2.12338e-05 8.37025e-05 2.89157 5.74103
28 9.10542e-05 2.1801e-05 2.12338e-05 8.37025e-05 2.89157 5.74103
29 3.60839e-05 1.9398e-05 2.1801e-05 8.10082e-05 2.92994 5.64787
30 3.75746e-05 2.69162e-05 1.9398e-05 7.65456e-05 2.76375 5.4901
31 5.41584e-05 1.90015e-05 1.9398e-05 7.65456e-05 2.76375 5.4901
32 6.06233e-05 5.18733e-05 1.90015e-05 7.43013e-05 2.73536 5.40902
33 2.63558e-05 3.00021e-05 1.90015e-05 7.43013e-05 2.73536 5.40902
34 8.51523e-05 2.74393e-05 1.90015e-05 7.43013e-05 2.73536 5.40902
35 3.41714e-05 2.37522e-05 1.90015e-05 7.43013e-05 2.73536 5.40902
36 6.63441e-05 2.4598e-05 1.90015e-05 7.43013e-05 2.73536 5.40902
37 2.88121e-05 3.27879e-05 1.90015e-05 7.43013e-05 2.73536 5.40902
38 6.14756e-05 1.80164e-05 1.90015e-05 7.43013e-05 2.73536 5.40902
39 2.64611e-05 1.70969e-05 1.90015e-05 7.43013e-05 2.73536 5.40902
40 4.30431e-05 1.60998e-05 1.70969e-05 6.88088e-05 2.59465 5.20526
41 2.79397e-05 2.42089e-05 1.60998e-05 6.73142e-05 2.51786 5.14842
42 0.000163773 3.87444e-05 1.60998e-05 6.73142e-05 2.51786 5.14842
43 4.20808e-05 6.59752e-05 1.60998e-05 6.73142e-05 2.51786 5.14842
44 6.7926e-05 2.89614e-05 1.60998e-05 6.73142e-05 2.51786 5.14842
45 3.01711e-05 0.00028429 1.60998e-05 6.73142e-05 2.51786 5.14842
46 3.5136e-05 5.64794e-05 1.60998e-05 6.73142e-05 2.51786 5.14842
47 3.18662e-05 1.81597e-05 1.60998e-05 6.73142e-05 2.51786 5.14842
48 3.97756e-05 1.74336e-05 1.60998e-05 6.73142e-05 2.51786 5.14842
49 2.9215e-05 6.56487e-05 1.60998e-05 6.73142e-05 2.51786 5.14842
50 4.52931e-05 2.67447e-05 1.60998e-05 6.73142e-05 2.51786 5.14842
51 6.75392e-05 1.64463e-05 1.60998e-05 6.73142e-05 2.51786 5.14842
52 2.54109e-05 7.47001e-05 1.60998e-05 6.73142e-05 2.51786 5.14842
53 3.85081e-05 1.48202e-05 1.60998e-05 6.73142e-05 2.51786 5.14842
54 2.53454e-05 1.59318e-05 1.48202e-05 6.40543e-05 2.41573 5.0222
55 8.09177e-05 3.39991e-05 1.48202e-05 6.40543e-05 2.41573 5.0222
56 3.08275e-05 1.73879e-05 1.48202e-05 6.40543e-05 2.41573 5.0222
57 2.9592e-05 1.53295e-05 1.48202e-05 6.40543e-05 2.41573 5.0222
58 8.42911e-05 1.74553e-05 1.53295e-05 6.24201e-05 2.45688 4.95772
59 2.75126e-05 2.13808e-05 1.53295e-05 6.24201e-05 2.45688 4.95772
60 6.73852e-05 3.44662e-05 1.53295e-05 6.24201e-05 2.45688 4.95772
61 2.72381e-05 1.6698e-05 1.53295e-05 6.24201e-05 2.45688 4.95772
62 5.209e-05 1.68736e-05 1.53295e-05 6.24201e-05 2.45688 4.95772
63 2.25978e-05 1.59137e-05 1.53295e-05 6.24201e-05 2.45688 4.95772
64 6.54891e-05 1.60301e-05 1.53295e-05 6.24201e-05 2.45688 4.95772
65 2.67231e-05 1.64947e-05 1.53295e-05 6.24201e-05 2.45688 4.95772
66 3.14153e-05 1.48559e-05 1.53295e-05 6.24201e-05 2.45688 4.95772
67 2.71592e-05 1.45119e-05 1.48559e-05 5.87494e-05 2.41863 4.80974
68 4.29724e-05 2.53064e-05 1.45119e-05 5.83448e-05 2.39046 4.79315
69 2.41331e-05 1.51408e-05 1.45119e-05 5.83448e-05 2.39046 4.79315
70 6.13553e-05 3.21833e-05 1.45119e-05 5.83448e-05 2.39046 4.79315
71 2.54263e-05 1.90912e-05 1.45119e-05 5.83448e-05 2.39046 4.79315
72 7.12045e-05 1.55334e-05 1.45119e-05 5.83448e-05 2.39046 4.79315
73 2.35823e-05 1.87271e-05 1.45119e-05 5.83448e-05 2.39046 4.79315
74 4.65968e-05 1.37333e-05 1.45119e-05 5.83448e-05 2.39046 4.79315
75 2.18597e-05 8.30007e-05 1.45119e-05 5.83448e-05 2.39046 4.79315
76 4.4684e-05 1.34273e-05 1.45119e-05 5.83448e-05 2.39046 4.79315
77 2.18053e-05 1.59969e-05 1.34273e-05 5.86419e-05 2.2994 4.80534
78 4.53304e-05 1.89807e-05 1.34273e-05 5.86419e-05 2.2994 4.80534
79 1.98303e-05 1.88865e-05 1.34273e-05 5.86419e-05 2.2994 4.80534
80 2.69429e-05 1.53917e-05 1.34273e-05 5.86419e-05 2.2994 4.80534
81 2.39799e-05 1.42608e-05 1.34273e-05 5.86419e-05 2.2994 4.80534
82 3.94043e-05 1.43564e-05 1.42608e-05 5.51531e-05 2.36969 4.66021
83 2.31688e-05 2.35702e-05 1.43564e-05 5.48701e-05 2.37762 4.64824
84 2.54176e-05 3.3526e-05 1.43564e-05 5.48701e-05 2.37762 4.64824
85 4.22243e-05 2.38729e-05 1.43564e-05 5.48701e-05 2.37762 4.64824
86 2.2867e-05 1.68612e-05 1.43564e-05 5.48701e-05 2.37762 4.64824
87 6.70405e-05 1.56681e-05 1.43564e-05 5.48701e-05 2.37762 4.64824
88 2.2889e-05 6.14732e-05 1.43564e-05 5.48701e-05 2.37762 4.64824
89 0.000146812 2.95628e-05 1.43564e-05 5.48701e-05 2.37762 4.64824
90 3.01603e-05 1.7052e-05 1.43564e-05 5.48701e-05 2.37762 4.64824
91 5.86919e-05 1.44749e-05 1.43564e-05 5.48701e-05 2.37762 4.64824
92 2.07926e-05 3.5062e-05 1.43564e-05 5.48701e-05 2.37762 4.64824
93 2.77511e-05 1.26249e-05 1.43564e-05 5.48701e-05 2.37762 4.64824
94 8.64702e-05 2.76624e-05 1.26249e-05 5.45671e-05 2.22963 4.63538
95 1.97571e-05 3.61158e-05 1.26249e-05 5.45671e-05 2.22963 4.63538
96 2.34446e-05 2.12409e-05 1.26249e-05 5.45671e-05 2.22963 4.63538
97 4.81101e-05 1.72311e-05 1.26249e-05 5.45671e-05 2.22963 4.63538
98 1.8409e-05 1.39983e-05 1.26249e-05 5.45671e-05 2.22963 4.63538
99 2.9972e-05 1.34346e-05 1.26249e-05 5.45671e-05 2.22963 4.63538
100 2.00409e-05 2.17809e-05 1.26249e-05 5.45671e-05 2.22963 4.63538
101 5.44487e-05 1.29115e-05 1.26249e-05 5.45671e-05 2.22963 4.63538
102 2.14739e-05 1.94558e-05 1.26249e-05 5.45671e-05 2.22963 4.63538
103 2.57228e-05 3.13345e-05 1.26249e-05 5.45671e-05 2.22963 4.63538
104 8.26311e-05 1.46467e-05 1.26249e-05 5.45671e-05 2.22963 4.63538
105 2.03503e-05 1.55336e-05 1.26249e-05 5.45671e-05 2.22963 4.63538
106 2.79966e-05 1.51176e-05 1.26249e-05 5.45671e-05 2.22963 4.63538
107 2.2273e-05 1.23036e-05 1.26249e-05 5.45671e-05 2.22963 4.63538
108 2.13818e-05 1.3281e-05 1.23036e-05 5.25093e-05 2.20108 4.54714
109 9.57237e-05 2.19603e-05 1.23036e-05 5.25093e-05 2.20108 4.54714
110 2.38848e-05 1.662e-05 1.23036e-05 5.25093e-05 2.20108 4.54714
111 0.000152433 5.7253e-05 1.23036e-05 5.25093e-05 2.20108 4.54714
112 2.92186e-05 1.80986e-05 1.23036e-05 5.25093e-05 2.20108 4.54714
113 2.43876e-05 1.30196e-05 1.23036e-05 5.25093e-05 2.20108 4.54714
114 6.95222e-05 1.64768e-05 1.23036e-05 5.25093e-05 2.20108 4.54714
115 1.9835e-05 1.84504e-05 1.23036e-05 5.25093e-05 2.20108 4.54714
116 2.2194e-05 1.33821e-05 1.23036e-05 5.25093e-05 2.20108 4.54714
117 7.20029e-05 1.34129e-05 1.23036e-05 5.25093e-05 2.20108 4.54714
118 2.20527e-05 1.57441e-05 1.23036e-05 5.25093e-05 2.20108 4.54714
119 3.32633e-05 2.46999e-05 1.23036e-05 5.25093e-05 2.20108 4.54714
120 4.63896e-05 2.00889e-05 1.23036e-05 5.25093e-05 2.20108 4.54714
121 1.653e-05 1.29901e-05 1.23036e-05 5.25093e-05 2.20108 4.54714
122 3.92736e-05 1.2667e-05 1.23036e-05 5.25093e-05 2.20108 4.54714
123 1.94065e-05 6.10402e-05 1.23036e-05 5.25093e-05 2.20108 4.54714
124 4.14818e-05 1.36921e-05 1.23036e-05 5.25093e-05 2.20108 4.54714
125 1.95666e-05 1.5317e-05 1.23036e-05 5.25093e-05 2.20108 4.54714
126 3.0504e-05 1.22709e-05 1.23036e-05 5.25093e-05 2.20108 4.54714
127 1.74696e-05 1.78857e-05 1.23036e-05 5.25093e-05 2.20108 4.54714
128 2.38059e-05 1.77593e-05 1.23036e-05 5.25093e-05 2.20108 4.54714
129 2.4897e-05 1.42132e-05 1.23036e-05 5.25093e-05 2.20108 4.54714
130 0.000101755 1.53932e-05 1.23036e-05 5.25093e-05 2.20108 4.54714
131 1.7595e-05 2.43562e-05 1.23036e-05 5.25093e-05 2.20108 4.54714
132 5.3196e-05 2.68888e-05 1.23036e-05 5.25093e-05 2.20108 4.54714
133 1.74989e-05 3.11787e-05 1.23036e-05 5.25093e-05 2.20108 4.54714
134 2.02516e-05 2.06397e-05 1.23036e-05 5.25093e-05 2.20108 4.54714
135 4.60731e-05 1.59206e-05 1.23036e-05 5.25093e-05 2.20108 4.54714
136 4.36575e-05 1.42693e-05 1.23036e-05 5.25093e-05 2.20108 4.54714
137 1.69687e-05 1.84813e-05 1.23036e-05 5.25093e-05 2.20108 4.54714
138 9.83148e-05 2.17579e-05 1.23036e-05 5.25093e-05 2.20108 4.54714
139 1.88385e-05 1.62854e-05 1.23036e-05 5.25093e-05 2.20108 4.54714
140 2.04588e-05 3.7618e-05 1.23036e-05 5.25093e-05 2.20108 4.54714
141 0.000101702 2.31468e-05 1.23036e-05 5.25093e-05 2.20108 4.54714
142 2.09211e-05 5.77355e-05 1.23036e-05 5.25093e-05 2.20108 4.54714
143 2.04874e-05 1.81381e-05 1.23036e-05 5.25093e-05 2.20108 4.54714
144 3.64049e-05 1.26434e-05 1.23036e-05 5.25093e-05 2.20108 4.54714
145 2.00786e-05 3.00282e-05 1.26434e-05 5.1235e-05 2.23127 4.49163
146 5.4469e-05 1.61291e-05 1.26434e-05 5.1235e-05 2.23127 4.49163
147 2.09076e-05 1.76573e-05 1.26434e-05 5.1235e-05 2.23127 4.49163
148 3.514e-05 1.22002e-05 1.26434e-05 5.1235e-05 2.23127 4.49163
149 2.01384e-05 2.64488e-05 1.22002e-05 5.10878e-05 2.19182 4.48517
150 4.68453e-05 1.80244e-05 1.22002e-05 5.10878e-05 2.19182 4.48517
151 1.89032e-05 1.62969e-05 1.22002e-05 5.10878e-05 2.19182 4.48517
152 0.000115103 1.87988e-05 1.22002e-05 5.10878e-05 2.19182 4.48517
153 2.15739e-05 1.24107e-05 1.22002e-05 5.10878e-05 2.19182 4.48517
154 4.73173e-05 3.57433e-05 1.22002e-05 5.10878e-05 2.19182 4.48517
155 1.59402e-05 3.0349e-05 1.22002e-05 5.10878e-05 2.19182 4.48517
156 6.93013e-05 4.43823e-05 1.22002e-05 5.10878e-05 2.19182 4.48517
157 1.59072e-05 1.3007e-05 1.22002e-05 5.10878e-05 2.19182 4.48517
158 1.89266e-05 1.50192e-05 1.22002e-05 5.10878e-05 2.19182 4.48517
159 5.38817e-05 1.24204e-05 1.22002e-05 5.10878e-05 2.19182 4.48517
160 1.82114e-05 3.11529e-05 1.22002e-05 5.10878e-05 2.19182 4.48517
161 2.87934e-05 1.15699e-05 1.22002e-05 5.10878e-05 2.19182 4.48517
162 3.21224e-05 1.25439e-05 1.15699e-05 4.94661e-05 2.13445 4.41341
163 1.52199e-05 1.29804e-05 1.15699e-05 4.94661e-05 2.13445 4.41341
164 3.67742e-05 1.23904e-05 1.15699e-05 4.94661e-05 2.13445 4.41341
165 1.81107e-05 1.3316e-05 1.15699e-05 4.94661e-05 2.13445 4.41341
166 3.5482e-05 2.09357e-05 1.15699e-05 4.94661e-05 2.13445 4.41341
167 1.84979e-05 2.67751e-05 1.15699e-05 4.94661e-05 2.13445 4.41341
168 7.753e-05 2.07145e-05 1.15699e-05 4.94661e-05 2.13445 4.41341
169 1.9007e-05 3.15895e-05 1.15699e-05 4.94661e-05 2.13445 4.41341
170 2.15298e-05 1.68422e-05 1.15699e-05 4.94661e-05 2.13445 4.41341
171 9.3726e-05 1.72986e-05 1.15699e-05 4.94661e-05 2.13445 4.41341
172 1.98175e-05 1.39861e-05 1.15699e-05 4.94661e-05 2.13445 4.41341
173 1.91501e-05 1.65359e-05 1.15699e-05 4.94661e-05 2.13445 4.41341
174 0.000305854 2.18347e-05 1.15699e-05 4.94661e-05 2.13445 4.41341
175 3.05617e-05 2.02493e-05 1.15699e-05 4.94661e-05 2.13445 4.41341
176 2.72817e-05 1.8201e-05 1.15699e-05 4.94661e-05 2.13445 4.41341
177 3.47526e-05 1.40788e-05 1.15699e-05 4.94661e-05 2.13445 4.41341
178 5.17704e-05 1.73197e-05 1.15699e-05 4.94661e-05 2.13445 4.41341
179 1.65275e-05 1.22825e-05 1.15699e-05 4.94661e-05 2.13445 4.41341
180 2.02349e-05 3.28161e-05 1.15699e-05 4.94661e-05 2.13445 4.41341
181 3.75887e-05 1.39241e-05 1.15699e-05 4.94661e-05 2.13445 4.41341
182 1.94337e-05 8.17298e-05 1.15699e-05 4.94661e-05 2.13445 4.41341
183 5.34384e-05 1.45682e-05 1.15699e-05 4.94661e-05 2.13445 4.41341
184 1.90548e-05 1.24861e-05 1.15699e-05 4.94661e-05 2.13445 4.41341
185 2.49959e-05 1.22091e-05 1.15699e-05 4.94661e-05 2.13445 4.41341
186 5.31306e-05 1.32248e-05 1.15699e-05 4.94661e-05 2.13445 4.41341
187 1.62887e-05 1.46491e-05 1.15699e-05 4.94661e-05 2.13445 4.41341
188 1.91592e-05 1.48004e-05 1.15699e-05 4.94661e-05 2.13445 4.41341
189 2.17583e-05 2.90099e-05 1.15699e-05 4.94661e-05 2.13445 4.41341
190 3.53302e-05 1.13097e-05 1.15699e-05 4.94661e-05 2.13445 4.41341
191 1.79781e-05 1.24174e-05 1.13097e-05 4.88097e-05 2.1103 4.38403
192 9.22198e-05 1.32971e-05 1.13097e-05 4.88097e-05 2.1103 4.38403
193 1.9008e-05 1.70135e-05 1.13097e-05 4.88097e-05 2.1103 4.38403
194 6.99659e-05 1.84094e-05 1.13097e-05 4.88097e-05 2.1103 4.38403
195 1.79272e-05 3.95817e-05 1.13097e-05 4.88097e-05 2.1103 4.38403
196 0.000150371 3.21736e-05 1.13097e-05 4.88097e-05 2.1103 4.38403
197 2.5323e-05 1.66126e-05 1.13097e-05 4.88097e-05 2.1103 4.38403
198 2.1037e-05 2.09098e-05 1.13097e-05 4.88097e-05 2.1103 4.38403
199 0.000210475 2.28933e-05 1.13097e-05 4.88097e-05 2.1103 4.38403
200 2.42772e-05 2.66171e-05 1.13097e-05 4.88097e-05 2.1103 4.38403
201 2.13424e-05 4.79308e-05 1.13097e-05 4.88097e-05 2.1103 4.38403
202 5.06755e-05 2.26396e-05 1.13097e-05 4.88097e-05 2.1103 4.38403
203 1.98046e-05 1.55933e-05 1.13097e-05 4.88097e-05 2.1103 4.38403
204 9.4695e-05 2.82416e-05 1.13097e-05 4.88097e-05 2.1103 4.38403
205 1.8637e-05 1.95607e-05 1.13097e-05 4.88097e-05 2.1103 4.38403
206 4.35567e-05 2.02957e-05 1.13097e-05 4.88097e-05 2.1103 4.38403
207 1.76711e-05 1.72416e-05 1.13097e-05 4.88097e-05 2.1103 4.38403
208 6.06418e-05 1.77202e-05 1.13097e-05 4.88097e-05 2.1103 4.38403
209 1.87473e-05 2.07495e-05 1.13097e-05 4.88097e-05 2.1103 4.38403
210 1.91919e-05 1.23271e-05 1.13097e-05 4.88097e-05 2.1103 4.38403
211 3.01098e-05 5.7126e-05 1.13097e-05 4.88097e-05 2.1103 4.38403
212 3.24036e-05 1.23653e-05 1.13097e-05 4.88097e-05 2.1103 4.38403
213 1.56078e-05 2.0978e-05 1.13097e-05 4.88097e-05 2.1103 4.38403
214 4.71735e-05 1.46516e-05 1.13097e-05 4.88097e-05 2.1103 4.38403
215 1.68644e-05 1.86566e-05 1.13097e-05 4.88097e-05 2.1103 4.38403
216 2.50839e-05 1.8543e-05 1.13097e-05 4.88097e-05 2.1103 4.38403
217 1.7683e-05 1.23432e-05 1.13097e-05 4.88097e-05 2.1103 4.38403
218 3.18651e-05 1.12274e-05 1.13097e-05 4.88097e-05 2.1103 4.38403
219 1.78966e-05 1.65896e-05 1.12274e-05 4.81418e-05 2.10262 4.35393
220 2.86325e-05 1.24062e-05 1.12274e-05 4.81418e-05 2.10262 4.35393
221 3.30373e-05 1.15197e-05 1.12274e-05 4.81418e-05 2.10262 4.35393
222 1.66177e-05 3.57185e-05 1.12274e-05 4.81418e-05 2.10262 4.35393
223 5.08867e-05 1.28354e-05 1.12274e-05 4.81418e-05 2.10262 4.35393
224 1.64752e-05 2.37033e-05 1.12274e-05 4.81418e-05 2.10262 4.35393
225 0.000233848 4.03281e-05 1.12274e-05 4.81418e-05 2.10262 4.35393
226 3.17882e-05 2.84736e-05 1.12274e-05 4.81418e-05 2.10262 4.35393
227 2.6833e-05 1.44726e-05 1.12274e-05 4.81418e-05 2.10262 4.35393
228 4.00039e-05 3.59333e-05 1.12274e-05 4.81418e-05 2.10262 4.35393
229 1.93498e-05 8.98141e-05 1.12274e-05 4.81418e-05 2.10262 4.35393
230 6.4145e-05 1.1889e-05 1.12274e-05 4.81418e-05 2.10262 4.35393
231 1.69235e-05 1.26758e-05 1.12274e-05 4.81418e-05 2.10262 4.35393
232 3.79659e-05 1.21566e-05 1.12274e-05 4.81418e-05 2.10262 4.35393
233 1.69076e-05 2.08246e-05 1.12274e-05 4.81418e-05 2.10262 4.35393
234 5.38978e-05 1.38265e-05 1.12274e-05 4.81418e-05 2.10262 4.35393
235 1.46574e-05 1.51315e-05 1.12274e-05 4.81418e-05 2.10262 4.35393
236 2.94532e-05 9.73541e-05 1.12274e-05 4.81418e-05 2.10262 4.35393
237 1.49703e-05 5.59052e-05 1.12274e-05 4.81418e-05 2.10262 4.35393
238 4.0713e-05 1.29761e-05 1.12274e-05 4.81418e-05 2.10262 4.35393
239 1.71047e-05 1.20382e-05 1.12274e-05 4.81418e-05 2.10262 4.35393
240 0.000123703 2.17222e-05 1.12274e-05 4.81418e-05 2.10262 4.35393
241 2.36072e-05 2.41763e-05 1.12274e-05 4.81418e-05 2.10262 4.35393
242 2.15133e-05 1.35699e-05 1.12274e-05 4.81418e-05 2.10262 4.35393
243 4.80941e-05 1.2482e-05 1.12274e-05 4.81418e-05 2.10262 4.35393
244 7.60663e-05 3.74305e-05 1.12274e-05 4.81418e-05 2.10262 4.35393
245 1.88648e-05 2.30829e-05 1.12274e-05 4.81418e-05 2.10262 4.35393
246 1.87462e-05 1.19428e-05 1.12274e-05 4.81418e-05 2.10262 4.35393
247 3.79839e-05 1.51733e-05 1.12274e-05 4.81418e-05 2.10262 4.35393
248 1.73451e-05 2.52497e-05 1.12274e-05 4.81418e-05 2.10262 4.35393
249 0.00010482 1.62085e-05 1.12274e-05 4.81418e-05 2.10262 4.35393
250 1.76092e-05 2.77042e-05 1.12274e-05 4.81418e-05 2.10262 4.35393
251 1.86968e-05 1.43252e-05 1.12274e-05 4.81418e-05 2.10262 4.35393
252 3.53583e-05 1.54635e-05 1.12274e-05 4.81418e-05 2.10262 4.35393
253 1.80791e-05 1.32485e-05 1.12274e-05 4.81418e-05 2.10262 4.35393
254 2.68426e-05 3.71468e-05 1.12274e-05 4.81418e-05 2.10262 4.35393
255 3.1949e-05 1.71092e-05 1.12274e-05 4.81418e-05 2.10262 4.35393
256 1.67632e-05 1.31336e-05 1.12274e-05 4.81418e-05 2.10262 4.35393
257 4.9301e-05 1.22172e-05 1.12274e-05 4.81418e-05 2.10262 4.35393
258 1.6718e-05 2.8e-05 1.12274e-05 4.81418e-05 2.10262 4.35393
259 1.04171e-05 1.6681e-05 1.12274e-05 4.81418e-05 2.10262 4.35393
260 1.10719e-05 1.23878e-05 1.12274e-05 4.81418e-05 2.10262 4.35393
261 1.1159e-05 1.15846e-05 1.23878e-05 4.52437e-05 2.2086 4.22085
262 1.10154e-05 1.03423e-05 1.15846e-05 4.50848e-05 2.1358 4.21343
263 1.10206e-05 1.04777e-05 1.03423e-05 4.47229e-05 2.01804 4.19648
264 1.10248e-05 1.10003e-05 1.04777e-05 4.44343e-05 2.0312 4.18292
265 1.09235e-05 1.69777e-05 1.04777e-05 4.44343e-05 2.0312 4.18292
266 1.10091e-05 1.34484e-05 1.04777e-05 4.44343e-05 2.0312 4.18292
267 1.10274e-05 1.30215e-05 1.04777e-05 4.44343e-05 2.0312 4.18292
268 1.09717e-05 1.04226e-05 1.04777e-05 4.44343e-05 2.0312 4.18292
269 1.09931e-05 1.17637e-05 1.04226e-05 4.36951e-05 2.02585 4.14798
270 1.09709e-05 1.23849e-05 1.04226e-05 4.36951e-05 2.02585 4.14798
271 1.10032e-05 1.03109e-05 1.04226e-05 4.36951e-05 2.02585 4.14798
272 1.10339e-05 1.08408e-05 1.03109e-05 4.3432e-05 2.01497 4.13547
273 1.1103e-05 1.01034e-05 1.03109e-05 4.3432e-05 2.01497 4.13547
274 1.10868e-05 1.13193e-05 1.01034e-05 4.31164e-05 1.9946 4.12042
275 1.09575e-05 1.06902e-05 1.01034e-05 4.31164e-05 1.9946 4.12042
276 1.09448e-05 1.37118e-05 1.01034e-05 4.31164e-05 1.9946 4.12042
277 1.11082e-05 1.26854e-05 1.01034e-05 4.31164e-05 1.9946 4.12042
278 1.09265e-05 1.05049e-05 1.01034e-05 4.31164e-05 1.9946 4.12042
279 1.10915e-05 1.76284e-05 1.01034e-05 4.31164e-05 1.9946 4.12042
280 1.09708e-05 1.25322e-05 1.01034e-05 4.31164e-05 1.9946 4.12042
281 1.09499e-05 1.0764e-05 1.01034e-05 4.31164e-05 1.9946 4.12042
282 1.10932e-05 1.09789e-05 1.01034e-05 4.31164e-05 1.9946 4.12042
283 1.10484e-05 2.81154e-05 1.01034e-05 4.31164e-05 1.9946 4.12042
284 1.12423e-05 3.23567e-05 1.01034e-05 4.31164e-05 1.9946 4.12042
285 1.07541e-05 1.04606e-05 1.01034e-05 4.31164e-05 1.9946 4.12042
286 1.09649e-05 1.20486e-05 1.01034e-05 4.31164e-05 1.9946 4.12042
287 1.10765e-05 1.45166e-05 1.01034e-05 4.31164e-05 1.9946 4.12042
288 1.09253e-05 1.29318e-05 1.01034e-05 4.31164e-05 1.9946 4.12042
289 1.11881e-05 1.04829e-05 1.01034e-05 4.31164e-05 1.9946 4.12042
290 1.09361e-05 1.18744e-05 1.01034e-05 4.31164e-05 1.9946 4.12042
291 1.10498e-05 1.029e-05 1.01034e-05 4.31164e-05 1.9946 4.12042
292 1.09249e-05 1.10633e-05 1.029e-05 4.23834e-05 2.01293 4.08525
293 1.10048e-05 9.98475e-06 1.029e-05 4.23834e-05 2.01293 4.08525
294 1.09968e-05 1.02711e-05 9.98475e-06 4.20351e-05 1.98285 4.06843
295 1.11135e-05 1.66943e-05 9.98475e-06 4.20351e-05 1.98285 4.06843
296 1.09552e-05 1.05776e-05 9.98475e-06 4.20351e-05 1.98285 4.06843
297 1.1004e-05 1.14887e-05 9.98475e-06 4.20351e-05 1.98285 4.06843
298 1.11983e-05 9.71865e-06 9.98475e-06 4.20351e-05 1.98285 4.06843
299 1.09221e-05 9.95446e-06 9.71865e-06 4.20092e-05 1.95624 4.06717
300 1.11426e-05 1.07971e-05 9.71865e-06 4.20092e-05 1.95624 4.06717
301 1.12538e-05 1.07191e-05 9.71865e-06 4.20092e-05 1.95624 4.06717
302 1.08784e-05 2.31989e-05 9.71865e-06 4.20092e-05 1.95624 4.06717
303 1.10316e-05 1.3484e-05 9.71865e-06 4.20092e-05 1.95624 4.06717
304 1.09807e-05 9.9938e-06 9.71865e-06 4.20092e-05 1.95624 4.06717
305 1.10363e-05 1.02659e-05 9.71865e-06 4.20092e-05 1.95624 4.06717
306 1.12241e-05 1.07497e-05 9.71865e-06 4.20092e-05 1.95624 4.06717
307 1.11629e-05 1.01343e-05 9.71865e-06 4.20092e-05 1.95624 4.06717
308 1.09329e-05 1.00631e-05 9.71865e-06 4.20092e-05 1.95624 4.06717
309 1.1005e-05 1.00644e-05 9.71865e-06 4.20092e-05 1.95624 4.06717
310 1.10881e-05 1.08908e-05 9.71865e-06 4.20092e-05 1.95624 4.06717
311 1.09593e-05 4.64928e-05 9.71865e-06 4.20092e-05 1.95624 4.06717
312 1.10444e-05 1.09422e-05 9.71865e-06 4.20092e-05 1.95624 4.06717
313 1.10529e-05 1.24527e-05 9.71865e-06 4.20092e-05 1.95624 4.06717
314 1.1128e-05 1.133e-05 9.71865e-06 4.20092e-05 1.95624 4.06717
315 1.09273e-05 1.07129e-05 9.71865e-06 4.20092e-05 1.95624 4.06717
316 1.1181e-05 1.04417e-05 9.71865e-06 4.20092e-05 1.95624 4.06717
317 1.12567e-05 3.82372e-05 9.71865e-06 4.20092e-05 1.95624 4.06717
318 1.10553e-05 1.06256e-05 9.71865e-06 4.20092e-05 1.95624 4.06717
319 1.10584e-05 1.02394e-05 9.71865e-06 4.20092e-05 1.95624 4.06717
320 1.09263e-05 9.8921e-06 9.71865e-06 4.20092e-05 1.95624 4.06717
321 1.10751e-05 1.07183e-05 9.8921e-06 4.12489e-05 1.97362 4.0302
322 1.12907e-05 1.04374e-05 9.8921e-06 4.12489e-05 1.97362 4.0302
323 1.11341e-05 9.95112e-06 9.8921e-06 4.12489e-05 1.97362 4.0302
324 1.12546e-05 1.12129e-05 9.8921e-06 4.12489e-05 1.97362 4.0302
325 1.08504e-05 9.95462e-06 9.8921e-06 4.12489e-05 1.97362 4.0302
326 1.11935e-05 1.30862e-05 9.8921e-06 4.12489e-05 1.97362 4.0302
327 1.12483e-05 1.58982e-05 9.8921e-06 4.12489e-05 1.97362 4.0302
328 1.10693e-05 1.38602e-05 9.8921e-06 4.12489e-05 1.97362 4.0302
329 1.10861e-05 1.89545e-05 9.8921e-06 4.12489e-05 1.97362 4.0302
330 1.11721e-05 9.79502e-06 9.8921e-06 4.12489e-05 1.97362 4.0302
331 1.12116e-05 1.14688e-05 9.79502e-06 4.08212e-05 1.96392 4.00925
332 1.0992e-05 1.08027e-05 9.79502e-06 4.08212e-05 1.96392 4.00925
333 1.10335e-05 1.04251e-05 9.79502e-06 4.08212e-05 1.96392 4.00925
334 1.1054e-05 1.01928e-05 9.79502e-06 4.08212e-05 1.96392 4.00925
335 1.10882e-05 1.0195e-05 9.79502e-06 4.08212e-05 1.96392 4.00925
336 1.13825e-05 1.17681e-05 9.79502e-06 4.08212e-05 1.96392 4.00925
337 1.06903e-05 1.02413e-05 9.79502e-06 4.08212e-05 1.96392 4.00925
338 1.12274e-05 9.77103e-06 9.79502e-06 4.08212e-05 1.96392 4.00925
339 1.10404e-05 1.15053e-05 9.77103e-06 4.05616e-05 1.96151 3.99648
340 1.10252e-05 1.10099e-05 9.77103e-06 4.05616e-05 1.96151 3.99648
341 1.10277e-05 1.0303e-05 9.77103e-06 4.05616e-05 1.96151 3.99648
342 1.10574e-05 2.02943e-05 9.77103e-06 4.05616e-05 1.96151 3.99648
343 1.13402e-05 9.78859e-06 9.77103e-06 4.05616e-05 1.96151 3.99648
344 1.08414e-05 2.50092e-05 9.77103e-06 4.05616e-05 1.96151 3.99648
345 1.10991e-05 9.79466e-06 9.77103e-06 4.05616e-05 1.96151 3.99648
346 1.11367e-05 2.16717e-05 9.77103e-06 4.05616e-05 1.96151 3.99648
347 1.1087e-05 1.12365e-05 9.77103e-06 4.05616e-05 1.96151 3.99648
348 1.1261e-05 9.94207e-06 9.77103e-06 4.05616e-05 1.96151 3.99648
349 1.11173e-05 1.6855e-05 9.77103e-06 4.05616e-05 1.96151 3.99648
350 1.10358e-05 1.1186e-05 9.77103e-06 4.05616e-05 1.96151 3.99648
351 1.10582e-05 1.79841e-05 9.77103e-06 4.05616e-05 1.96151 3.99648
352 1.1129e-05 1.06508e-05 9.77103e-06 4.05616e-05 1.96151 3.99648
353 1.10406e-05 1.36287e-05 9.77103e-06 4.05616e-05 1.96151 3.99648
354 1.11002e-05 1.19451e-05 9.77103e-06 4.05616e-05 1.96151 3.99648
355 1.11324e-05 1.21877e-05 9.77103e-06 4.05616e-05 1.96151 3.99648
356 1.11501e-05 1.03481e-05 9.77103e-06 4.05616e-05 1.96151 3.99648
357 1.11612e-05 1.93039e-05 9.77103e-06 4.05616e-05 1.96151 3.99648
358 1.10856e-05 1.05848e-05 9.77103e-06 4.05616e-05 1.96151 3.99648
359 1.15726e-05 9.48835e-06 9.77103e-06 4.05616e-05 1.96151 3.99648
360 1.07147e-05 1.64119e-05 9.48835e-06 4.0116e-05 1.93293 3.97447
361 1.10834e-05 1.02113e-05 9.48835e-06 4.0116e-05 1.93293 3.97447
362 1.11377e-05 1.24948e-05 9.48835e-06 4.0116e-05 1.93293 3.97447
363 1.10803e-05 1.05677e-05 9.48835e-06 4.0116e-05 1.93293 3.97447
364 1.10876e-05 1.02347e-05 9.48835e-06 4.0116e-05 1.93293 3.97447
365 1.11882e-05 1.60785e-05 9.48835e-06 4.0116e-05 1.93293 3.97447
366 1.11079e-05 1.064e-05 9.48835e-06 4.0116e-05 1.93293 3.97447
367 1.11481e-05 9.83068e-06 9.48835e-06 4.0116e-05 1.93293 3.97447
368 1.10998e-05 1.13892e-05 9.48835e-06 4.0116e-05 1.93293 3.97447
369 1.10459e-05 1.18657e-05 9.48835e-06 4.0116e-05 1.93293 3.97447
370 1.13458e-05 1.11448e-05 9.48835e-06 4.0116e-05 1.93293 3.97447
371 1.10787e-05 1.0152e-05 9.48835e-06 4.0116e-05 1.93293 3.97447
372 1.15039e-05 1.00363e-05 9.48835e-06 4.0116e-05 1.93293 3.97447
373 1.10719e-05 1.01415e-05 9.48835e-06 4.0116e-05 1.93293 3.97447
374 1.0955e-05 1.46932e-05 9.48835e-06 4.0116e-05 1.93293 3.97447
375 1.11343e-05 1.46869e-05 9.48835e-06 4.0116e-05 1.93293 3.97447
376 1.11073e-05 1.00034e-05 9.48835e-06 4.0116e-05 1.93293 3.97447
377 1.10646e-05 1.08818e-05 9.48835e-06 4.0116e-05 1.93293 3.97447
378 1.11466e-05 9.88449e-06 9.48835e-06 4.0116e-05 1.93293 3.97447
379 1.10997e-05 1.04037e-05 9.48835e-06 4.0116e-05 1.93293 3.97447
380 1.11646e-05 9.34682e-06 9.48835e-06 4.0116e-05 1.93293 3.97447
381 1.08717e-05 9.94648e-06 9.34682e-06 3.99467e-05 1.91846 3.96607
382 1.10768e-05 1.89642e-05 9.34682e-06 3.99467e-05 1.91846 3.96607
383 1.10333e-05 1.29712e-05 9.34682e-06 3.99467e-05 1.91846 3.96607
384 1.16663e-05 9.51318e-06 9.34682e-06 3.99467e-05 1.91846 3.96607
385 1.08057e-05 1.02659e-05 9.34682e-06 3.99467e-05 1.91846 3.96607
386 1.11415e-05 1.0421e-05 9.34682e-06 3.99467e-05 1.91846 3.96607
387 1.12343e-05 1.43598e-05 9.34682e-06 3.99467e-05 1.91846 3.96607
388 1.12288e-05 1.09479e-05 9.34682e-06 3.99467e-05 1.91846 3.96607
389 1.1208e-05 9.54515e-06 9.34682e-06 3.99467e-05 1.91846 3.96607
390 1.09283e-05 1.34929e-05 9.34682e-06 3.99467e-05 1.91846 3.96607
391 1.10595e-05 1.18833e-05 9.34682e-06 3.99467e-05 1.91846 3.96607
392 1.15465e-05 9.96543e-06 9.34682e-06 3.99467e-05 1.91846 3.96607
393 1.06504e-05 1.10452e-05 9.34682e-06 3.99467e-05 1.91846 3.96607
394 1.12034e-05 1.0316e-05 9.34682e-06 3.99467e-05 1.91846 3.96607
395 1.13274e-05 1.30895e-05 9.34682e-06 3.99467e-05 1.91846 3.96607
396 1.08359e-05 1.3147e-05 9.34682e-06 3.99467e-05 1.91846 3.96607
397 1.10838e-05 1.01769e-05 9.34682e-06 3.99467e-05 1.91846 3.96607
398 1.10851e-05 1.57384e-05 9.34682e-06 3.99467e-05 1.91846 3.96607
399 1.11333e-05 1.67339e-05 9.34682e-06 3.99467e-05 1.91846 3.96607
400 1.119e-05 1.08666e-05 9.34682e-06 3.99467e-05 1.91846 3.96607
401 1.11167e-05 2.30021e-05 9.34682e-06 3.99467e-05 1.91846 3.96607
402 1.11718e-05 1.37501e-05 9.34682e-06 3.99467e-05 1.91846 3.96607
403 1.11172e-05 1.0306e-05 9.34682e-06 3.99467e-05 1.91846 3.96607
404 1.10708e-05 1.2725e-05 9.34682e-06 3.99467e-05 1.91846 3.96607
405 1.10559e-05 1.01412e-05 9.34682e-06 3.99467e-05 1.91846 3.96607
406 1.14283e-05 1.06149e-05 9.34682e-06 3.99467e-05 1.91846 3.96607
407 1.1075e-05 1.44536e-05 9.34682e-06 3.99467e-05 1.91846 3.96607
408 1.11944e-05 0.000159311 9.34682e-06 3.99467e-05 1.91846 3.96607
409 1.15673e-05 9.80553e-06 9.34682e-06 3.99467e-05 1.91846 3.96607
410 1.0829e-05 9.35967e-06 9.34682e-06 3.99467e-05 1.91846 3.96607
411 1.116e-05 9.90951e-06 9.35967e-06 3.94898e-05 1.91978 3.94333
412 1.09104e-05 9.62119e-06 9.35967e-06 3.94898e-05 1.91978 3.94333
413 1.12461e-05 1.13511e-05 9.35967e-06 3.94898e-05 1.91978 3.94333
414 1.1018e-05 3.47602e-05 9.35967e-06 3.94898e-05 1.91978 3.94333
415 1.10617e-05 1.43581e-05 9.35967e-06 3.94898e-05 1.91978 3.94333
416 1.12427e-05 9.65573e-06 9.35967e-06 3.94898e-05 1.91978 3.94333
417 1.16334e-05 1.08914e-05 9.35967e-06 3.94898e-05 1.91978 3.94333
418 1.09003e-05 9.59192e-06 9.35967e-06 3.94898e-05 1.91978 3.94333
419 1.08809e-05 1.08178e-05 9.35967e-06 3.94898e-05 1.91978 3.94333
420 1.11511e-05 1.24123e-05 9.35967e-06 3.94898e-05 1.91978 3.94333
421 1.15153e-05 1.01499e-05 9.35967e-06 3.94898e-05 1.91978 3.94333
422 1.09736e-05 1.0358e-05 9.35967e-06 3.94898e-05 1.91978 3.94333
423 1.08657e-05 9.61687e-06 9.35967e-06 3.94898e-05 1.91978 3.94333
424 1.11876e-05 1.01408e-05 9.35967e-06 3.94898e-05 1.91978 3.94333
425 1.1316e-05 1.344e-05 9.35967e-06 3.94898e-05 1.91978 3.94333
426 1.09972e-05 1.15066e-05 9.35967e-06 3.94898e-05 1.91978 3.94333
427 1.13786e-05 1.2367e-05 9.35967e-06 3.94898e-05 1.91978 3.94333
428 1.14305e-05 1.22601e-05 9.35967e-06 3.94898e-05 1.91978 3.94333
429 1.09453e-05 1.35413e-05 9.35967e-06 3.94898e-05 1.91978 3.94333
430 1.11311e-05 1.02651e-05 9.35967e-06 3.94898e-05 1.91978 3.94333
431 1.09135e-05 1.7944e-05 9.35967e-06 3.94898e-05 1.91978 3.94333
432 1.11878e-05 9.75492e-06 9.35967e-06 3.94898e-05 1.91978 3.94333
433 1.12084e-05 9.55526e-06 9.35967e-06 3.94898e-05 1.91978 3.94333
434 1.08876e-05 9.52076e-06 9.35967e-06 3.94898e-05 1.91978 3.94333
435 1.10431e-05 1.33506e-05 9.35967e-06 3.94898e-05 1.91978 3.94333
436 1.10933e-05 1.12713e-05 9.35967e-06 3.94898e-05 1.91978 3.94333
437 1.1227e-05 1.49045e-05 9.35967e-06 3.94898e-05 1.91978 3.94333
438 1.10563e-05 9.48087e-06 9.35967e-06 3.94898e-05 1.91978 3.94333
439 1.12782e-05 1.03173e-05 9.35967e-06 3.94898e-05 1.91978 3.94333
440 1.11257e-05 1.05997e-05 9.35967e-06 3.94898e-05 1.91978 3.94333
441 1.10307e-05 2.53241e-05 9.35967e-06 3.94898e-05 1.91978 3.94333
442 1.10688e-05 1.60012e-05 9.35967e-06 3.94898e-05 1.91978 3.94333
443 1.10732e-05 1.19843e-05 9.35967e-06 3.94898e-05 1.91978 3.94333
444 1.10929e-05 9.75085e-06 9.35967e-06 3.94898e-05 1.91978 3.94333
445 1.11302e-05 1.23255e-05 9.35967e-06 3.94898e-05 1.91978 3.94333
446 1.10353e-05 1.06831e-05 9.35967e-06 3.94898e-05 1.91978 3.94333
447 1.12223e-05 1.26189e-05 9.35967e-06 3.94898e-05 1.91978 3.94333
448 1.10802e-05 1.08233e-05 9.35967e-06 3.94898e-05 1.91978 3.94333
449 1.1262e-05 4.28489e-05 9.35967e-06 3.94898e-05 1.91978 3.94333
450 1.08352e-05 1.01048e-05 9.35967e-06 3.94898e-05 1.91978 3.94333
451 7.91778e-06 9.38282e-06 9.35967e-06 3.94898e-05 1.91978 3.94333
452 8.13391e-06 1.01768e-05 9.38282e-06 3.83584e-05 1.92215 3.88643
453 8.13634e-06 1.10488e-05 9.38282e-06 3.83584e-05 1.92215 3.88643
454 8.17149e-06 9.35641e-06 9.38282e-06 3.83584e-05 1.92215 3.88643
455 8.16169e-06 8.88992e-06 9.38282e-06 3.83584e-05 1.92215 3.88643
456 8.1483e-06 9.02291e-06 8.88992e-06 3.83552e-05 1.87098 3.88627
457 8.18579e-06 9.25622e-06 8.88992e-06 3.83552e-05 1.87098 3.88627
458 8.18585e-06 1.17044e-05 8.88992e-06 3.83552e-05 1.87098 3.88627
459 8.1916e-06 9.00458e-06 8.88992e-06 3.83552e-05 1.87098 3.88627
460 8.20492e-06 1.13521e-05 9.00458e-06 3.80937e-05 1.88301 3.873
461 8.1903e-06 9.39641e-06 9.00458e-06 3.80937e-05 1.88301 3.873
462 8.20614e-06 1.2323e-05 9.00458e-06 3.80937e-05 1.88301 3.873
463 8.19552e-06 1.05914e-05 9.00458e-06 3.80937e-05 1.88301 3.873
464 8.19845e-06 9.03525e-06 9.00458e-06 3.80937e-05 1.88301 3.873
465 8.21533e-06 1.22369e-05 9.03525e-06 3.80302e-05 1.88621 3.86976
466 8.20736e-06 9.32555e-06 9.03525e-06 3.80302e-05 1.88621 3.86976
467 8.21085e-06 1.15727e-05 9.03525e-06 3.80302e-05 1.88621 3.86976
468 8.25191e-06 8.99985e-06 9.03525e-06 3.80302e-05 1.88621 3.86976
469 8.21597e-06 9.1206e-06 8.99985e-06 3.78987e-05 1.88251 3.86307
470 8.21842e-06 9.54033e-06 8.99985e-06 3.78987e-05 1.88251 3.86307
471 8.25947e-06 1.00366e-05 8.99985e-06 3.78987e-05 1.88251 3.86307
472 8.23391e-06 1.08205e-05 8.99985e-06 3.78987e-05 1.88251 3.86307
473 8.23908e-06 1.2739e-05 8.99985e-06 3.78987e-05 1.88251 3.86307
474 8.25243e-06 1.14505e-05 8.99985e-06 3.78987e-05 1.88251 3.86307
475 8.25716e-06 9.20436e-06 8.99985e-06 3.78987e-05 1.88251 3.86307
476 8.27013e-06 1.16284e-05 8.99985e-06 3.78987e-05 1.88251 3.86307
477 8.28336e-06 9.67363e-06 8.99985e-06 3.78987e-05 1.88251 3.86307
478 8.27873e-06 1.43567e-05 8.99985e-06 3.78987e-05 1.88251 3.86307
479 8.31037e-06 9.78467e-06 8.99985e-06 3.78987e-05 1.88251 3.86307
480 8.27117e-06 9.32191e-06 8.99985e-06 3.78987e-05 1.88251 3.86307
481 8.27328e-06 9.64897e-06 8.99985e-06 3.78987e-05 1.88251 3.86307
482 8.29719e-06 9.15404e-06 8.99985e-06 3.78987e-05 1.88251 3.86307
483 8.28744e-06 9.8625e-06 8.99985e-06 3.78987e-05 1.88251 3.86307
484 8.28813e-06 1.31196e-05 8.99985e-06 3.78987e-05 1.88251 3.86307
485 8.34241e-06 9.75976e-06 8.99985e-06 3.78987e-05 1.88251 3.86307
486 8.32157e-06 9.36342e-06 8.99985e-06 3.78987e-05 1.88251 3.86307
487 8.31066e-06 8.95661e-06 8.99985e-06 3.78987e-05 1.88251 3.86307
488 8.32473e-06 1.50821e-05 8.95661e-06 3.74657e-05 1.87799 3.84094
489 8.32113e-06 9.73973e-06 8.95661e-06 3.74657e-05 1.87799 3.84094
490 8.34543e-06 8.89328e-06 8.95661e-06 3.74657e-05 1.87799 3.84094
491 8.30932e-06 1.06796e-05 8.89328e-06 3.74665e-05 1.87133 3.84098
492 8.33333e-06 1.01744e-05 8.89328e-06 3.74665e-05 1.87133 3.84098
493 8.37334e-06 9.07601e-06 8.89328e-06 3.74665e-05 1.87133 3.84098
494 8.3139e-06 9.4774e-06 8.89328e-06 3.74665e-05 1.87133 3.84098
495 8.3163e-06 1.01783e-05 8.89328e-06 3.74665e-05 1.87133 3.84098
496 8.31526e-06 9.52624e-06 8.89328e-06 3.74665e-05 1.87133 3.84098
497 8.35794e-06 8.98849e-06 8.89328e-06 3.74665e-05 1.87133 3.84098
498 8.34928e-06 8.85435e-06 8.89328e-06 3.74665e-05 1.87133 3.84098
499 8.40229e-06 9.11626e-06 8.85435e-06 3.72262e-05 1.86723 3.82864
500 8.35677e-06 9.12798e-06 8.85435e-06 3.72262e-05 1.86723 3.82864
501 8.37028e-06 1.0507e-05 8.85435e-06 3.72262e-05 1.86723 3.82864
502 8.37331e-06 9.96618e-06 8.85435e-06 3.72262e-05 1.86723 3.82864
503 8.37161e-06 9.79751e-06 8.85435e-06 3.72262e-05 1.86723 3.82864
504 8.39958e-06 9.60032e-06 8.85435e-06 3.72262e-05 1.86723 3.82864
505 8.36187e-06 9.25741e-06 8.85435e-06 3.72262e-05 1.86723 3.82864
506 8.38356e-06 9.64709e-06 8.85435e-06 3.72262e-05 1.86723 3.82864
507 8.38718e-06 9.52335e-06 8.85435e-06 3.72262e-05 1.86723 3.82864
508 8.39371e-06 8.87438e-06 8.85435e-06 3.72262e-05 1.86723 3.82864
509 8.3782e-06 9.20961e-06 8.87438e-06 3.71728e-05 1.86934 3.8259
510 8.41385e-06 1.28026e-05 8.87438e-06 3.71728e-05 1.86934 3.8259
511 8.39903e-06 9.55388e-06 8.87438e-06 3.71728e-05 1.86934 3.8259
512 8.41656e-06 9.60913e-06 8.87438e-06 3.71728e-05 1.86934 3.8259
513 8.41502e-06 9.69411e-06 8.87438e-06 3.71728e-05 1.86934 3.8259
514 8.4175e-06 1.00943e-05 8.87438e-06 3.71728e-05 1.86934 3.8259
515 8.41898e-06 1.01282e-05 8.87438e-06 3.71728e-05 1.86934 3.8259
516 8.41249e-06 8.72469e-06 8.87438e-06 3.71728e-05 1.86934 3.8259
517 8.42422e-06 8.99487e-06 8.72469e-06 3.71345e-05 1.85351 3.82392
518 8.41217e-06 9.04057e-06 8.72469e-06 3.71345e-05 1.85351 3.82392
519 8.40768e-06 1.00447e-05 8.72469e-06 3.71345e-05 1.85351 3.82392
520 8.46172e-06 1.08363e-05 8.72469e-06 3.71345e-05 1.85351 3.82392
521 8.42202e-06 9.54763e-06 8.72469e-06 3.71345e-05 1.85351 3.82392
522 8.43145e-06 9.54142e-06 8.72469e-06 3.71345e-05 1.85351 3.82392
523 8.46145e-06 1.36314e-05 8.72469e-06 3.71345e-05 1.85351 3.82392
524 8.43018e-06 9.54406e-06 8.72469e-06 3.71345e-05 1.85351 3.82392
525 8.45597e-06 8.84505e-06 8.72469e-06 3.71345e-05 1.85351 3.82392
526 8.4586e-06 1.08738e-05 8.72469e-06 3.71345e-05 1.85351 3.82392
527 8.47399e-06 9.6132e-06 8.72469e-06 3.71345e-05 1.85351 3.82392
528 8.44882e-06 1.15166e-05 8.72469e-06 3.71345e-05 1.85351 3.82392
529 8.45588e-06 1.10872e-05 8.72469e-06 3.71345e-05 1.85351 3.82392
530 8.47432e-06 9.06426e-06 8.72469e-06 3.71345e-05 1.85351 3.82392
531 8.47153e-06 9.18511e-06 8.72469e-06 3.71345e-05 1.85351 3.82392
532 8.44088e-06 1.0513e-05 8.72469e-06 3.71345e-05 1.85351 3.82392
533 8.48485e-06 1.00976e-05 8.72469e-06 3.71345e-05 1.85351 3.82392
534 8.50158e-06 1.10393e-05 8.72469e-06 3.71345e-05 1.85351 3.82392
535 8.49963e-06 9.3005e-06 8.72469e-06 3.71345e-05 1.85351 3.82392
536 8.47682e-06 9.8335e-06 8.72469e-06 3.71345e-05 1.85351 3.82392
537 8.49623e-06 1.08732e-05 8.72469e-06 3.71345e-05 1.85351 3.82392
538 8.47197e-06 9.99742e-06 8.72469e-06 3.71345e-05 1.85351 3.82392
539 8.49917e-06 9.48773e-06 8.72469e-06 3.71345e-05 1.85351 3.82392
540 8.47787e-06 1.01139e-05 8.72469e-06 3.71345e-05 1.85351 3.82392
541 8.48645e-06 1.07062e-05 8.72469e-06 3.71345e-05 1.85351 3.82392
542 8.52479e-06 9.96631e-06 8.72469e-06 3.71345e-05 1.85351 3.82392
543 8.52202e-06 8.96276e-06 8.72469e-06 3.71345e-05 1.85351 3.82392
544 8.50691e-06 1.12516e-05 8.72469e-06 3.71345e-05 1.85351 3.82392
545 8.50084e-06 1.00811e-05 8.72469e-06 3.71345e-05 1.85351 3.82392
546 8.51238e-06 9.06975e-06 8.72469e-06 3.71345e-05 1.85351 3.82392
547 8.50832e-06 8.99976e-06 8.72469e-06 3.71345e-05 1.85351 3.82392
548 8.52596e-06 9.92205e-06 8.72469e-06 3.71345e-05 1.85351 3.82392
549 8.51897e-06 9.30774e-06 8.72469e-06 3.71345e-05 1.85351 3.82392
550 8.50778e-06 9.47161e-06 8.72469e-06 3.71345e-05 1.85351 3.82392
551 8.52612e-06 1.07245e-05 8.72469e-06 3.71345e-05 1.85351 3.82392
552 8.52814e-06 1.02704e-05 8.72469e-06 3.71345e-05 1.85351 3.82392
553 8.5272e-06 9.4566e-06 8.72469e-06 3.71345e-05 1.85351 3.82392
554 8.49437e-06 9.71736e-06 8.72469e-06 3.71345e-05 1.85351 3.82392
555 8.53692e-06 9.38839e-06 8.72469e-06 3.71345e-05 1.85351 3.82392
556 8.53366e-06 1.99708e-05 8.72469e-06 3.71345e-05 1.85351 3.82392
557 7.14852e-06 9.02237e-06 8.72469e-06 3.71345e-05 1.85351 3.82392
558 7.25703e-06 1.16536e-05 9.02237e-06 3.65186e-05 1.88487 3.79208
559 7.2601e-06 1.03206e-05 9.02237e-06 3.65186e-05 1.88487 3.79208
560 7.24827e-06 1.01064e-05 9.02237e-06 3.65186e-05 1.88487 3.79208
561 7.2483e-06 8.89881e-06 9.02237e-06 3.65186e-05 1.88487 3.79208
562 7.26238e-06 8.6425e-06 8.89881e-06 3.63731e-05 1.87192 3.78452
563 7.2717e-06 9.20487e-06 8.6425e-06 3.63954e-05 1.84476 3.78568
564 7.27937e-06 8.795e-06 8.6425e-06 3.63954e-05 1.84476 3.78568
565 7.26317e-06 9.17441e-06 8.6425e-06 3.63954e-05 1.84476 3.78568
566 7.27385e-06 8.60616e-06 8.6425e-06 3.63954e-05 1.84476 3.78568
567 7.27293e-06 9.80815e-06 8.60616e-06 3.64338e-05 1.84088 3.78767
568 7.26482e-06 9.48185e-06 8.60616e-06 3.64338e-05 1.84088 3.78767
569 7.30785e-06 9.38317e-06 8.60616e-06 3.64338e-05 1.84088 3.78767
570 7.27788e-06 8.67098e-06 8.60616e-06 3.64338e-05 1.84088 3.78767
571 7.29119e-06 8.62248e-06 8.67098e-06 3.62067e-05 1.8478 3.77585
572 7.30685e-06 9.51915e-06 8.62248e-06 3.62816e-05 1.84262 3.77975
573 7.30331e-06 9.46524e-06 8.62248e-06 3.62816e-05 1.84262 3.77975
574 7.29932e-06 8.46418e-06 8.62248e-06 3.62816e-05 1.84262 3.77975
575 7.29792e-06 8.566e-06 8.46418e-06 3.62087e-05 1.82563 3.77595
576 7.29954e-06 8.93324e-06 8.46418e-06 3.62087e-05 1.82563 3.77595
577 7.30765e-06 8.68321e-06 8.46418e-06 3.62087e-05 1.82563 3.77595
578 7.30198e-06 8.9145e-06 8.46418e-06 3.62087e-05 1.82563 3.77595
579 7.30819e-06 9.35116e-06 8.46418e-06 3.62087e-05 1.82563 3.77595
580 7.31828e-06 8.85192e-06 8.46418e-06 3.62087e-05 1.82563 3.77595
581 7.30852e-06 1.00327e-05 8.46418e-06 3.62087e-05 1.82563 3.77595
582 7.31014e-06 9.22279e-06 8.46418e-06 3.62087e-05 1.82563 3.77595
583 7.33346e-06 9.99985e-06 8.46418e-06 3.62087e-05 1.82563 3.77595
584 7.32913e-06 9.25704e-06 8.46418e-06 3.62087e-05 1.82563 3.77595
585 7.33521e-06 8.55722e-06 8.46418e-06 3.62087e-05 1.82563 3.77595
586 7.32659e-06 8.82009e-06 8.55722e-06 3.60038e-05 1.83564 3.76525
587 7.32434e-06 9.84515e-06 8.55722e-06 3.60038e-05 1.83564 3.76525
588 7.35257e-06 8.60874e-06 8.55722e-06 3.60038e-05 1.83564 3.76525
589 7.35307e-06 9.88898e-06 8.55722e-06 3.60038e-05 1.83564 3.76525
590 7.33872e-06 9.46487e-06 8.55722e-06 3.60038e-05 1.83564 3.76525
591 7.35565e-06 9.56479e-06 8.55722e-06 3.60038e-05 1.83564 3.76525
592 7.35855e-06 8.60264e-06 8.55722e-06 3.60038e-05 1.83564 3.76525
593 7.36643e-06 8.90894e-06 8.55722e-06 3.60038e-05 1.83564 3.76525
594 7.37e-06 8.79815e-06 8.55722e-06 3.60038e-05 1.83564 3.76525
595 7.35987e-06 8.6611e-06 8.55722e-06 3.60038e-05 1.83564 3.76525
596 7.36224e-06 9.2314e-06 8.55722e-06 3.60038e-05 1.83564 3.76525
597 7.37776e-06 8.57956e-06 8.55722e-06 3.60038e-05 1.83564 3.76525
598 7.36316e-06 8.67576e-06 8.55722e-06 3.60038e-05 1.83564 3.76525
599 7.37092e-06 8.67335e-06 8.55722e-06 3.60038e-05 1.83564 3.76525
600 7.36404e-06 8.75813e-06 8.55722e-06 3.60038e-05 1.83564 3.76525
601 7.3864e-06 9.33893e-06 8.55722e-06 3.60038e-05 1.83564 3.76525
602 7.38749e-06 9.83075e-06 8.55722e-06 3.60038e-05 1.83564 3.76525
603 7.38934e-06 8.66416e-06 8.55722e-06 3.60038e-05 1.83564 3.76525
604 7.38188e-06 8.64325e-06 8.55722e-06 3.60038e-05 1.83564 3.76525
605 7.37872e-06 9.75545e-06 8.55722e-06 3.60038e-05 1.83564 3.76525
606 7.4177e-06 1.07205e-05 8.55722e-06 3.60038e-05 1.83564 3.76525
607 7.39177e-06 1.23984e-05 8.55722e-06 3.60038e-05 1.83564 3.76525
608 7.41176e-06 8.83245e-06 8.55722e-06 3.60038e-05 1.83564 3.76525
609 7.42862e-06 8.78217e-06 8.55722e-06 3.60038e-05 1.83564 3.76525
610 7.4015e-06 9.28839e-06 8.55722e-06 3.60038e-05 1.83564 3.76525
611 7.41008e-06 8.80557e-06 8.55722e-06 3.60038e-05 1.83564 3.76525
612 7.40063e-06 1.04753e-05 8.55722e-06 3.60038e-05 1.83564 3.76525
613 7.41911e-06 8.51575e-06 8.55722e-06 3.60038e-05 1.83564 3.76525
614 7.41965e-06 1.1561e-05 8.51575e-06 3.59212e-05 1.83118 3.76093
615 7.41379e-06 9.96445e-06 8.51575e-06 3.59212e-05 1.83118 3.76093
616 7.44653e-06 8.55806e-06 8.51575e-06 3.59212e-05 1.83118 3.76093
617 7.40864e-06 9.73936e-06 8.51575e-06 3.59212e-05 1.83118 3.76093
618 7.43254e-06 8.5729e-06 8.51575e-06 3.59212e-05 1.83118 3.76093
619 7.44256e-06 9.91102e-06 8.51575e-06 3.59212e-05 1.83118 3.76093
620 7.42683e-06 8.59418e-06 8.51575e-06 3.59212e-05 1.83118 3.76093
621 7.42463e-06 8.76088e-06 8.51575e-06 3.59212e-05 1.83118 3.76093
622 7.4404e-06 9.0746e-06 8.51575e-06 3.59212e-05 1.83118 3.76093
623 7.4382e-06 8.65067e-06 8.51575e-06 3.59212e-05 1.83118 3.76093
624 7.44326e-06 9.94758e-06 8.51575e-06 3.59212e-05 1.83118 3.76093
625 7.44597e-06 9.78884e-06 8.51575e-06 3.59212e-05 1.83118 3.76093
626 7.41302e-06 8.72945e-06 8.51575e-06 3.59212e-05 1.83118 3.76093
627 7.44935e-06 1.00112e-05 8.51575e-06 3.59212e-05 1.83118 3.76093
628 7.45841e-06 9.03048e-06 8.51575e-06 3.59212e-05 1.83118 3.76093
629 7.45192e-06 1.0434e-05 8.51575e-06 3.59212e-05 1.83118 3.76093
630 7.45689e-06 9.02476e-06 8.51575e-06 3.59212e-05 1.83118 3.76093
631 7.47447e-06 9.34837e-06 8.51575e-06 3.59212e-05 1.83118 3.76093
632 7.44811e-06 8.72842e-06 8.51575e-06 3.59212e-05 1.83118 3.76093
633 7.47362e-06 9.13384e-06 8.51575e-06 3.59212e-05 1.83118 3.76093
634 7.47816e-06 8.76975e-06 8.51575e-06 3.59212e-05 1.83118 3.76093
635 7.46215e-06 9.57607e-06 8.51575e-06 3.59212e-05 1.83118 3.76093
636 7.4916e-06 9.0234e-06 8.51575e-06 3.59212e-05 1.83118 3.76093
637 7.47681e-06 9.24026e-06 8.51575e-06 3.59212e-05 1.83118 3.76093
638 7.48007e-06 8.86109e-06 8.51575e-06 3.59212e-05 1.83118 3.76093
639 7.48713e-06 1.08116e-05 8.51575e-06 3.59212e-05 1.83118 3.76093
640 7.48429e-06 8.80048e-06 8.51575e-06 3.59212e-05 1.83118 3.76093
641 7.50147e-06 8.82861e-06 8.51575e-06 3.59212e-05 1.83118 3.76093
642 7.49588e-06 8.54047e-06 8.51575e-06 3.59212e-05 1.83118 3.76093
643 7.49432e-06 9.25147e-06 8.54047e-06 3.56723e-05 1.83384 3.74788
644 7.50001e-06 9.14597e-06 8.54047e-06 3.56723e-05 1.83384 3.74788
645 7.49454e-06 8.84446e-06 8.54047e-06 3.56723e-05 1.83384 3.74788
646 7.5222e-06 8.77156e-06 8.54047e-06 3.56723e-05 1.83384 3.74788
647 7.49847e-06 9.68639e-06 8.54047e-06 3.56723e-05 1.83384 3.74788
648 7.49132e-06 8.60006e-06 8.54047e-06 3.56723e-05 1.83384 3.74788
649 7.52131e-06 8.84249e-06 8.54047e-06 3.56723e-05 1.83384 3.74788
650 7.50925e-06 1.17997e-05 8.54047e-06 3.56723e-05 1.83384 3.74788
651 7.51857e-06 9.64537e-06 8.54047e-06 3.56723e-05 1.83384 3.74788
652 7.51682e-06 9.59202e-06 8.54047e-06 3.56723e-05 1.83384 3.74788
653 7.52009e-06 9.19686e-06 8.54047e-06 3.56723e-05 1.83384 3.74788
654 7.50964e-06 9.11851e-06 8.54047e-06 3.56723e-05 1.83384 3.74788
655 7.56028e-06 1.26133e-05 8.54047e-06 3.56723e-05 1.83384 3.74788
656 7.49524e-06 9.41065e-06 8.54047e-06 3.56723e-05 1.83384 3.74788
657 7.53058e-06 9.22853e-06 8.54047e-06 3.56723e-05 1.83384 3.74788
658 7.51834e-06 8.57452e-06 8.54047e-06 3.56723e-05 1.83384 3.74788
659 7.52024e-06 8.51228e-06 8.54047e-06 3.56723e-05 1.83384 3.74788
660 7.55531e-06 8.86578e-06 8.51228e-06 3.56724e-05 1.83081 3.74789
661 7.52479e-06 8.79768e-06 8.51228e-06 3.56724e-05 1.83081 3.74789
662 7.56002e-06 9.28588e-06 8.51228e-06 3.56724e-05 1.83081 3.74789
663 7.54987e-06 1.17588e-05 8.51228e-06 3.56724e-05 1.83081 3.74789
664 7.55715e-06 8.97996e-06 8.51228e-06 3.56724e-05 1.83081 3.74789
665 7.53853e-06 8.7892e-06 8.51228e-06 3.56724e-05 1.83081 3.74789
666 7.54473e-06 9.13478e-06 8.51228e-06 3.56724e-05 1.83081 3.74789
667 7.56957e-06 8.99494e-06 8.51228e-06 3.56724e-05 1.83081 3.74789
668 7.5593e-06 9.99401e-06 8.51228e-06 3.56724e-05 1.83081 3.74789
669 7.54544e-06 9.83805e-06 8.51228e-06 3.56724e-05 1.83081 3.74789
670 7.56956e-06 8.76322e-06 8.51228e-06 3.56724e-05 1.83081 3.74789
671 7.58685e-06 8.69576e-06 8.51228e-06 3.56724e-05 1.83081 3.74789
672 7.5575e-06 9.18528e-06 8.51228e-06 3.56724e-05 1.83081 3.74789
673 7.57141e-06 9.18301e-06 8.51228e-06 3.56724e-05 1.83081 3.74789
674 7.57063e-06 8.68026e-06 8.51228e-06 3.56724e-05 1.83081 3.74789
675 7.57795e-06 1.22946e-05 8.51228e-06 3.56724e-05 1.83081 3.74789
676 7.57074e-06 8.59738e-06 8.51228e-06 3.56724e-05 1.83081 3.74789
677 7.60033e-06 8.63611e-06 8.51228e-06 3.56724e-05 1.83081 3.74789
678 7.58094e-06 1.00993e-05 8.51228e-06 3.56724e-05 1.83081 3.74789
679 7.57786e-06 8.75879e-06 8.51228e-06 3.56724e-05 1.83081 3.74789
680 7.58749e-06 1.2159e-05 8.51228e-06 3.56724e-05 1.83081 3.74789
681 7.59308e-06 1.02352e-05 8.51228e-06 3.56724e-05 1.83081 3.74789
682 7.57425e-06 8.54489e-06 8.51228e-06 3.56724e-05 1.83081 3.74789
683 7.58471e-06 9.17862e-06 8.51228e-06 3.56724e-05 1.83081 3.74789
684 7.61199e-06 1.22987e-05 8.51228e-06 3.56724e-05 1.83081 3.74789
685 7.5738e-06 8.7024e-06 8.51228e-06 3.56724e-05 1.83081 3.74789
686 7.60948e-06 9.49908e-06 8.51228e-06 3.56724e-05 1.83081 3.74789
687 7.61846e-06 8.56946e-06 8.51228e-06 3.56724e-05 1.83081 3.74789
688 7.5936e-06 8.97251e-06 8.56946e-06 3.55317e-05 1.83695 3.74049
689 7.62665e-06 8.99898e-06 8.56946e-06 3.55317e-05 1.83695 3.74049
690 7.59811e-06 9.75149e-06 8.56946e-06 3.55317e-05 1.83695 3.74049
691 7.60673e-06 9.08918e-06 8.56946e-06 3.55317e-05 1.83695 3.74049
692 7.61368e-06 8.79139e-06 8.56946e-06 3.55317e-05 1.83695 3.74049
693 7.62989e-06 9.47206e-06 8.56946e-06 3.55317e-05 1.83695 3.74049
694 7.59226e-06 8.89257e-06 8.56946e-06 3.55317e-05 1.83695 3.74049
695 7.64055e-06 8.71537e-06 8.56946e-06 3.55317e-05 1.83695 3.74049
696 7.63747e-06 8.66278e-06 8.56946e-06 3.55317e-05 1.83695 3.74049
697 7.6296e-06 8.84297e-06 8.56946e-06 3.55317e-05 1.83695 3.74049
698 7.64551e-06 9.28101e-06 8.56946e-06 3.55317e-05 1.83695 3.74049
699 7.62698e-06 8.71848e-06 8.56946e-06 3.55317e-05 1.83695 3.74049
700 7.65107e-06 9.15971e-06 8.56946e-06 3.55317e-05 1.83695 3.74049
701 7.65114e-06 9.28679e-06 8.56946e-06 3.55317e-05 1.83695 3.74049
702 7.6334e-06 9.26544e-06 8.56946e-06 3.55317e-05 1.83695 3.74049
703 7.65521e-06 8.54791e-06 8.56946e-06 3.55317e-05 1.83695 3.74049
704 7.63481e-06 8.75251e-06 8.54791e-06 3.54368e-05 1.83464 3.73549
705 7.6251e-06 9.56769e-06 8.54791e-06 3.54368e-05 1.83464 3.73549
706 7.66112e-06 9.43098e-06 8.54791e-06 3.54368e-05 1.83464 3.73549
707 7.64329e-06 1.21801e-05 8.54791e-06 3.54368e-05 1.83464 3.73549
708 7.6473e-06 1.02185e-05 8.54791e-06 3.54368e-05 1.83464 3.73549
709 7.66359e-06 9.05526e-06 8.54791e-06 3.54368e-05 1.83464 3.73549
710 7.66374e-06 9.98278e-06 8.54791e-06 3.54368e-05 1.83464 3.73549
711 7.6449e-06 1.03949e-05 8.54791e-06 3.54368e-05 1.83464 3.73549
712 7.66873e-06 9.80144e-06 8.54791e-06 3.54368e-05 1.83464 3.73549
713 7.64473e-06 9.64915e-06 8.54791e-06 3.54368e-05 1.83464 3.73549
714 7.65042e-06 9.77951e-06 8.54791e-06 3.54368e-05 1.83464 3.73549
715 7.67101e-06 8.61265e-06 8.54791e-06 3.54368e-05 1.83464 3.73549
716 7.67576e-06 8.78603e-06 8.54791e-06 3.54368e-05 1.83464 3.73549
717 7.66136e-06 8.70813e-06 8.54791e-06 3.54368e-05 1.83464 3.73549
718 7.68401e-06 9.2076e-06 8.54791e-06 3.54368e-05 1.83464 3.73549
719 7.65674e-06 8.75164e-06 8.54791e-06 3.54368e-05 1.83464 3.73549
720 7.69e-06 8.59696e-06 8.54791e-06 3.54368e-05 1.83464 3.73549
721 7.65387e-06 8.76743e-06 8.54791e-06 3.54368e-05 1.83464 3.73549
722 7.70586e-06 9.07039e-06 8.54791e-06 3.54368e-05 1.83464 3.73549
723 7.71199e-06 8.63223e-06 8.54791e-06 3.54368e-05 1.83464 3.73549
724 7.67897e-06 8.85518e-06 8.54791e-06 3.54368e-05 1.83464 3.73549
725 7.70764e-06 8.93727e-06 8.54791e-06 3.54368e-05 1.83464 3.73549
726 7.68218e-06 8.99347e-06 8.54791e-06 3.54368e-05 1.83464 3.73549
727 7.67814e-06 9.10185e-06 8.54791e-06 3.54368e-05 1.83464 3.73549
728 7.68219e-06 9.3117e-06 8.54791e-06 3.54368e-05 1.83464 3.73549
729 7.69474e-06 8.8505e-06 8.54791e-06 3.54368e-05 1.83464 3.73549
730 7.69099e-06 1.03365e-05 8.54791e-06 3.54368e-05 1.83464 3.73549
731 7.68934e-06 8.57841e-06 8.54791e-06 3.54368e-05 1.83464 3.73549
732 7.68681e-06 8.73749e-06 8.54791e-06 3.54368e-05 1.83464 3.73549
733 7.68405e-06 8.58141e-06 8.54791e-06 3.54368e-05 1.83464 3.73549
734 7.70056e-06 8.82809e-06 8.54791e-06 3.54368e-05 1.83464 3.73549
735 7.71613e-06 1.14786e-05 8.54791e-06 3.54368e-05 1.83464 3.73549
736 7.7031e-06 1.10658e-05 8.54791e-06 3.54368e-05 1.83464 3.73549
737 7.70401e-06 8.70177e-06 8.54791e-06 3.54368e-05 1.83464 3.73549
738 7.71197e-06 9.28564e-06 8.54791e-06 3.54368e-05 1.83464 3.73549
739 7.73198e-06 9.05353e-06 8.54791e-06 3.54368e-05 1.83464 3.73549
740 7.69436e-06 8.76077e-06 8.54791e-06 3.54368e-05 1.83464 3.73549
741 7.70431e-06 9.73859e-06 8.54791e-06 3.54368e-05 1.83464 3.73549
742 7.73239e-06 9.09091e-06 8.54791e-06 3.54368e-05 1.83464 3.73549
743 7.74713e-06 9.03289e-06 8.54791e-06 3.54368e-05 1.83464 3.73549
744 6.86079e-06 8.75141e-06 8.54791e-06 3.54368e-05 1.83464 3.73549
745 6.92272e-06 8.56115e-06 8.54791e-06 3.54368e-05 1.83464 3.73549
746 6.94237e-06 9.7753e-06 8.56115e-06 3.52397e-05 1.83606 3.72509
747 6.91576e-06 9.24925e-06 8.56115e-06 3.52397e-05 1.83606 3.72509
748 6.92472e-06 8.3977e-06 8.56115e-06 3.52397e-05 1.83606 3.72509
749 6.93188e-06 8.4643e-06 8.3977e-06 3.51606e-05 1.81845 3.7209
750 6.92988e-06 8.28679e-06 8.3977e-06 3.51606e-05 1.81845 3.7209
751 6.94317e-06 8.61131e-06 8.28679e-06 3.51572e-05 1.8064 3.72073
752 6.93524e-06 8.73212e-06 8.28679e-06 3.51572e-05 1.8064 3.72073
753 6.93982e-06 8.97069e-06 8.28679e-06 3.51572e-05 1.8064 3.72073
754 6.94115e-06 8.32741e-06 8.28679e-06 3.51572e-05 1.8064 3.72073
755 6.96335e-06 8.44305e-06 8.28679e-06 3.51572e-05 1.8064 3.72073
756 6.9501e-06 8.49752e-06 8.28679e-06 3.51572e-05 1.8064 3.72073
757 6.95421e-06 8.49214e-06 8.28679e-06 3.51572e-05 1.8064 3.72073
758 6.96118e-06 8.49487e-06 8.28679e-06 3.51572e-05 1.8064 3.72073
759 6.96889e-06 8.37707e-06 8.28679e-06 3.51572e-05 1.8064 3.72073
760 6.97247e-06 9.31351e-06 8.28679e-06 3.51572e-05 1.8064 3.72073
761 6.97227e-06 8.33639e-06 8.28679e-06 3.51572e-05 1.8064 3.72073
762 6.97539e-06 8.77054e-06 8.28679e-06 3.51572e-05 1.8064 3.72073
763 6.98148e-06 9.31929e-06 8.28679e-06 3.51572e-05 1.8064 3.72073
764 6.97559e-06 8.83953e-06 8.28679e-06 3.51572e-05 1.8064 3.72073
765 6.98953e-06 8.97693e-06 8.28679e-06 3.51572e-05 1.8064 3.72073
766 6.99488e-06 9.35023e-06 8.28679e-06 3.51572e-05 1.8064 3.72073
767 6.99595e-06 8.48068e-06 8.28679e-06 3.51572e-05 1.8064 3.72073
768 6.99295e-06 8.55653e-06 8.28679e-06 3.51572e-05 1.8064 3.72073
769 7.0002e-06 8.47521e-06 8.28679e-06 3.51572e-05 1.8064 3.72073
770 7.00128e-06 8.46799e-06 8.28679e-06 3.51572e-05 1.8064 3.72073
771 7.02116e-06 8.94233e-06 8.28679e-06 3.51572e-05 1.8064 3.72073
772 7.00001e-06 8.53605e-06 8.28679e-06 3.51572e-05 1.8064 3.72073
773 7.00983e-06 8.87078e-06 8.28679e-06 3.51572e-05 1.8064 3.72073
774 7.02123e-06 9.52687e-06 8.28679e-06 3.51572e-05 1.8064 3.72073
775 7.01539e-06 9.52618e-06 8.28679e-06 3.51572e-05 1.8064 3.72073
776 7.03406e-06 8.45263e-06 8.28679e-06 3.51572e-05 1.8064 3.72073
777 7.03685e-06 8.55986e-06 8.28679e-06 3.51572e-05 1.8064 3.72073
778 7.0313e-06 8.66418e-06 8.28679e-06 3.51572e-05 1.8064 3.72073
779 7.02748e-06 1.06447e-05 8.28679e-06 3.51572e-05 1.8064 3.72073
780 7.05154e-06 8.6067e-06 8.28679e-06 3.51572e-05 1.8064 3.72073
781 7.02651e-06 8.39664e-06 8.28679e-06 3.51572e-05 1.8064 3.72073
782 7.05604e-06 8.38797e-06 8.28679e-06 3.51572e-05 1.8064 3.72073
783 7.03636e-06 8.66294e-06 8.28679e-06 3.51572e-05 1.8064 3.72073
784 7.05053e-06 8.42033e-06 8.28679e-06 3.51572e-05 1.8064 3.72073
785 7.04534e-06 9.22089e-06 8.28679e-06 3.51572e-05 1.8064 3.72073
786 7.04927e-06 8.64062e-06 8.28679e-06 3.51572e-05 1.8064 3.72073
787 7.06605e-06 8.69066e-06 8.28679e-06 3.51572e-05 1.8064 3.72073
788 7.06257e-06 8.4528e-06 8.28679e-06 3.51572e-05 1.8064 3.72073
789 7.06202e-06 8.49918e-06 8.28679e-06 3.51572e-05 1.8064 3.72073
790 7.07481e-06 8.71651e-06 8.28679e-06 3.51572e-05 1.8064 3.72073
791 6.65601e-06 8.33404e-06 8.28679e-06 3.51572e-05 1.8064 3.72073
792 6.68797e-06 9.23794e-06 8.33404e-06 3.49256e-05 1.81154 3.70845
793 6.69334e-06 8.26915e-06 8.33404e-06 3.49256e-05 1.81154 3.70845
794 6.69957e-06 8.28472e-06 8.26915e-06 3.49594e-05 1.80447 3.71024
795 6.70057e-06 8.56994e-06 8.26915e-06 3.49594e-05 1.80447 3.71024
796 6.71269e-06 8.64507e-06 8.26915e-06 3.49594e-05 1.80447 3.71024
797 6.70426e-06 8.26963e-06 8.26915e-06 3.49594e-05 1.80447 3.71024
798 6.71001e-06 8.266e-06 8.26915e-06 3.49594e-05 1.80447 3.71024
799 6.72009e-06 8.30573e-06 8.266e-06 3.49585e-05 1.80413 3.7102
800 6.71497e-06 8.25597e-06 8.266e-06 3.49585e-05 1.80413 3.7102
801 6.72213e-06 8.55689e-06 8.266e-06 3.49585e-05 1.80413 3.7102
802 6.73519e-06 8.63231e-06 8.266e-06 3.49585e-05 1.80413 3.7102
803 6.73367e-06 8.30292e-06 8.266e-06 3.49585e-05 1.80413 3.7102
804 6.72847e-06 8.31052e-06 8.266e-06 3.49585e-05 1.80413 3.7102
805 6.74626e-06 8.31046e-06 8.266e-06 3.49585e-05 1.80413 3.7102
806 6.7489e-06 8.52693e-06 8.266e-06 3.49585e-05 1.80413 3.7102
807 6.76057e-06 8.40361e-06 8.266e-06 3.49585e-05 1.80413 3.7102
808 6.75667e-06 8.31385e-06 8.266e-06 3.49585e-05 1.80413 3.7102
809 6.76748e-06 8.4539e-06 8.266e-06 3.49585e-05 1.80413 3.7102
810 6.76602e-06 8.62598e-06 8.266e-06 3.49585e-05 1.80413 3.7102
811 6.77004e-06 8.50171e-06 8.266e-06 3.49585e-05 1.80413 3.7102
812 6.77753e-06 8.69016e-06 8.266e-06 3.49585e-05 1.80413 3.7102
813 6.77109e-06 8.65246e-06 8.266e-06 3.49585e-05 1.80413 3.7102
814 6.77494e-06 8.59479e-06 8.266e-06 3.49585e-05 1.80413 3.7102
815 6.79285e-06 8.37393e-06 8.266e-06 3.49585e-05 1.80413 3.7102
816 6.7761e-06 8.42167e-06 8.266e-06 3.49585e-05 1.80413 3.7102
817 6.7971e-06 8.3666e-06 8.266e-06 3.49585e-05 1.80413 3.7102
818 6.79443e-06 8.35126e-06 8.266e-06 3.49585e-05 1.80413 3.7102
819 6.79937e-06 8.53114e-06 8.266e-06 3.49585e-05 1.80413 3.7102
820 6.79941e-06 9.28009e-06 8.266e-06 3.49585e-05 1.80413 3.7102
821 6.80641e-06 8.4897e-06 8.266e-06 3.49585e-05 1.80413 3.7102
822 6.80632e-06 8.6033e-06 8.266e-06 3.49585e-05 1.80413 3.7102
823 6.80942e-06 8.4253e-06 8.266e-06 3.49585e-05 1.80413 3.7102
824 6.81843e-06 8.70726e-06 8.266e-06 3.49585e-05 1.80413 3.7102
825 6.81507e-06 8.36984e-06 8.266e-06 3.49585e-05 1.80413 3.7102
826 6.82814e-06 8.90385e-06 8.266e-06 3.49585e-05 1.80413 3.7102
827 6.82282e-06 8.56132e-06 8.266e-06 3.49585e-05 1.80413 3.7102
828 6.82646e-06 8.46321e-06 8.266e-06 3.49585e-05 1.80413 3.7102
829 6.84494e-06 8.53893e-06 8.266e-06 3.49585e-05 1.80413 3.7102
830 6.82941e-06 8.38544e-06 8.266e-06 3.49585e-05 1.80413 3.7102
831 6.83741e-06 8.5577e-06 8.266e-06 3.49585e-05 1.80413 3.7102
832 6.84653e-06 8.47201e-06 8.266e-06 3.49585e-05 1.80413 3.7102
833 6.8479e-06 1.02805e-05 8.266e-06 3.49585e-05 1.80413 3.7102
834 6.85188e-06 8.54356e-06 8.266e-06 3.49585e-05 1.80413 3.7102
835 6.86203e-06 8.49185e-06 8.266e-06 3.49585e-05 1.80413 3.7102
836 6.85809e-06 8.93122e-06 8.266e-06 3.49585e-05 1.80413 3.7102
837 6.86601e-06 8.38983e-06 8.266e-06 3.49585e-05 1.80413 3.7102
838 6.86679e-06 8.46674e-06 8.266e-06 3.49585e-05 1.80413 3.7102
839 6.64271e-06 8.34447e-06 8.266e-06 3.49585e-05 1.80413 3.7102
840 6.66117e-06 8.33266e-06 8.266e-06 3.49585e-05 1.80413 3.7102
841 6.66783e-06 8.29296e-06 8.266e-06 3.49585e-05 1.80413 3.7102
842 6.66946e-06 8.38538e-06 8.266e-06 3.49585e-05 1.80413 3.7102
843 6.67303e-06 8.94736e-06 8.266e-06 3.49585e-05 1.80413 3.7102
844 6.68375e-06 8.45913e-06 8.266e-06 3.49585e-05 1.80413 3.7102
845 6.6861e-06 8.44457e-06 8.266e-06 3.49585e-05 1.80413 3.7102
846 6.69137e-06 8.31185e-06 8.266e-06 3.49585e-05 1.80413 3.7102
847 6.70316e-06 8.35534e-06 8.266e-06 3.49585e-05 1.80413 3.7102
848 6.70016e-06 8.41005e-06 8.266e-06 3.49585e-05 1.80413 3.7102
849 6.70908e-06 8.35631e-06 8.266e-06 3.49585e-05 1.80413 3.7102
850 6.71456e-06 8.64651e-06 8.266e-06 3.49585e-05 1.80413 3.7102
851 6.71679e-06 8.6051e-06 8.266e-06 3.49585e-05 1.80413 3.7102
852 6.7235e-06 8.40822e-06 8.266e-06 3.49585e-05 1.80413 3.7102
853 6.73709e-06 8.38849e-06 8.266e-06 3.49585e-05 1.80413 3.7102
854 6.73455e-06 8.46324e-06 8.266e-06 3.49585e-05 1.80413 3.7102
855 6.74192e-06 8.7715e-06 8.266e-06 3.49585e-05 1.80413 3.7102
856 6.74207e-06 8.65728e-06 8.266e-06 3.49585e-05 1.80413 3.7102
857 6.75812e-06 8.3465e-06 8.266e-06 3.49585e-05 1.80413 3.7102
858 6.75691e-06 8.46627e-06 8.266e-06 3.49585e-05 1.80413 3.7102
859 6.76396e-06 8.33087e-06 8.266e-06 3.49585e-05 1.80413 3.7102
860 6.76612e-06 8.40021e-06 8.266e-06 3.49585e-05 1.80413 3.7102
861 6.77614e-06 8.59088e-06 8.266e-06 3.49585e-05 1.80413 3.7102
862 6.77428e-06 8.36221e-06 8.266e-06 3.49585e-05 1.80413 3.7102
863 6.78349e-06 8.52745e-06 8.266e-06 3.49585e-05 1.80413 3.7102
864 6.78634e-06 8.40152e-06 8.266e-06 3.49585e-05 1.80413 3.7102
865 6.79119e-06 8.6319e-06 8.266e-06 3.49585e-05 1.80413 3.7102
866 6.79642e-06 8.45723e-06 8.266e-06 3.49585e-05 1.80413 3.7102
867 6.80613e-06 8.43128e-06 8.266e-06 3.49585e-05 1.80413 3.7102
868 6.807e-06 8.48829e-06 8.266e-06 3.49585e-05 1.80413 3.7102
869 6.81002e-06 8.36716e-06 8.266e-06 3.49585e-05 1.80413 3.7102
870 6.81862e-06 8.585e-06 8.266e-06 3.49585e-05 1.80413 3.7102
871 6.82287e-06 8.50843e-06 8.266e-06 3.49585e-05 1.80413 3.7102
872 6.82518e-06 8.56994e-06 8.266e-06 3.49585e-05 1.80413 3.7102
873 6.82999e-06 8.38494e-06 8.266e-06 3.49585e-05 1.80413 3.7102
874 6.83555e-06 8.41737e-06 8.266e-06 3.49585e-05 1.80413 3.7102
875 6.84222e-06 8.43892e-06 8.266e-06 3.49585e-05 1.80413 3.7102
876 6.84022e-06 8.51158e-06 8.266e-06 3.49585e-05 1.80413 3.7102
877 6.85011e-06 8.43094e-06 8.266e-06 3.49585e-05 1.80413 3.7102
878 6.85656e-06 8.40522e-06 8.266e-06 3.49585e-05 1.80413 3.7102
