1 100
2 100
3 100
4 100
5 100
6 100
7 100
8 100
9 99
10 99
11 98
12 98
13 97
14 97
15 96
16 95
17 95
18 95
19 94
20 93
21 93
22 93
23 92
24 91
25 91
26 90
27 90
28 100
29 100
30 99
31 100
32 100
33 99
34 99
35 98
36 98
37 97
38 97
39 96
40 95
41 95
42 95
43 94
44 93
45 93
46 93
47 92
48 91
49 91
50 90
51 90
52 90
53 89
54 89
55 88
56 88
57 87
58 86
59 86
60 85
61 85
62 85
63 84
64 83
65 83
66 82
67 82
68 82
69 81
70 80
71 80
72 80
73 79
74 79
75 78
76 77
77 77
78 77
79 76
80 75
81 75
82 75
83 74
84 73
85 73
86 72
87 72
88 72
89 71
90 70
91 70
92 69
93 69
94 69
95 68
96 67
97 67
98 66
99 66
100 66
101 65
102 64
103 64
104 63
105 63
106 63
107 62
108 62
109 61
110 60
111 60
112 60
113 59
114 59
115 58
116 57
117 57
118 57
119 56
120 56
121 55
122 54
123 54
124 54
125 53
126 53
127 52
128 51
129 51
130 50
131 50
132 50
133 49
134 49
135 48
136 48
137 47
138 46
139 46
140 45
141 45
142 44
143 44
144 44
145 43
146 43
147 42
148 42
149 41
150 40
151 40
152 39
153 39
154 38
155 38
156 38
157 37
158 37
159 36
160 36
161 35
162 34
163 34
164 33
165 33
166 32
167 32
168 32
169 31
170 31
171 30
172 30
173 29
174 28
175 28
176 27
177 27
178 26
179 26
180 25
181 25
182 25
183 24
184 24
185 23
186 23
187 22
188 21
189 21
190 20
191 20
192 19
193 19
194 19
195 18
196 18
197 17
198 17
199 16
200 15
201 15
202 14
203 14
204 13
205 13
206 13
207 12
208 12
209 11
210 11
211 10
212 9
213 9
214 8
215 8
216 7
217 7
218 7
219 6
220 6
221 5
222 5
223 4
224 3
225 3
226 2
227 2
228 1
229 1
230 0
231 100
232 100
233 99
234 99
235 98
236 98
237 97
238 97
239 96
240 95
241 95
242 95
243 94
244 93
245 93
246 93
247 92
248 91
249 91
250 90
251 90
252 90
253 89
254 89
255 88
256 88
257 87
258 86
259 86
260 85
261 85
262 85
263 84
264 83
265 83
266 82
267 82
268 82
269 81
270 80
271 80
272 80
273 79
274 79
275 78
276 77
277 77
278 77
279 76
280 75
281 75
282 75
283 74
284 73
285 73
286 72
287 72
288 72
289 71
290 70
291 70
292 69
293 69
294 69
295 68
296 67
297 67
298 66
299 66
300 66
301 65
302 64
303 64
304 63
305 63
306 63
307 62
308 62
309 61
310 60
311 60
312 60
313 59
314 59
315 58
316 57
317 57
318 57
319 56
320 56
321 55
322 54
323 54
324 54
325 53
326 53
327 52
328 51
329 51
330 50
331 50
332 50
333 49
334 49
335 48
336 48
337 47
338 46
339 46
340 45
341 45
342 44
343 44
344 44
345 43
346 43
347 42
348 42
349 41
350 40
351 40
352 39
353 39
354 38
355 38
356 38
357 37
358 37
359 36
360 36
361 35
362 34
363 34
364 33
365 33
366 32
367 32
368 32
369 31
370 31
371 30
372 30
373 29
374 28
375 28
376 27
377 27
378 26
379 26
380 25
381 25
382 25
383 24
384 24
385 23
386 23
387 22
388 21
389 21
390 20
391 20
392 19
393 19
394 19
395 18
396 18
397 17
398 17
399 16
400 15
401 15
402 14
403 14
404 13
405 13
406 13
407 12
408 12
409 11
410 11
411 10
412 9
413 9
414 8
415 8
416 7
417 7
418 7
419 6
420 6
421 5
422 5
423 4
424 3
425 3
426 2
427 2
428 1
429 1
430 0
431 100
432 100
433 99
434 99
435 98
436 100
437 100
438 99
439 99
440 98
441 98
442 97
443 97
444 96
445 95
446 95
447 95
448 94
449 93
450 93
451 93
452 92
453 91
454 91
455 90
456 90
457 90
458 89
459 89
460 88
461 88
462 87
463 86
464 100
465 100
466 99
467 99
468 98
469 98
470 97
471 97
472 96
473 95
474 95
475 95
476 94
477 93
478 93
479 93
480 92
481 91
482 91
483 90
484 90
485 90
486 89
487 89
488 88
489 88
490 87
491 86
492 86
493 85
494 85
495 85
496 84
497 83
498 83
499 82
500 82
501 82
502 81
503 80
504 80
505 80
506 79
507 79
508 100
509 100
510 99
511 99
512 98
513 98
514 97
515 97
516 96
517 95
518 95
519 95
520 94
521 93
522 93
523 93
524 92
525 91
526 91
527 90
528 90
529 90
530 89
531 89
532 88
533 88
534 87
535 86
536 86
537 85
538 85
539 85
540 84
541 83
542 83
543 82
544 82
545 100
546 100
547 99
548 99
549 98
550 98
551 97
552 97
553 96
554 95
555 95
556 95
557 94
558 93
559 93
560 93
561 92
562 91
563 91
564 90
565 90
566 90
567 89
568 89
569 88
570 88
571 87
572 86
573 86
574 85
575 85
576 85
577 84
578 83
579 83
580 82
581 82
582 82
583 81
584 80
585 80
586 80
587 79
588 79
589 78
590 77
591 77
592 77
593 76
594 75
595 75
596 75
597 74
598 73
599 73
600 72
601 72
602 72
603 71
604 70
605 70
606 69
607 69
608 69
609 68
610 67
611 67
612 66
613 66
614 66
615 65
616 64
617 64
618 63
619 63
620 63
621 62
622 62
623 61
624 60
625 60
626 60
627 59
628 59
629 58
630 57
631 57
632 57
633 56
634 56
635 55
636 54
637 54
638 54
639 53
640 53
641 52
642 51
643 51
644 50
645 50
646 50
647 49
648 49
649 48
650 48
651 47
652 46
653 46
654 45
655 45
656 44
657 44
658 44
659 43
660 43
661 42
662 42
663 41
664 40
665 40
666 39
667 39
668 38
669 38
670 38
671 37
672 37
673 36
674 36
675 35
676 34
677 34
678 33
679 33
680 32
681 32
682 32
683 31
684 31
685 30
686 30
687 29
688 28
689 28
690 27
691 27
692 26
693 26
694 25
695 25
696 25
697 24
698 24
699 23
700 23
701 22
702 21
703 21
704 20
705 20
706 19
707 19
708 19
709 18
710 18
711 17
712 17
713 16
714 15
715 15
716 14
717 14
718 13
719 13
720 13
721 12
722 12
723 11
724 11
725 10
726 9
727 9
728 8
729 8
730 7
731 7
732 7
733 6
734 6
735 5
736 5
737 4
738 3
739 3
740 2
741 2
742 1
743 1
744 0
745 100
746 100
747 99
748 99
749 98
750 98
751 97
752 97
753 96
754 95
755 95
756 95
757 94
758 93
759 93
760 93
761 92
762 91
763 91
764 90
765 90
766 90
767 89
768 89
769 88
770 88
771 87
772 100
773 100
774 99
775 99
776 98
777 98
778 97
779 97
780 96
781 95
782 95
783 95
784 94
785 93
786 93
787 93
788 92
789 91
790 91
791 90
792 90
793 90
794 89
795 89
796 88
797 88
798 87
799 86
800 86
801 85
802 85
803 85
804 84
805 83
806 83
807 82
808 82
809 82
810 81
811 80
812 100
813 100
814 99
815 99
816 98
817 98
818 97
819 97
820 96
821 95
822 95
823 95
824 94
825 93
826 93
827 93
828 92
829 91
830 91
831 90
832 90
833 90
834 89
835 89
836 88
837 88
838 87
839 86
840 86
841 85
842 85
843 85
844 84
845 83
846 83
847 82
848 82
849 82
850 81
851 80
852 80
853 80
854 79
855 79
856 78
857 77
858 77
859 77
860 76
861 75
862 75
863 75
864 74
865 73
866 73
867 72
868 72
869 72
870 71
871 70
872 70
873 69
874 69
875 69
876 68
877 67
878 67
879 66
880 66
881 66
882 65
883 64
884 64
885 63
886 63
887 63
888 62
889 62
890 61
891 60
892 60
893 60
894 59
895 59
896 58
897 57
898 57
899 57
900 56
901 56
902 55
903 54
904 54
905 54
906 53
907 53
908 52
909 51
910 51
911 50
912 50
913 50
914 49
915 49
916 48
917 48
918 47
919 46
920 46
921 45
922 45
923 44
924 44
925 44
926 43
927 43
928 42
929 42
930 41
931 40
932 40
933 39
934 39
935 38
936 38
937 38
938 37
939 37
940 100
941 100
942 99
943 99
944 98
945 98
946 97
947 97
948 96
949 95
950 95
951 95
952 94
953 93
954 93
955 93
956 92
957 91
958 91
959 90
960 90
961 90
962 89
963 89
964 88
965 88
966 87
967 86
968 86
969 85
970 85
971 85
972 84
973 83
974 83
975 82
976 82
977 82
978 81
979 80
980 80
981 80
982 79
983 79
984 78
985 77
986 77
987 77
988 76
989 75
990 75
991 75
992 74
993 73
994 73
995 72
996 72
997 72
998 71
999 70
1000 70
1001 69
1002 69
1003 69
1004 68
1005 67
1006 67
1007 66
1008 66
1009 66
1010 65
1011 64
1012 64
1013 63
1014 63
1015 63
1016 62
1017 62
1018 61
1019 60
1020 60
1021 60
1022 59
1023 59
1024 58
1025 57
1026 57
1027 57
1028 56
1029 56
1030 55
1031 54
1032 54
1033 54
1034 53
1035 53
1036 52
1037 51
1038 51
1039 50
1040 50
1041 50
1042 49
1043 49
1044 48
1045 48
1046 47
1047 46
1048 46
1049 45
1050 45
1051 44
1052 44
1053 44
1054 43
1055 43
1056 42
1057 42
1058 41
1059 40
1060 40
1061 39
1062 39
1063 38
1064 38
1065 38
1066 37
1067 37
1068 36
1069 36
1070 35
1071 34
1072 34
1073 33
1074 33
1075 32
1076 32
1077 32
1078 31
1079 31
1080 30
1081 30
1082 29
1083 28
1084 28
1085 27
1086 27
1087 26
1088 26
1089 25
1090 25
1091 25
1092 24
1093 24
1094 23
1095 23
1096 22
1097 21
1098 21
1099 20
1100 20
1101 19
1102 19
1103 19
1104 18
1105 18
1106 17
1107 17
1108 16
1109 15
1110 15
1111 14
1112 14
1113 13
1114 13
1115 13
1116 12
1117 12
1118 11
1119 11
1120 10
1121 9
1122 9
1123 8
1124 8
1125 7
1126 7
1127 7
1128 6
1129 6
1130 5
1131 5
1132 4
1133 3
1134 3
1135 2
1136 2
1137 1
1138 1
1139 0
1140 100
1141 100
1142 99
1143 100
1144 100
1145 99
1146 99
1147 98
1148 98
1149 97
1150 97
1151 100
1152 100
1153 99
1154 99
1155 98
1156 98
1157 97
1158 97
1159 96
1160 95
1161 95
1162 95
1163 94
1164 93
1165 93
1166 93
1167 92
1168 91
1169 91
1170 90
1171 90
1172 90
1173 89
1174 89
1175 88
1176 88
1177 87
1178 86
1179 86
1180 85
1181 85
1182 85
1183 84
1184 83
1185 83
1186 82
1187 82
1188 82
1189 81
1190 80
1191 80
1192 80
1193 79
1194 79
1195 78
1196 77
1197 77
1198 77
1199 76
1200 75
1201 75
1202 75
1203 74
1204 73
1205 73
1206 72
1207 72
1208 72
1209 71
1210 70
1211 70
1212 69
1213 69
1214 69
1215 68
1216 67
1217 67
1218 66
1219 66
1220 66
1221 65
1222 64
1223 64
1224 63
1225 63
1226 63
1227 62
1228 62
1229 61
1230 60
1231 60
1232 60
1233 59
1234 59
1235 58
1236 57
1237 57
1238 57
1239 56
1240 56
1241 55
1242 54
1243 54
1244 54
1245 53
1246 53
1247 52
1248 51
1249 51
1250 50
1251 50
1252 100
1253 100
1254 99
1255 99
1256 98
1257 98
1258 97
1259 97
1260 96
1261 95
1262 95
1263 95
1264 94
1265 93
1266 93
1267 93
1268 92
1269 91
1270 91
1271 90
1272 90
1273 90
1274 89
1275 89
1276 88
1277 88
1278 87
1279 86
1280 86
1281 85
1282 85
1283 85
1284 84
1285 83
1286 83
1287 82
1288 82
1289 82
1290 81
1291 80
1292 80
1293 80
1294 79
1295 79
1296 78
1297 77
1298 77
1299 77
1300 76
1301 75
1302 75
1303 75
1304 74
1305 73
1306 73
1307 72
1308 72
1309 72
1310 71
1311 70
1312 70
1313 69
1314 69
1315 69
1316 68
1317 67
1318 67
1319 66
1320 66
1321 66
1322 65
1323 64
1324 64
1325 63
1326 63
1327 63
1328 62
1329 62
1330 61
1331 60
1332 60
1333 60
1334 59
1335 59
1336 58
1337 57
1338 57
1339 57
1340 56
1341 56
1342 55
1343 54
1344 54
1345 54
1346 53
1347 53
1348 52
1349 51
1350 51
1351 50
1352 50
1353 50
1354 49
1355 49
1356 48
1357 48
1358 47
1359 46
1360 46
1361 45
1362 45
1363 44
1364 44
1365 44
1366 43
1367 43
1368 42
1369 42
1370 41
1371 40
1372 40
1373 39
1374 39
1375 38
1376 38
1377 38
1378 37
1379 37
1380 36
1381 36
1382 35
1383 34
1384 34
1385 33
1386 33
1387 32
1388 32
1389 32
1390 31
1391 31
1392 30
1393 30
1394 29
1395 28
1396 28
1397 27
1398 27
1399 26
1400 26
1401 25
1402 25
1403 25
1404 24
1405 24
1406 23
1407 23
1408 22
1409 21
1410 21
1411 20
1412 20
1413 19
1414 19
1415 19
1416 18
1417 18
1418 17
1419 17
1420 16
1421 15
1422 15
1423 14
1424 14
1425 13
1426 13
1427 13
1428 12
1429 12
1430 11
1431 11
1432 10
1433 9
1434 9
1435 8
1436 8
1437 7
1438 7
1439 100
1440 100
1441 99
1442 99
1443 98
1444 98
1445 97
1446 97
1447 96
1448 95
1449 95
1450 95
1451 94
1452 93
1453 93
1454 93
1455 92
1456 91
1457 91
1458 90
1459 90
1460 90
1461 89
1462 89
1463 88
1464 88
1465 87
1466 86
1467 86
1468 85
1469 85
1470 85
1471 84
1472 83
1473 83
1474 82
1475 82
1476 82
1477 81
1478 80
1479 80
1480 80
1481 79
1482 79
1483 78
1484 77
1485 77
1486 77
1487 76
1488 75
1489 75
1490 75
1491 74
1492 73
1493 73
1494 72
1495 72
1496 72
1497 71
1498 70
1499 70
1500 69
1501 69
1502 69
1503 68
1504 67
1505 67
1506 66
1507 66
1508 66
1509 65
1510 64
1511 64
1512 63
1513 63
1514 63
1515 62
1516 62
1517 61
1518 60
1519 60
1520 60
1521 59
1522 59
1523 58
1524 57
1525 57
1526 57
1527 56
1528 56
1529 55
1530 54
1531 54
1532 54
1533 53
1534 53
1535 52
1536 51
1537 51
1538 50
1539 50
1540 50
1541 49
1542 49
1543 48
1544 48
1545 47
1546 46
1547 46
1548 45
1549 45
1550 44
1551 44
1552 44
1553 43
1554 43
1555 42
1556 42
1557 41
1558 40
1559 40
1560 39
1561 39
1562 38
1563 38
1564 38
1565 37
1566 37
1567 36
1568 36
1569 35
1570 34
1571 34
1572 33
1573 33
1574 32
1575 32
1576 32
1577 31
1578 31
1579 30
1580 30
1581 29
1582 28
1583 28
1584 27
1585 27
1586 26
1587 26
1588 25
1589 25
1590 25
1591 24
1592 24
1593 23
1594 23
1595 22
1596 21
1597 21
1598 20
1599 20
1600 19
1601 19
1602 19
1603 18
1604 18
1605 17
1606 17
1607 16
1608 15
1609 15
1610 14
1611 14
1612 13
1613 13
1614 13
1615 12
1616 12
1617 11
1618 11
1619 10
1620 9
1621 9
1622 8
1623 8
1624 7
1625 7
1626 7
1627 6
1628 6
1629 5
1630 5
1631 4
1632 3
1633 3
1634 2
1635 2
1636 1
1637 1
1638 0
1639 100
1640 100
1641 99
1642 99
1643 98
1644 98
1645 97
1646 97
1647 96
1648 95
1649 95
1650 95
1651 94
1652 93
1653 93
1654 93
1655 92
1656 91
1657 91
1658 90
1659 90
1660 90
1661 89
1662 89
1663 88
1664 88
1665 87
1666 86
1667 86
1668 85
1669 85
1670 85
1671 84
1672 83
1673 83
1674 82
1675 82
1676 82
1677 81
1678 80
1679 80
1680 80
1681 79
1682 79
1683 78
1684 77
1685 77
1686 77
1687 76
1688 75
1689 75
1690 75
1691 74
1692 73
1693 73
1694 72
1695 72
1696 72
1697 71
1698 70
1699 70
1700 69
1701 69
1702 69
1703 68
1704 67
1705 67
1706 66
1707 66
1708 66
1709 65
1710 64
1711 64
1712 63
1713 63
1714 63
1715 62
1716 62
1717 61
1718 60
1719 60
1720 60
1721 59
1722 59
1723 58
1724 57
1725 57
1726 57
1727 56
1728 56
1729 55
1730 54
1731 54
1732 54
1733 53
1734 53
1735 52
1736 51
1737 51
1738 50
1739 50
1740 50
1741 49
1742 49
1743 48
1744 48
1745 47
1746 46
1747 46
1748 45
1749 45
1750 44
1751 44
1752 44
1753 43
1754 43
1755 42
1756 42
1757 41
1758 40
1759 40
1760 39
1761 39
1762 38
1763 38
1764 38
1765 37
1766 37
1767 36
1768 36
1769 35
1770 34
1771 34
1772 33
1773 33
1774 32
1775 32
1776 32
1777 31
1778 31
1779 30
1780 30
1781 29
1782 28
1783 28
1784 27
1785 27
1786 26
1787 26
1788 25
1789 25
1790 25
1791 24
1792 24
1793 23
1794 23
1795 22
1796 21
1797 21
1798 20
1799 20
1800 19
1801 19
1802 19
1803 18
1804 18
1805 17
1806 17
1807 16
1808 15
1809 15
1810 14
1811 14
1812 13
1813 13
1814 13
1815 12
1816 12
1817 11
1818 11
1819 10
1820 9
1821 9
1822 8
1823 8
1824 7
1825 7
1826 7
1827 6
1828 6
1829 5
1830 5
1831 4
1832 3
1833 3
1834 2
1835 2
1836 1
1837 1
1838 0
1839 100
1840 100
1841 99
1842 99
1843 98
1844 98
1845 97
1846 97
1847 96
1848 95
1849 95
1850 100
1851 100
1852 99
1853 99
1854 98
1855 98
1856 97
1857 97
1858 96
1859 95
1860 95
1861 95
1862 94
1863 93
1864 93
1865 93
1866 92
1867 91
1868 91
1869 90
1870 90
1871 90
1872 89
1873 89
1874 88
1875 88
1876 87
1877 86
1878 86
1879 85
1880 85
1881 85
1882 84
1883 83
1884 83
1885 82
1886 82
1887 82
1888 81
1889 80
1890 80
1891 80
1892 79
1893 79
1894 78
1895 77
1896 77
1897 77
1898 76
1899 75
1900 75
1901 75
1902 74
1903 73
1904 73
1905 72
1906 72
1907 72
1908 71
1909 70
1910 70
1911 69
1912 69
1913 69
1914 68
1915 67
1916 67
1917 66
1918 66
1919 66
1920 65
1921 64
1922 64
1923 63
1924 63
1925 63
1926 62
1927 62
1928 61
1929 60
1930 60
1931 60
1932 59
1933 59
1934 58
1935 57
1936 57
1937 57
1938 56
1939 56
1940 55
1941 54
1942 54
1943 54
1944 53
1945 53
1946 52
1947 51
1948 51
1949 50
1950 50
1951 50
1952 49
1953 49
1954 48
1955 48
1956 47
1957 46
1958 46
1959 45
1960 45
1961 44
1962 44
1963 44
1964 43
1965 43
1966 42
1967 42
1968 41
1969 40
1970 40
1971 39
1972 39
1973 38
1974 38
1975 38
1976 37
1977 37
1978 36
1979 36
1980 35
1981 34
1982 34
1983 33
1984 33
1985 32
1986 32
1987 32
1988 31
1989 31
1990 30
1991 30
1992 29
1993 28
1994 28
1995 27
1996 27
1997 26
1998 26
1999 25
2000 100
2001 100
2002 99
2003 99
2004 98
2005 98
2006 97
2007 97
2008 96
2009 95
2010 95
2011 95
2012 94
2013 93
2014 93
2015 93
2016 92
2017 91
2018 91
2019 90
2020 90
2021 90
2022 89
2023 89
2024 88
2025 88
2026 87
2027 86
2028 86
2029 85
2030 85
2031 85
2032 84
2033 83
2034 83
2035 82
2036 82
2037 82
2038 81
2039 80
2040 80
2041 80
2042 79
2043 79
2044 78
2045 77
2046 77
2047 77
2048 76
2049 75
2050 75
2051 75
2052 74
2053 73
2054 73
2055 72
2056 72
2057 72
2058 71
2059 70
2060 70
2061 69
2062 69
2063 69
2064 68
2065 67
2066 67
2067 66
2068 66
2069 66
2070 65
2071 64
2072 64
2073 63
2074 63
2075 63
2076 62
2077 62
2078 61
2079 60
2080 60
2081 60
2082 59
2083 59
2084 58
2085 57
2086 57
2087 57
2088 56
2089 56
2090 55
2091 54
2092 54
2093 54
2094 53
2095 53
2096 52
2097 51
2098 51
2099 50
2100 50
2101 50
2102 49
2103 49
2104 48
2105 48
2106 47
2107 46
2108 46
2109 45
2110 45
2111 44
2112 44
2113 44
2114 43
2115 43
2116 42
2117 42
2118 41
2119 40
2120 40
2121 39
2122 39
2123 38
2124 38
2125 38
2126 37
2127 37
2128 36
2129 36
2130 35
2131 34
2132 34
2133 33
2134 33
2135 32
2136 32
2137 32
2138 31
2139 31
2140 30
2141 30
2142 29
2143 28
2144 28
2145 27
2146 27
2147 26
2148 26
2149 25
2150 25
2151 25
2152 24
2153 24
2154 23
2155 23
2156 22
2157 21
2158 21
2159 20
2160 20
2161 19
2162 19
2163 19
2164 18
2165 18
2166 17
2167 17
2168 16
2169 15
2170 15
2171 14
2172 14
2173 13
2174 13
2175 13
2176 12
2177 12
2178 11
2179 11
2180 10
2181 9
2182 9
2183 8
2184 8
2185 7
2186 7
2187 7
2188 6
2189 6
2190 5
2191 5
2192 4
2193 3
2194 3
2195 2
2196 2
2197 1
2198 1
2199 0
2200 100
2201 100
2202 99
2203 99
2204 98
2205 98
2206 97
2207 97
2208 96
2209 95
2210 95
2211 95
2212 94
2213 93
2214 93
2215 93
2216 92
2217 91
2218 91
2219 90
2220 90
2221 90
2222 89
2223 89
2224 88
2225 88
2226 87
2227 86
2228 86
2229 85
2230 85
2231 85
2232 84
2233 83
2234 83
2235 82
2236 82
2237 82
2238 81
2239 80
2240 80
2241 80
2242 79
2243 79
2244 78
2245 77
2246 77
2247 77
2248 76
2249 75
2250 75
2251 75
2252 74
2253 73
2254 73
2255 72
2256 72
2257 72
2258 71
2259 70
2260 70
2261 69
2262 69
2263 69
2264 68
2265 67
2266 67
2267 66
2268 66
2269 66
2270 65
2271 64
2272 64
2273 63
2274 63
2275 63
2276 62
2277 62
2278 61
2279 60
2280 60
2281 60
2282 59
2283 59
2284 58
2285 57
2286 57
2287 57
2288 56
2289 56
2290 55
2291 54
2292 54
2293 54
2294 53
2295 53
2296 52
2297 51
2298 51
2299 50
2300 50
2301 50
2302 49
2303 49
2304 48
2305 48
2306 47
2307 46
2308 46
2309 45
2310 45
2311 44
2312 44
2313 44
2314 43
2315 43
2316 42
2317 42
2318 41
2319 40
2320 40
2321 39
2322 39
2323 38
2324 38
2325 38
2326 37
2327 37
2328 36
2329 36
2330 35
2331 34
2332 34
2333 33
2334 33
2335 32
2336 32
2337 32
2338 31
2339 31
2340 30
2341 30
2342 29
2343 28
2344 28
2345 27
2346 27
2347 26
2348 26
2349 25
2350 25
2351 25
2352 24
2353 24
2354 23
2355 23
2356 22
2357 21
2358 21
2359 20
2360 20
2361 19
2362 19
2363 19
2364 18
2365 18
2366 17
2367 17
2368 16
2369 15
2370 15
2371 14
2372 14
2373 13
2374 13
2375 13
2376 12
2377 12
2378 11
2379 11
2380 10
2381 9
2382 9
2383 8
2384 8
2385 7
2386 7
2387 7
2388 6
2389 6
2390 5
2391 5
2392 4
2393 3
2394 3
2395 2
2396 2
2397 1
2398 1
2399 0
2400 100
2401 100
2402 99
2403 99
2404 98
2405 98
2406 97
2407 97
2408 96
2409 95
2410 95
2411 95
2412 94
2413 93
2414 93
2415 93
2416 92
2417 91
2418 91
2419 90
2420 90
2421 90
2422 89
2423 89
2424 88
2425 88
2426 87
2427 86
2428 86
2429 85
2430 85
2431 85
2432 84
2433 83
2434 83
2435 82
2436 82
2437 82
2438 81
2439 80
2440 80
2441 80
2442 79
2443 79
2444 78
2445 77
2446 77
2447 77
2448 76
2449 75
2450 75
2451 75
2452 74
2453 73
2454 73
2455 72
2456 72
2457 72
2458 71
2459 70
2460 70
2461 69
2462 69
2463 69
2464 68
2465 67
2466 67
2467 66
2468 66
2469 66
2470 65
2471 64
2472 64
2473 63
2474 63
2475 63
2476 62
2477 62
2478 61
2479 60
2480 60
2481 60
2482 59
2483 59
2484 58
2485 57
2486 57
2487 57
2488 56
2489 56
2490 55
2491 54
2492 54
2493 54
2494 53
2495 53
2496 52
2497 51
2498 51
2499 50
2500 50
2501 50
2502 49
2503 49
2504 48
2505 48
2506 47
2507 46
2508 46
2509 45
2510 45
2511 44
2512 44
2513 44
2514 43
2515 43
2516 42
2517 42
2518 41
2519 40
2520 40
2521 39
2522 39
2523 38
2524 38
2525 38
2526 37
2527 37
2528 36
2529 36
2530 35
2531 34
2532 34
2533 33
2534 33
2535 32
2536 32
2537 32
2538 31
2539 31
2540 30
2541 30
2542 29
2543 28
2544 28
2545 27
2546 27
2547 26
2548 26
2549 25
2550 25
2551 25
2552 24
2553 24
2554 23
2555 23
2556 22
2557 21
2558 21
2559 20
2560 20
2561 19
2562 19
2563 19
2564 18
2565 18
2566 17
2567 17
2568 16
2569 15
2570 15
2571 14
2572 14
2573 13
2574 13
2575 13
2576 12
2577 12
2578 11
2579 11
2580 10
2581 9
2582 9
2583 8
2584 8
2585 7
2586 7
2587 7
2588 6
2589 6
2590 5
2591 5
2592 4
2593 3
2594 3
2595 2
2596 2
2597 1
2598 1
2599 0
2600 100
2601 100
2602 99
2603 99
2604 98
2605 98
2606 97
2607 97
2608 96
2609 95
2610 95
2611 95
2612 94
2613 93
2614 93
2615 93
2616 92
2617 91
2618 91
2619 90
2620 90
2621 90
2622 89
2623 89
2624 88
2625 88
2626 87
2627 86
2628 86
2629 85
2630 85
2631 85
2632 84
2633 83
2634 83
2635 82
2636 82
2637 82
2638 81
2639 80
2640 80
2641 80
2642 79
2643 79
2644 78
2645 77
2646 77
2647 77
2648 76
2649 75
2650 75
2651 75
2652 74
2653 73
2654 73
2655 72
2656 72
2657 72
2658 71
2659 70
2660 70
2661 69
2662 69
2663 69
2664 68
2665 67
2666 67
2667 66
2668 66
2669 66
2670 65
2671 64
2672 64
2673 63
2674 63
2675 63
2676 62
2677 62
2678 61
2679 60
2680 60
2681 60
2682 59
2683 59
2684 58
2685 57
2686 57
2687 57
2688 56
2689 56
2690 55
2691 54
2692 54
2693 54
2694 53
2695 53
2696 52
2697 51
2698 51
2699 50
2700 50
2701 50
2702 49
2703 49
2704 48
2705 48
2706 47
2707 46
2708 46
2709 45
2710 45
2711 44
2712 44
2713 44
2714 43
2715 43
2716 42
2717 42
2718 41
2719 40
2720 40
2721 39
2722 39
2723 38
2724 38
2725 38
2726 37
2727 37
2728 36
2729 36
2730 35
2731 34
2732 34
2733 33
2734 33
2735 32
2736 32
2737 32
2738 31
2739 31
2740 30
2741 30
2742 29
2743 28
2744 28
2745 27
2746 27
2747 26
2748 26
2749 25
2750 25
2751 25
2752 24
2753 24
2754 23
2755 23
2756 22
2757 21
2758 21
2759 20
2760 20
2761 19
2762 19
2763 19
2764 18
2765 18
2766 17
2767 17
2768 16
2769 15
2770 15
2771 14
2772 14
2773 13
2774 13
2775 13
2776 12
2777 12
2778 11
2779 11
2780 10
2781 9
2782 9
2783 8
2784 8
2785 7
2786 7
2787 7
2788 6
2789 6
2790 5
2791 5
2792 4
2793 3
2794 3
2795 2
2796 2
2797 1
2798 1
2799 0
