1 0.00390426 0.000190341 1.79769e+308 1.79769e+308 inf inf
2 0.000174805 8.34726e-05 1.79769e+308 1.79769e+308 inf inf
3 0.0046216 0.000145455 8.34726e-05 0.000282992 5.73314 10.5562
4 0.000202565 0.000307631 8.34726e-05 0.000282992 5.73314 10.5562
5 0.00123541 0.000130463 8.34726e-05 0.000282992 5.73314 10.5562
6 0.000199151 0.0001186 8.34726e-05 0.000282992 5.73314 10.5562
7 0.000490841 0.000424132 8.34726e-05 0.000282992 5.73314 10.5562
8 0.000173008 0.000102972 8.34726e-05 0.000282992 5.73314 10.5562
9 0.000119435 0.000195624 8.34726e-05 0.000282992 5.73314 10.5562
10 0.000189135 9.37069e-05 8.34726e-05 0.000282992 5.73314 10.5562
11 9.68529e-05 3.58462e-05 9.37069e-05 0.000175991 6.07444 8.32464
12 8.60095e-05 4.19423e-05 3.58462e-05 0.000148439 3.757 7.64529
13 0.000123869 0.000130701 4.19423e-05 0.000132637 4.06393 7.22691
14 7.82757e-05 7.12321e-05 4.19423e-05 0.000132637 4.06393 7.22691
15 7.34288e-05 7.686e-05 4.19423e-05 0.000132637 4.06393 7.22691
16 0.000114457 5.8032e-05 4.19423e-05 0.000132637 4.06393 7.22691
17 5.58942e-05 4.0126e-05 4.19423e-05 0.000132637 4.06393 7.22691
18 6.38373e-05 2.40448e-05 4.0126e-05 0.000105876 3.97497 6.45682
19 8.70589e-05 4.58396e-05 2.40448e-05 9.70544e-05 3.07702 6.18199
20 5.8993e-05 5.31759e-05 2.40448e-05 9.70544e-05 3.07702 6.18199
21 5.69694e-05 2.58466e-05 2.40448e-05 9.70544e-05 3.07702 6.18199
22 7.20742e-05 0.000124821 2.58466e-05 8.75202e-05 3.19023 5.87049
23 5.29181e-05 0.0001579 2.58466e-05 8.75202e-05 3.19023 5.87049
24 5.36841e-05 2.41289e-05 2.58466e-05 8.75202e-05 3.19023 5.87049
25 0.000107775 2.71188e-05 2.41289e-05 8.15632e-05 3.0824 5.66718
26 4.45255e-05 0.000558053 2.41289e-05 8.15632e-05 3.0824 5.66718
27 4.98024e-05 7.33012e-05 2.41289e-05 8.15632e-05 3.0824 5.66718
28 5.92471e-05 9.03733e-05 2.41289e-05 8.15632e-05 3.0824 5.66718
29 5.68844e-05 0.000116571 2.41289e-05 8.15632e-05 3.0824 5.66718
30 4.59543e-05 1.8914e-05 2.41289e-05 8.15632e-05 3.0824 5.66718
31 4.67167e-05 3.88524e-05 1.8914e-05 7.3864e-05 2.72906 5.39308
32 5.19909e-05 1.66246e-05 1.8914e-05 7.3864e-05 2.72906 5.39308
33 4.85809e-05 1.75231e-05 1.66246e-05 7.23405e-05 2.55856 5.33717
34 3.86942e-05 2.85933e-05 1.66246e-05 7.23405e-05 2.55856 5.33717
35 4.7302e-05 2.37233e-05 1.66246e-05 7.23405e-05 2.55856 5.33717
36 4.40404e-05 6.4614e-05 1.66246e-05 7.23405e-05 2.55856 5.33717
37 4.62419e-05 1.68368e-05 1.66246e-05 7.23405e-05 2.55856 5.33717
38 6.04544e-05 2.67566e-05 1.68368e-05 6.72728e-05 2.57484 5.14683
39 3.99832e-05 1.63011e-05 1.68368e-05 6.72728e-05 2.57484 5.14683
40 7.82765e-05 4.49014e-05 1.63011e-05 6.67455e-05 2.53355 5.12662
41 4.54849e-05 2.07492e-05 1.63011e-05 6.67455e-05 2.53355 5.12662
42 4.15411e-05 1.67626e-05 1.63011e-05 6.67455e-05 2.53355 5.12662
43 4.15146e-05 1.6283e-05 1.63011e-05 6.67455e-05 2.53355 5.12662
44 4.07249e-05 1.80604e-05 1.6283e-05 6.61562e-05 2.53214 5.10394
45 4.4109e-05 2.82467e-05 1.6283e-05 6.61562e-05 2.53214 5.10394
46 5.02014e-05 1.51549e-05 1.6283e-05 6.61562e-05 2.53214 5.10394
47 3.35601e-05 1.6621e-05 1.51549e-05 6.5698e-05 2.44285 5.08623
48 4.22535e-05 1.57362e-05 1.6621e-05 6.23036e-05 2.55829 4.9531
49 3.4881e-05 5.09727e-05 1.57362e-05 6.22579e-05 2.48926 4.95128
50 9.04379e-05 1.59199e-05 1.57362e-05 6.22579e-05 2.48926 4.95128
51 3.60788e-05 4.79737e-05 1.57362e-05 6.22579e-05 2.48926 4.95128
52 4.14868e-05 1.3731e-05 1.57362e-05 6.22579e-05 2.48926 4.95128
53 7.67456e-05 2.85001e-05 1.3731e-05 6.06966e-05 2.32526 4.8888
54 2.84573e-05 2.30724e-05 1.3731e-05 6.06966e-05 2.32526 4.8888
55 5.08176e-05 1.47572e-05 1.3731e-05 6.06966e-05 2.32526 4.8888
56 3.09288e-05 2.14798e-05 1.3731e-05 6.06966e-05 2.32526 4.8888
57 3.86719e-05 1.47091e-05 1.3731e-05 6.06966e-05 2.32526 4.8888
58 3.46689e-05 1.45992e-05 1.3731e-05 6.06966e-05 2.32526 4.8888
59 3.60302e-05 1.60013e-05 1.3731e-05 6.06966e-05 2.32526 4.8888
60 4.41998e-05 3.14739e-05 1.3731e-05 6.06966e-05 2.32526 4.8888
61 3.23694e-05 3.05788e-05 1.3731e-05 6.06966e-05 2.32526 4.8888
62 3.54255e-05 1.6189e-05 1.3731e-05 6.06966e-05 2.32526 4.8888
63 3.4163e-05 2.98988e-05 1.3731e-05 6.06966e-05 2.32526 4.8888
64 7.01519e-05 0.000119925 1.3731e-05 6.06966e-05 2.32526 4.8888
65 3.25006e-05 1.56505e-05 1.3731e-05 6.06966e-05 2.32526 4.8888
66 4.05503e-05 3.00871e-05 1.3731e-05 6.06966e-05 2.32526 4.8888
67 3.35614e-05 1.37416e-05 1.3731e-05 6.06966e-05 2.32526 4.8888
68 3.6675e-05 0.000569348 1.37416e-05 5.67532e-05 2.32615 4.72732
69 0.000128364 2.98723e-05 1.37416e-05 5.67532e-05 2.32615 4.72732
70 2.85901e-05 2.32242e-05 1.37416e-05 5.67532e-05 2.32615 4.72732
71 3.25542e-05 1.49294e-05 1.37416e-05 5.67532e-05 2.32615 4.72732
72 4.46283e-05 1.42735e-05 1.37416e-05 5.67532e-05 2.32615 4.72732
73 2.58264e-05 1.34543e-05 1.37416e-05 5.67532e-05 2.32615 4.72732
74 7.16212e-05 2.03701e-05 1.34543e-05 5.64414e-05 2.30171 4.71432
75 3.11096e-05 2.56186e-05 1.34543e-05 5.64414e-05 2.30171 4.71432
76 5.46589e-05 2.07613e-05 1.34543e-05 5.64414e-05 2.30171 4.71432
77 3.14193e-05 1.98825e-05 1.34543e-05 5.64414e-05 2.30171 4.71432
78 5.36829e-05 1.54084e-05 1.34543e-05 5.64414e-05 2.30171 4.71432
79 3.17776e-05 1.30635e-05 1.34543e-05 5.64414e-05 2.30171 4.71432
80 3.00263e-05 2.58816e-05 1.30635e-05 5.55428e-05 2.26803 4.67664
81 3.23942e-05 8.67981e-05 1.30635e-05 5.55428e-05 2.26803 4.67664
82 3.01579e-05 4.46946e-05 1.30635e-05 5.55428e-05 2.26803 4.67664
83 5.48659e-05 2.23786e-05 1.30635e-05 5.55428e-05 2.26803 4.67664
84 2.92733e-05 1.44529e-05 1.30635e-05 5.55428e-05 2.26803 4.67664
85 4.04991e-05 4.4814e-05 1.30635e-05 5.55428e-05 2.26803 4.67664
86 4.70268e-05 2.4183e-05 1.30635e-05 5.55428e-05 2.26803 4.67664
87 2.41925e-05 1.65324e-05 1.30635e-05 5.55428e-05 2.26803 4.67664
88 3.01494e-05 2.45627e-05 1.30635e-05 5.55428e-05 2.26803 4.67664
89 4.84962e-05 1.46881e-05 1.30635e-05 5.55428e-05 2.26803 4.67664
90 2.83531e-05 1.46002e-05 1.30635e-05 5.55428e-05 2.26803 4.67664
91 8.81228e-05 1.64139e-05 1.30635e-05 5.55428e-05 2.26803 4.67664
92 2.78586e-05 1.45963e-05 1.30635e-05 5.55428e-05 2.26803 4.67664
93 6.70393e-05 1.33468e-05 1.30635e-05 5.55428e-05 2.26803 4.67664
94 2.66538e-05 1.47506e-05 1.30635e-05 5.55428e-05 2.26803 4.67664
95 4.62641e-05 1.31449e-05 1.30635e-05 5.55428e-05 2.26803 4.67664
96 2.83922e-05 0.000129229 1.30635e-05 5.55428e-05 2.26803 4.67664
97 5.24587e-05 1.53932e-05 1.30635e-05 5.55428e-05 2.26803 4.67664
98 7.10939e-05 2.53611e-05 1.30635e-05 5.55428e-05 2.26803 4.67664
99 2.40428e-05 2.89521e-05 1.30635e-05 5.55428e-05 2.26803 4.67664
100 2.8763e-05 1.59879e-05 1.30635e-05 5.55428e-05 2.26803 4.67664
101 9.99627e-05 4.3849e-05 1.30635e-05 5.55428e-05 2.26803 4.67664
102 2.81438e-05 1.33132e-05 1.30635e-05 5.55428e-05 2.26803 4.67664
103 3.03214e-05 2.49535e-05 1.33132e-05 5.35166e-05 2.28961 4.59055
104 2.84223e-05 2.3425e-05 1.33132e-05 5.35166e-05 2.28961 4.59055
105 5.70255e-05 4.21159e-05 1.33132e-05 5.35166e-05 2.28961 4.59055
106 2.13261e-05 1.60517e-05 1.33132e-05 5.35166e-05 2.28961 4.59055
107 7.44752e-05 2.10795e-05 1.33132e-05 5.35166e-05 2.28961 4.59055
108 2.73675e-05 2.14592e-05 1.33132e-05 5.35166e-05 2.28961 4.59055
109 3.07726e-05 1.96119e-05 1.33132e-05 5.35166e-05 2.28961 4.59055
110 2.82505e-05 3.76605e-05 1.33132e-05 5.35166e-05 2.28961 4.59055
111 6.5565e-05 2.45997e-05 1.33132e-05 5.35166e-05 2.28961 4.59055
112 2.76739e-05 1.31375e-05 1.33132e-05 5.35166e-05 2.28961 4.59055
113 5.40717e-05 1.88091e-05 1.31375e-05 5.23906e-05 2.27445 4.542
114 2.74231e-05 3.4435e-05 1.31375e-05 5.23906e-05 2.27445 4.542
115 3.43866e-05 1.5891e-05 1.31375e-05 5.23906e-05 2.27445 4.542
116 5.18531e-05 1.28743e-05 1.31375e-05 5.23906e-05 2.27445 4.542
117 2.28635e-05 5.05674e-05 1.31375e-05 5.23906e-05 2.27445 4.542
118 5.83519e-05 1.31133e-05 1.31375e-05 5.23906e-05 2.27445 4.542
119 2.32987e-05 1.56978e-05 1.31375e-05 5.23906e-05 2.27445 4.542
120 6.79582e-05 1.56082e-05 1.31375e-05 5.23906e-05 2.27445 4.542
121 2.07747e-05 1.35362e-05 1.31375e-05 5.23906e-05 2.27445 4.542
122 4.24479e-05 1.29672e-05 1.35362e-05 5.14978e-05 2.30871 4.50313
123 2.23341e-05 3.33121e-05 1.35362e-05 5.14978e-05 2.30871 4.50313
124 2.75938e-05 7.90403e-05 1.35362e-05 5.14978e-05 2.30871 4.50313
125 2.78576e-05 4.44615e-05 1.35362e-05 5.14978e-05 2.30871 4.50313
126 7.06368e-05 3.88016e-05 1.35362e-05 5.14978e-05 2.30871 4.50313
127 2.66895e-05 0.000133716 1.35362e-05 5.14978e-05 2.30871 4.50313
128 4.66809e-05 1.99738e-05 1.35362e-05 5.14978e-05 2.30871 4.50313
129 2.61811e-05 1.33218e-05 1.35362e-05 5.14978e-05 2.30871 4.50313
130 0.000167725 1.82703e-05 1.33218e-05 5.13094e-05 2.29035 4.49489
131 3.12056e-05 2.88822e-05 1.33218e-05 5.13094e-05 2.29035 4.49489
132 2.85996e-05 1.2645e-05 1.33218e-05 5.13094e-05 2.29035 4.49489
133 4.50359e-05 3.21209e-05 1.33218e-05 5.13094e-05 2.29035 4.49489
134 2.61274e-05 2.12862e-05 1.33218e-05 5.13094e-05 2.29035 4.49489
135 3.36728e-05 2.95866e-05 1.33218e-05 5.13094e-05 2.29035 4.49489
136 2.7579e-05 1.18339e-05 1.33218e-05 5.13094e-05 2.29035 4.49489
137 5.51595e-05 1.51159e-05 1.18339e-05 5.07167e-05 2.15866 4.46885
138 2.10283e-05 1.39659e-05 1.18339e-05 5.07167e-05 2.15866 4.46885
139 2.58623e-05 6.87572e-05 1.18339e-05 5.07167e-05 2.15866 4.46885
140 7.64908e-05 1.40542e-05 1.18339e-05 5.07167e-05 2.15866 4.46885
141 2.5822e-05 1.9561e-05 1.18339e-05 5.07167e-05 2.15866 4.46885
142 2.67089e-05 5.61643e-05 1.18339e-05 5.07167e-05 2.15866 4.46885
143 3.27963e-05 7.36677e-05 1.18339e-05 5.07167e-05 2.15866 4.46885
144 2.58107e-05 2.40495e-05 1.18339e-05 5.07167e-05 2.15866 4.46885
145 4.81339e-05 1.24648e-05 1.18339e-05 5.07167e-05 2.15866 4.46885
146 2.36416e-05 1.39504e-05 1.18339e-05 5.07167e-05 2.15866 4.46885
147 8.81884e-05 2.26531e-05 1.18339e-05 5.07167e-05 2.15866 4.46885
148 2.75286e-05 2.27905e-05 1.18339e-05 5.07167e-05 2.15866 4.46885
149 5.99252e-05 1.2539e-05 1.18339e-05 5.07167e-05 2.15866 4.46885
150 2.42189e-05 4.00351e-05 1.18339e-05 5.07167e-05 2.15866 4.46885
151 3.18034e-05 1.16459e-05 1.18339e-05 5.07167e-05 2.15866 4.46885
152 2.42837e-05 1.27756e-05 1.16459e-05 4.97462e-05 2.14145 4.42588
153 2.88034e-05 2.63818e-05 1.16459e-05 4.97462e-05 2.14145 4.42588
154 9.93516e-05 2.94897e-05 1.16459e-05 4.97462e-05 2.14145 4.42588
155 2.27346e-05 3.75787e-05 1.16459e-05 4.97462e-05 2.14145 4.42588
156 2.50922e-05 2.68396e-05 1.16459e-05 4.97462e-05 2.14145 4.42588
157 0.00011977 1.5431e-05 1.16459e-05 4.97462e-05 2.14145 4.42588
158 2.5543e-05 2.19324e-05 1.16459e-05 4.97462e-05 2.14145 4.42588
159 5.15149e-05 1.29336e-05 1.16459e-05 4.97462e-05 2.14145 4.42588
160 2.09233e-05 2.53897e-05 1.16459e-05 4.97462e-05 2.14145 4.42588
161 4.23151e-05 1.57288e-05 1.16459e-05 4.97462e-05 2.14145 4.42588
162 1.8845e-05 1.53959e-05 1.16459e-05 4.97462e-05 2.14145 4.42588
163 3.82191e-05 3.68667e-05 1.16459e-05 4.97462e-05 2.14145 4.42588
164 2.36231e-05 1.4375e-05 1.16459e-05 4.97462e-05 2.14145 4.42588
165 8.45e-05 1.2085e-05 1.16459e-05 4.97462e-05 2.14145 4.42588
166 2.38886e-05 1.4352e-05 1.16459e-05 4.97462e-05 2.14145 4.42588
167 6.13674e-05 4.6127e-05 1.16459e-05 4.97462e-05 2.14145 4.42588
168 2.31784e-05 2.69044e-05 1.16459e-05 4.97462e-05 2.14145 4.42588
169 6.85991e-05 1.61426e-05 1.16459e-05 4.97462e-05 2.14145 4.42588
170 2.33138e-05 7.98951e-05 1.16459e-05 4.97462e-05 2.14145 4.42588
171 7.37688e-05 1.7601e-05 1.16459e-05 4.97462e-05 2.14145 4.42588
172 2.27391e-05 5.12594e-05 1.16459e-05 4.97462e-05 2.14145 4.42588
173 4.3132e-05 1.19088e-05 1.16459e-05 4.97462e-05 2.14145 4.42588
174 2.03431e-05 1.88895e-05 1.16459e-05 4.97462e-05 2.14145 4.42588
175 4.32325e-05 3.14844e-05 1.16459e-05 4.97462e-05 2.14145 4.42588
176 2.30985e-05 2.10799e-05 1.16459e-05 4.97462e-05 2.14145 4.42588
177 6.20265e-05 1.39133e-05 1.16459e-05 4.97462e-05 2.14145 4.42588
178 2.41429e-05 5.73591e-05 1.16459e-05 4.97462e-05 2.14145 4.42588
179 3.30666e-05 1.19808e-05 1.16459e-05 4.97462e-05 2.14145 4.42588
180 2.52925e-05 1.68963e-05 1.19808e-05 4.88508e-05 2.17202 4.38587
181 2.65982e-05 1.65738e-05 1.19808e-05 4.88508e-05 2.17202 4.38587
182 2.35209e-05 3.28505e-05 1.19808e-05 4.88508e-05 2.17202 4.38587
183 5.96141e-05 1.24406e-05 1.19808e-05 4.88508e-05 2.17202 4.38587
184 4.97205e-05 2.26056e-05 1.19808e-05 4.88508e-05 2.17202 4.38587
185 1.97889e-05 1.76251e-05 1.19808e-05 4.88508e-05 2.17202 4.38587
186 2.3451e-05 3.35925e-05 1.19808e-05 4.88508e-05 2.17202 4.38587
187 3.80134e-05 2.66118e-05 1.19808e-05 4.88508e-05 2.17202 4.38587
188 2.33588e-05 6.40097e-05 1.19808e-05 4.88508e-05 2.17202 4.38587
189 9.76749e-05 2.33295e-05 1.19808e-05 4.88508e-05 2.17202 4.38587
190 2.35644e-05 3.86356e-05 1.19808e-05 4.88508e-05 2.17202 4.38587
191 3.81505e-05 1.39197e-05 1.19808e-05 4.88508e-05 2.17202 4.38587
192 1.93409e-05 4.50859e-05 1.19808e-05 4.88508e-05 2.17202 4.38587
193 8.38318e-05 1.2913e-05 1.19808e-05 4.88508e-05 2.17202 4.38587
194 2.18089e-05 6.99477e-05 1.19808e-05 4.88508e-05 2.17202 4.38587
195 2.35775e-05 1.85419e-05 1.19808e-05 4.88508e-05 2.17202 4.38587
196 2.52078e-05 4.22015e-05 1.19808e-05 4.88508e-05 2.17202 4.38587
197 4.45558e-05 1.33248e-05 1.19808e-05 4.88508e-05 2.17202 4.38587
198 2.29834e-05 2.01493e-05 1.19808e-05 4.88508e-05 2.17202 4.38587
199 6.03113e-05 1.36363e-05 1.19808e-05 4.88508e-05 2.17202 4.38587
200 2.20882e-05 1.77593e-05 1.19808e-05 4.88508e-05 2.17202 4.38587
201 4.2024e-05 1.17553e-05 1.19808e-05 4.88508e-05 2.17202 4.38587
202 2.17702e-05 2.58807e-05 1.17553e-05 4.92063e-05 2.15148 4.4018
203 5.09799e-05 1.93774e-05 1.17553e-05 4.92063e-05 2.15148 4.4018
204 2.24134e-05 1.53832e-05 1.17553e-05 4.92063e-05 2.15148 4.4018
205 2.81292e-05 7.97695e-05 1.17553e-05 4.92063e-05 2.15148 4.4018
206 3.45548e-05 1.09736e-05 1.17553e-05 4.92063e-05 2.15148 4.4018
207 1.98861e-05 1.12839e-05 1.09736e-05 4.7845e-05 2.07872 4.34049
208 2.74077e-05 1.2389e-05 1.12839e-05 4.7114e-05 2.1079 4.3072
209 5.53434e-05 1.32184e-05 1.12839e-05 4.7114e-05 2.1079 4.3072
210 1.81118e-05 1.16483e-05 1.12839e-05 4.7114e-05 2.1079 4.3072
211 2.21369e-05 0.000104465 1.12839e-05 4.7114e-05 2.1079 4.3072
212 4.11991e-05 1.24867e-05 1.12839e-05 4.7114e-05 2.1079 4.3072
213 2.23759e-05 2.97688e-05 1.12839e-05 4.7114e-05 2.1079 4.3072
214 4.01488e-05 1.82089e-05 1.12839e-05 4.7114e-05 2.1079 4.3072
215 2.25325e-05 0.000230348 1.12839e-05 4.7114e-05 2.1079 4.3072
216 9.04653e-05 1.13623e-05 1.12839e-05 4.7114e-05 2.1079 4.3072
217 2.20988e-05 1.29326e-05 1.12839e-05 4.7114e-05 2.1079 4.3072
218 6.23259e-05 2.00637e-05 1.12839e-05 4.7114e-05 2.1079 4.3072
219 2.19335e-05 6.47071e-05 1.12839e-05 4.7114e-05 2.1079 4.3072
220 2.64546e-05 2.26344e-05 1.12839e-05 4.7114e-05 2.1079 4.3072
221 2.79783e-05 1.13978e-05 1.12839e-05 4.7114e-05 2.1079 4.3072
222 3.33906e-05 1.11417e-05 1.12839e-05 4.7114e-05 2.1079 4.3072
223 1.84335e-05 1.14129e-05 1.12839e-05 4.7114e-05 2.1079 4.3072
224 2.29731e-05 1.12456e-05 1.12839e-05 4.7114e-05 2.1079 4.3072
225 3.81155e-05 2.18055e-05 1.12456e-05 4.67603e-05 2.10431 4.29101
226 1.72759e-05 1.94555e-05 1.12456e-05 4.67603e-05 2.10431 4.29101
227 2.23326e-05 1.89743e-05 1.12456e-05 4.67603e-05 2.10431 4.29101
228 4.20044e-05 2.78684e-05 1.12456e-05 4.67603e-05 2.10431 4.29101
229 2.20715e-05 1.09923e-05 1.12456e-05 4.67603e-05 2.10431 4.29101
230 4.47092e-05 1.14182e-05 1.09923e-05 4.60237e-05 2.08048 4.25707
231 1.86701e-05 1.71434e-05 1.09923e-05 4.60237e-05 2.08048 4.25707
232 4.4306e-05 1.5119e-05 1.09923e-05 4.60237e-05 2.08048 4.25707
233 1.87219e-05 2.24265e-05 1.09923e-05 4.60237e-05 2.08048 4.25707
234 3.27008e-05 1.69771e-05 1.09923e-05 4.60237e-05 2.08048 4.25707
235 2.0835e-05 1.5899e-05 1.09923e-05 4.60237e-05 2.08048 4.25707
236 2.77054e-05 2.04196e-05 1.09923e-05 4.60237e-05 2.08048 4.25707
237 3.30736e-05 1.1058e-05 1.09923e-05 4.60237e-05 2.08048 4.25707
238 2.12404e-05 2.44093e-05 1.09923e-05 4.60237e-05 2.08048 4.25707
239 2.74662e-05 1.15189e-05 1.09923e-05 4.60237e-05 2.08048 4.25707
240 2.24096e-05 1.18273e-05 1.09923e-05 4.60237e-05 2.08048 4.25707
241 4.13502e-05 1.09248e-05 1.09923e-05 4.60237e-05 2.08048 4.25707
242 2.08291e-05 1.17652e-05 1.09923e-05 4.60237e-05 2.08048 4.25707
243 2.52818e-05 1.89996e-05 1.09923e-05 4.60237e-05 2.08048 4.25707
244 2.2691e-05 1.40008e-05 1.09923e-05 4.60237e-05 2.08048 4.25707
245 4.07461e-05 1.18055e-05 1.09923e-05 4.60237e-05 2.08048 4.25707
246 1.6922e-05 2.33927e-05 1.09923e-05 4.60237e-05 2.08048 4.25707
247 5.40262e-05 1.26941e-05 1.09923e-05 4.60237e-05 2.08048 4.25707
248 1.77964e-05 1.28959e-05 1.09923e-05 4.60237e-05 2.08048 4.25707
249 3.79183e-05 1.26875e-05 1.09923e-05 4.60237e-05 2.08048 4.25707
250 2.07197e-05 1.0969e-05 1.09923e-05 4.60237e-05 2.08048 4.25707
251 4.80622e-05 2.524e-05 1.0969e-05 4.60115e-05 2.07828 4.25651
252 1.5355e-05 1.10897e-05 1.0969e-05 4.60115e-05 2.07828 4.25651
253 2.14825e-05 1.21908e-05 1.10897e-05 4.5701e-05 2.08968 4.24212
254 2.17077e-05 1.72169e-05 1.10897e-05 4.5701e-05 2.08968 4.24212
255 2.24154e-05 1.4838e-05 1.10897e-05 4.5701e-05 2.08968 4.24212
256 4.84928e-05 1.69719e-05 1.10897e-05 4.5701e-05 2.08968 4.24212
257 2.07351e-05 0.000100134 1.10897e-05 4.5701e-05 2.08968 4.24212
258 3.70588e-05 1.25777e-05 1.10897e-05 4.5701e-05 2.08968 4.24212
259 2.07581e-05 1.16305e-05 1.10897e-05 4.5701e-05 2.08968 4.24212
260 4.79193e-05 1.70797e-05 1.10897e-05 4.5701e-05 2.08968 4.24212
261 2.1917e-05 1.86914e-05 1.10897e-05 4.5701e-05 2.08968 4.24212
262 2.12997e-05 1.21111e-05 1.10897e-05 4.5701e-05 2.08968 4.24212
263 3.19103e-05 1.18167e-05 1.10897e-05 4.5701e-05 2.08968 4.24212
264 3.75691e-05 1.20422e-05 1.10897e-05 4.5701e-05 2.08968 4.24212
265 1.92901e-05 6.6945e-05 1.10897e-05 4.5701e-05 2.08968 4.24212
266 0.000124993 2.20457e-05 1.10897e-05 4.5701e-05 2.08968 4.24212
267 1.99868e-05 1.21665e-05 1.10897e-05 4.5701e-05 2.08968 4.24212
268 2.08405e-05 1.18469e-05 1.10897e-05 4.5701e-05 2.08968 4.24212
269 0.000138804 1.47859e-05 1.10897e-05 4.5701e-05 2.08968 4.24212
270 2.24393e-05 1.3726e-05 1.10897e-05 4.5701e-05 2.08968 4.24212
271 6.50306e-05 1.54237e-05 1.10897e-05 4.5701e-05 2.08968 4.24212
272 2.00932e-05 1.22693e-05 1.10897e-05 4.5701e-05 2.08968 4.24212
273 5.96031e-05 0.000116379 1.10897e-05 4.5701e-05 2.08968 4.24212
274 2.14937e-05 1.9671e-05 1.10897e-05 4.5701e-05 2.08968 4.24212
275 2.23933e-05 1.32469e-05 1.10897e-05 4.5701e-05 2.08968 4.24212
276 2.35735e-05 1.18304e-05 1.10897e-05 4.5701e-05 2.08968 4.24212
277 4.77495e-05 1.34565e-05 1.10897e-05 4.5701e-05 2.08968 4.24212
278 1.745e-05 1.62429e-05 1.10897e-05 4.5701e-05 2.08968 4.24212
279 0.000122793 1.7069e-05 1.10897e-05 4.5701e-05 2.08968 4.24212
280 2.08857e-05 1.28306e-05 1.10897e-05 4.5701e-05 2.08968 4.24212
281 2.11664e-05 3.63725e-05 1.10897e-05 4.5701e-05 2.08968 4.24212
282 5.49949e-05 1.30202e-05 1.10897e-05 4.5701e-05 2.08968 4.24212
283 2.09253e-05 1.33836e-05 1.10897e-05 4.5701e-05 2.08968 4.24212
284 0.00012268 1.25152e-05 1.10897e-05 4.5701e-05 2.08968 4.24212
285 2.03031e-05 1.4993e-05 1.10897e-05 4.5701e-05 2.08968 4.24212
286 4.98942e-05 1.43232e-05 1.10897e-05 4.5701e-05 2.08968 4.24212
287 1.5548e-05 1.28363e-05 1.10897e-05 4.5701e-05 2.08968 4.24212
288 2.0508e-05 5.14147e-05 1.10897e-05 4.5701e-05 2.08968 4.24212
289 2.84874e-05 1.09383e-05 1.10897e-05 4.5701e-05 2.08968 4.24212
290 1.80435e-05 1.33083e-05 1.09383e-05 4.56839e-05 2.07537 4.24133
291 8.31367e-05 3.0541e-05 1.09383e-05 4.56839e-05 2.07537 4.24133
292 2.12892e-05 1.50746e-05 1.09383e-05 4.56839e-05 2.07537 4.24133
293 2.71522e-05 1.46469e-05 1.09383e-05 4.56839e-05 2.07537 4.24133
294 1.93636e-05 3.88178e-05 1.09383e-05 4.56839e-05 2.07537 4.24133
295 6.94546e-05 3.00229e-05 1.09383e-05 4.56839e-05 2.07537 4.24133
296 2.08069e-05 1.33998e-05 1.09383e-05 4.56839e-05 2.07537 4.24133
297 8.87055e-05 1.59853e-05 1.09383e-05 4.56839e-05 2.07537 4.24133
298 2.01689e-05 2.106e-05 1.09383e-05 4.56839e-05 2.07537 4.24133
299 5.10241e-05 1.38976e-05 1.09383e-05 4.56839e-05 2.07537 4.24133
300 1.5867e-05 1.56986e-05 1.09383e-05 4.56839e-05 2.07537 4.24133
301 8.56401e-05 3.9797e-05 1.09383e-05 4.56839e-05 2.07537 4.24133
302 1.85342e-05 2.06123e-05 1.09383e-05 4.56839e-05 2.07537 4.24133
303 2.02455e-05 3.08651e-05 1.09383e-05 4.56839e-05 2.07537 4.24133
304 4.61699e-05 1.26035e-05 1.09383e-05 4.56839e-05 2.07537 4.24133
305 1.95388e-05 2.38059e-05 1.09383e-05 4.56839e-05 2.07537 4.24133
306 4.0231e-05 1.79841e-05 1.09383e-05 4.56839e-05 2.07537 4.24133
307 1.95083e-05 1.74829e-05 1.09383e-05 4.56839e-05 2.07537 4.24133
308 9.2135e-05 1.50159e-05 1.09383e-05 4.56839e-05 2.07537 4.24133
309 2.14525e-05 1.26819e-05 1.09383e-05 4.56839e-05 2.07537 4.24133
310 7.56086e-05 2.25504e-05 1.09383e-05 4.56839e-05 2.07537 4.24133
311 2.12069e-05 2.60287e-05 1.09383e-05 4.56839e-05 2.07537 4.24133
312 7.75714e-05 3.51528e-05 1.09383e-05 4.56839e-05 2.07537 4.24133
313 1.84488e-05 2.17909e-05 1.09383e-05 4.56839e-05 2.07537 4.24133
314 2.24174e-05 3.89339e-05 1.09383e-05 4.56839e-05 2.07537 4.24133
315 2.12464e-05 1.27106e-05 1.09383e-05 4.56839e-05 2.07537 4.24133
316 3.30787e-05 1.25338e-05 1.09383e-05 4.56839e-05 2.07537 4.24133
317 1.60486e-05 1.2117e-05 1.09383e-05 4.56839e-05 2.07537 4.24133
318 2.03545e-05 1.68111e-05 1.09383e-05 4.56839e-05 2.07537 4.24133
319 5.15426e-05 1.68033e-05 1.09383e-05 4.56839e-05 2.07537 4.24133
320 1.96021e-05 3.62268e-05 1.09383e-05 4.56839e-05 2.07537 4.24133
321 0.000105688 1.3846e-05 1.09383e-05 4.56839e-05 2.07537 4.24133
322 1.99989e-05 1.30018e-05 1.09383e-05 4.56839e-05 2.07537 4.24133
323 3.72167e-05 1.08653e-05 1.09383e-05 4.56839e-05 2.07537 4.24133
324 1.68032e-05 1.47232e-05 1.09383e-05 4.56839e-05 2.07537 4.24133
325 3.68854e-05 1.65908e-05 1.09383e-05 4.56839e-05 2.07537 4.24133
326 1.92647e-05 4.03431e-05 1.09383e-05 4.56839e-05 2.07537 4.24133
327 7.3138e-05 1.43845e-05 1.09383e-05 4.56839e-05 2.07537 4.24133
328 1.91463e-05 1.7117e-05 1.09383e-05 4.56839e-05 2.07537 4.24133
329 5.07323e-05 1.11811e-05 1.09383e-05 4.56839e-05 2.07537 4.24133
330 1.03263e-05 1.07535e-05 1.09383e-05 4.56839e-05 2.07537 4.24133
331 1.12375e-05 1.19851e-05 1.07535e-05 4.45748e-05 2.05776 4.18952
332 1.11655e-05 1.01243e-05 1.07535e-05 4.45748e-05 2.05776 4.18952
333 1.11089e-05 1.13319e-05 1.01243e-05 4.33567e-05 1.99666 4.13189
334 1.12157e-05 1.03701e-05 1.01243e-05 4.33567e-05 1.99666 4.13189
335 1.119e-05 1.22138e-05 1.01243e-05 4.33567e-05 1.99666 4.13189
336 1.10992e-05 2.57272e-05 1.01243e-05 4.33567e-05 1.99666 4.13189
337 1.11403e-05 9.98009e-06 1.01243e-05 4.33567e-05 1.99666 4.13189
338 1.10828e-05 1.0796e-05 9.98009e-06 4.24653e-05 1.98238 4.08919
339 1.11316e-05 1.0638e-05 9.98009e-06 4.24653e-05 1.98238 4.08919
340 1.12383e-05 1.17265e-05 9.98009e-06 4.24653e-05 1.98238 4.08919
341 1.11428e-05 1.5598e-05 9.98009e-06 4.24653e-05 1.98238 4.08919
342 1.12121e-05 1.10791e-05 9.98009e-06 4.24653e-05 1.98238 4.08919
343 1.11141e-05 1.00635e-05 9.98009e-06 4.24653e-05 1.98238 4.08919
344 1.13841e-05 9.602e-06 1.00635e-05 4.19291e-05 1.99065 4.06329
345 1.08444e-05 1.21066e-05 9.602e-06 4.20325e-05 1.94447 4.0683
346 1.11666e-05 1.04477e-05 9.602e-06 4.20325e-05 1.94447 4.0683
347 1.12658e-05 1.44975e-05 9.602e-06 4.20325e-05 1.94447 4.0683
348 1.10645e-05 1.08262e-05 9.602e-06 4.20325e-05 1.94447 4.0683
349 1.11213e-05 1.12764e-05 9.602e-06 4.20325e-05 1.94447 4.0683
350 1.11842e-05 1.06325e-05 9.602e-06 4.20325e-05 1.94447 4.0683
351 1.12208e-05 9.76589e-06 9.602e-06 4.20325e-05 1.94447 4.0683
352 1.10754e-05 9.81419e-06 9.76589e-06 4.13408e-05 1.96099 4.03469
353 1.10987e-05 1.13006e-05 9.81419e-06 4.11946e-05 1.96584 4.02754
354 1.11181e-05 9.97489e-06 9.81419e-06 4.11946e-05 1.96584 4.02754
355 1.11831e-05 1.06342e-05 9.81419e-06 4.11946e-05 1.96584 4.02754
356 1.12648e-05 1.26772e-05 9.81419e-06 4.11946e-05 1.96584 4.02754
357 1.11357e-05 9.41663e-06 9.81419e-06 4.11946e-05 1.96584 4.02754
358 1.1225e-05 1.03148e-05 9.41663e-06 4.10241e-05 1.92561 4.0192
359 1.11869e-05 1.19747e-05 9.41663e-06 4.10241e-05 1.92561 4.0192
360 1.11467e-05 9.72691e-06 9.41663e-06 4.10241e-05 1.92561 4.0192
361 1.11275e-05 2.86437e-05 9.41663e-06 4.10241e-05 1.92561 4.0192
362 1.1227e-05 1.33191e-05 9.41663e-06 4.10241e-05 1.92561 4.0192
363 1.12247e-05 1.70956e-05 9.41663e-06 4.10241e-05 1.92561 4.0192
364 1.11451e-05 1.11002e-05 9.41663e-06 4.10241e-05 1.92561 4.0192
365 1.12138e-05 9.63716e-06 9.41663e-06 4.10241e-05 1.92561 4.0192
366 1.11162e-05 2.97036e-05 9.41663e-06 4.10241e-05 1.92561 4.0192
367 1.14062e-05 9.64892e-06 9.41663e-06 4.10241e-05 1.92561 4.0192
368 1.13094e-05 9.79456e-06 9.64892e-06 4.05322e-05 1.94921 3.99503
369 1.11023e-05 1.14718e-05 9.64892e-06 4.05322e-05 1.94921 3.99503
370 1.11225e-05 9.75444e-06 9.64892e-06 4.05322e-05 1.94921 3.99503
371 1.11984e-05 1.05713e-05 9.64892e-06 4.05322e-05 1.94921 3.99503
372 1.11153e-05 1.16397e-05 9.64892e-06 4.05322e-05 1.94921 3.99503
373 1.1268e-05 1.67693e-05 9.64892e-06 4.05322e-05 1.94921 3.99503
374 1.1152e-05 1.18106e-05 9.64892e-06 4.05322e-05 1.94921 3.99503
375 1.12454e-05 1.32072e-05 9.64892e-06 4.05322e-05 1.94921 3.99503
376 1.13235e-05 1.00694e-05 9.64892e-06 4.05322e-05 1.94921 3.99503
377 1.09624e-05 9.48455e-06 9.64892e-06 4.05322e-05 1.94921 3.99503
378 1.14049e-05 1.30389e-05 9.48455e-06 4.03308e-05 1.93254 3.9851
379 1.12169e-05 1.05784e-05 9.48455e-06 4.03308e-05 1.93254 3.9851
380 1.123e-05 1.01296e-05 9.48455e-06 4.03308e-05 1.93254 3.9851
381 1.11292e-05 9.90255e-06 9.48455e-06 4.03308e-05 1.93254 3.9851
382 1.12435e-05 2.00386e-05 9.48455e-06 4.03308e-05 1.93254 3.9851
383 1.12277e-05 1.00185e-05 9.48455e-06 4.03308e-05 1.93254 3.9851
384 1.11813e-05 1.3764e-05 9.48455e-06 4.03308e-05 1.93254 3.9851
385 1.1214e-05 9.44812e-06 9.48455e-06 4.03308e-05 1.93254 3.9851
386 1.16192e-05 9.51541e-06 9.44812e-06 3.99729e-05 1.92883 3.96737
387 1.08905e-05 9.23639e-06 9.44812e-06 3.99729e-05 1.92883 3.96737
388 1.12725e-05 9.44751e-06 9.23639e-06 4.00496e-05 1.90709 3.97118
389 1.13036e-05 9.7071e-06 9.23639e-06 4.00496e-05 1.90709 3.97118
390 1.12104e-05 1.40387e-05 9.23639e-06 4.00496e-05 1.90709 3.97118
391 1.13952e-05 9.57208e-06 9.23639e-06 4.00496e-05 1.90709 3.97118
392 1.13353e-05 9.67713e-06 9.23639e-06 4.00496e-05 1.90709 3.97118
393 1.11118e-05 1.7232e-05 9.23639e-06 4.00496e-05 1.90709 3.97118
394 1.13084e-05 1.07868e-05 9.23639e-06 4.00496e-05 1.90709 3.97118
395 1.11849e-05 1.34828e-05 9.23639e-06 4.00496e-05 1.90709 3.97118
396 1.13019e-05 1.52795e-05 9.23639e-06 4.00496e-05 1.90709 3.97118
397 1.11769e-05 1.61903e-05 9.23639e-06 4.00496e-05 1.90709 3.97118
398 1.16636e-05 9.6174e-06 9.23639e-06 4.00496e-05 1.90709 3.97118
399 1.09689e-05 1.47517e-05 9.23639e-06 4.00496e-05 1.90709 3.97118
400 1.12189e-05 1.48312e-05 9.23639e-06 4.00496e-05 1.90709 3.97118
401 1.13137e-05 9.49321e-06 9.23639e-06 4.00496e-05 1.90709 3.97118
402 1.13578e-05 1.02198e-05 9.23639e-06 4.00496e-05 1.90709 3.97118
403 1.11504e-05 9.74321e-06 9.23639e-06 4.00496e-05 1.90709 3.97118
404 1.13819e-05 1.33206e-05 9.23639e-06 4.00496e-05 1.90709 3.97118
405 1.11519e-05 9.52525e-06 9.23639e-06 4.00496e-05 1.90709 3.97118
406 1.133e-05 1.35248e-05 9.23639e-06 4.00496e-05 1.90709 3.97118
407 1.12616e-05 9.46791e-06 9.23639e-06 4.00496e-05 1.90709 3.97118
408 1.11903e-05 9.94397e-06 9.23639e-06 4.00496e-05 1.90709 3.97118
409 1.14232e-05 1.04319e-05 9.23639e-06 4.00496e-05 1.90709 3.97118
410 1.11636e-05 3.03418e-05 9.23639e-06 4.00496e-05 1.90709 3.97118
411 1.13949e-05 1.01812e-05 9.23639e-06 4.00496e-05 1.90709 3.97118
412 1.1285e-05 9.83929e-06 9.23639e-06 4.00496e-05 1.90709 3.97118
413 1.12961e-05 9.4632e-06 9.23639e-06 4.00496e-05 1.90709 3.97118
414 1.14002e-05 1.02186e-05 9.4632e-06 3.93508e-05 1.93036 3.93638
415 1.12073e-05 1.97008e-05 9.4632e-06 3.93508e-05 1.93036 3.93638
416 1.12517e-05 1.30821e-05 9.4632e-06 3.93508e-05 1.93036 3.93638
417 1.13376e-05 1.46218e-05 9.4632e-06 3.93508e-05 1.93036 3.93638
418 1.12096e-05 1.19803e-05 9.4632e-06 3.93508e-05 1.93036 3.93638
419 1.13439e-05 1.04686e-05 9.4632e-06 3.93508e-05 1.93036 3.93638
420 1.12878e-05 1.06678e-05 9.4632e-06 3.93508e-05 1.93036 3.93638
421 1.13137e-05 1.121e-05 9.4632e-06 3.93508e-05 1.93036 3.93638
422 1.13104e-05 1.3864e-05 9.4632e-06 3.93508e-05 1.93036 3.93638
423 1.13401e-05 1.25949e-05 9.4632e-06 3.93508e-05 1.93036 3.93638
424 1.155e-05 9.41762e-06 9.4632e-06 3.93508e-05 1.93036 3.93638
425 1.12039e-05 0.000115443 9.41762e-06 3.93016e-05 1.92571 3.93392
426 1.13508e-05 3.06092e-05 9.41762e-06 3.93016e-05 1.92571 3.93392
427 1.13114e-05 1.0873e-05 9.41762e-06 3.93016e-05 1.92571 3.93392
428 1.1336e-05 9.65709e-06 9.41762e-06 3.93016e-05 1.92571 3.93392
429 1.1417e-05 2.27658e-05 9.41762e-06 3.93016e-05 1.92571 3.93392
430 1.14951e-05 9.53375e-06 9.41762e-06 3.93016e-05 1.92571 3.93392
431 1.11221e-05 1.14047e-05 9.41762e-06 3.93016e-05 1.92571 3.93392
432 1.12755e-05 1.46549e-05 9.41762e-06 3.93016e-05 1.92571 3.93392
433 1.13326e-05 9.4484e-06 9.41762e-06 3.93016e-05 1.92571 3.93392
434 1.13493e-05 9.84765e-06 9.4484e-06 3.91191e-05 1.92885 3.92478
435 1.14304e-05 1.00987e-05 9.4484e-06 3.91191e-05 1.92885 3.92478
436 1.12914e-05 9.55407e-06 9.4484e-06 3.91191e-05 1.92885 3.92478
437 1.1252e-05 9.26459e-06 9.4484e-06 3.91191e-05 1.92885 3.92478
438 1.13516e-05 2.61552e-05 9.26459e-06 3.91845e-05 1.91 3.92805
439 1.13624e-05 2.52741e-05 9.26459e-06 3.91845e-05 1.91 3.92805
440 1.15794e-05 1.32565e-05 9.26459e-06 3.91845e-05 1.91 3.92805
441 1.12159e-05 1.07522e-05 9.26459e-06 3.91845e-05 1.91 3.92805
442 1.14497e-05 9.89796e-06 9.26459e-06 3.91845e-05 1.91 3.92805
443 1.13323e-05 9.49593e-06 9.26459e-06 3.91845e-05 1.91 3.92805
444 1.14463e-05 1.267e-05 9.26459e-06 3.91845e-05 1.91 3.92805
445 1.14305e-05 1.0687e-05 9.26459e-06 3.91845e-05 1.91 3.92805
446 1.11309e-05 2.97e-05 9.26459e-06 3.91845e-05 1.91 3.92805
447 1.13246e-05 1.22363e-05 9.26459e-06 3.91845e-05 1.91 3.92805
448 1.14173e-05 1.16338e-05 9.26459e-06 3.91845e-05 1.91 3.92805
449 1.12673e-05 9.66524e-06 9.26459e-06 3.91845e-05 1.91 3.92805
450 1.14037e-05 9.93482e-06 9.26459e-06 3.91845e-05 1.91 3.92805
451 1.14308e-05 1.37241e-05 9.26459e-06 3.91845e-05 1.91 3.92805
452 1.14598e-05 1.09627e-05 9.26459e-06 3.91845e-05 1.91 3.92805
453 1.13981e-05 1.22181e-05 9.26459e-06 3.91845e-05 1.91 3.92805
454 1.13889e-05 1.18483e-05 9.26459e-06 3.91845e-05 1.91 3.92805
455 1.15711e-05 1.33283e-05 9.26459e-06 3.91845e-05 1.91 3.92805
456 1.11351e-05 1.05304e-05 9.26459e-06 3.91845e-05 1.91 3.92805
457 1.14715e-05 9.21844e-06 9.26459e-06 3.91845e-05 1.91 3.92805
458 1.17178e-05 9.17852e-06 9.21844e-06 3.88593e-05 1.90524 3.91172
459 1.09628e-05 1.19812e-05 9.17852e-06 3.86175e-05 1.90111 3.89953
460 1.14205e-05 9.5934e-06 9.17852e-06 3.86175e-05 1.90111 3.89953
461 1.13513e-05 9.88723e-06 9.17852e-06 3.86175e-05 1.90111 3.89953
462 1.16935e-05 5.7959e-05 9.17852e-06 3.86175e-05 1.90111 3.89953
463 1.14361e-05 9.06795e-06 9.17852e-06 3.86175e-05 1.90111 3.89953
464 1.12174e-05 2.85664e-05 9.06795e-06 3.87048e-05 1.88962 3.90394
465 1.14463e-05 1.00717e-05 9.06795e-06 3.87048e-05 1.88962 3.90394
466 1.13779e-05 1.09695e-05 9.06795e-06 3.87048e-05 1.88962 3.90394
467 1.13671e-05 1.00975e-05 9.06795e-06 3.87048e-05 1.88962 3.90394
468 1.1363e-05 1.64212e-05 9.06795e-06 3.87048e-05 1.88962 3.90394
469 1.14637e-05 1.9801e-05 9.06795e-06 3.87048e-05 1.88962 3.90394
470 1.15665e-05 9.74726e-06 9.06795e-06 3.87048e-05 1.88962 3.90394
471 1.14463e-05 9.39357e-06 9.06795e-06 3.87048e-05 1.88962 3.90394
472 1.12582e-05 9.83471e-06 9.06795e-06 3.87048e-05 1.88962 3.90394
473 1.1782e-05 9.16586e-06 9.06795e-06 3.87048e-05 1.88962 3.90394
474 1.10127e-05 1.2486e-05 9.16586e-06 3.85061e-05 1.8998 3.8939
475 1.13659e-05 9.28948e-06 9.16586e-06 3.85061e-05 1.8998 3.8939
476 1.16764e-05 9.49011e-06 9.16586e-06 3.85061e-05 1.8998 3.8939
477 1.1681e-05 1.50688e-05 9.16586e-06 3.85061e-05 1.8998 3.8939
478 1.104e-05 1.56979e-05 9.16586e-06 3.85061e-05 1.8998 3.8939
479 1.18072e-05 9.7659e-06 9.16586e-06 3.85061e-05 1.8998 3.8939
480 1.13753e-05 1.18012e-05 9.16586e-06 3.85061e-05 1.8998 3.8939
481 1.14481e-05 9.5328e-06 9.16586e-06 3.85061e-05 1.8998 3.8939
482 1.14495e-05 9.12214e-06 9.16586e-06 3.85061e-05 1.8998 3.8939
483 1.13949e-05 9.56411e-06 9.12214e-06 3.84197e-05 1.89526 3.88953
484 1.13759e-05 1.26594e-05 9.12214e-06 3.84197e-05 1.89526 3.88953
485 1.14139e-05 1.2592e-05 9.12214e-06 3.84197e-05 1.89526 3.88953
486 1.15468e-05 9.41581e-06 9.12214e-06 3.84197e-05 1.89526 3.88953
487 1.12627e-05 1.13076e-05 9.12214e-06 3.84197e-05 1.89526 3.88953
488 1.13652e-05 9.2464e-06 9.12214e-06 3.84197e-05 1.89526 3.88953
489 1.1455e-05 2.24779e-05 9.12214e-06 3.84197e-05 1.89526 3.88953
490 1.15028e-05 9.21417e-06 9.12214e-06 3.84197e-05 1.89526 3.88953
491 1.13649e-05 1.39602e-05 9.12214e-06 3.84197e-05 1.89526 3.88953
492 1.1475e-05 1.00494e-05 9.12214e-06 3.84197e-05 1.89526 3.88953
493 1.12573e-05 2.13912e-05 9.12214e-06 3.84197e-05 1.89526 3.88953
494 1.13921e-05 3.09082e-05 9.12214e-06 3.84197e-05 1.89526 3.88953
495 1.14005e-05 9.14185e-06 9.12214e-06 3.84197e-05 1.89526 3.88953
496 1.14615e-05 1.00587e-05 9.12214e-06 3.84197e-05 1.89526 3.88953
497 1.1343e-05 1.21863e-05 9.12214e-06 3.84197e-05 1.89526 3.88953
498 1.19099e-05 9.42285e-06 9.12214e-06 3.84197e-05 1.89526 3.88953
499 1.10101e-05 9.44036e-06 9.12214e-06 3.84197e-05 1.89526 3.88953
500 1.12788e-05 1.24133e-05 9.12214e-06 3.84197e-05 1.89526 3.88953
501 1.17428e-05 9.41085e-06 9.12214e-06 3.84197e-05 1.89526 3.88953
502 1.11856e-05 9.42011e-06 9.12214e-06 3.84197e-05 1.89526 3.88953
503 1.13426e-05 1.14737e-05 9.12214e-06 3.84197e-05 1.89526 3.88953
504 1.14953e-05 2.46553e-05 9.12214e-06 3.84197e-05 1.89526 3.88953
505 1.12976e-05 1.38354e-05 9.12214e-06 3.84197e-05 1.89526 3.88953
506 1.1461e-05 9.62022e-06 9.12214e-06 3.84197e-05 1.89526 3.88953
507 1.1431e-05 9.45287e-06 9.12214e-06 3.84197e-05 1.89526 3.88953
508 1.143e-05 9.64009e-06 9.12214e-06 3.84197e-05 1.89526 3.88953
509 1.14266e-05 2.62754e-05 9.12214e-06 3.84197e-05 1.89526 3.88953
510 1.13618e-05 1.84991e-05 9.12214e-06 3.84197e-05 1.89526 3.88953
511 1.12953e-05 1.03133e-05 9.12214e-06 3.84197e-05 1.89526 3.88953
512 1.14195e-05 9.46563e-06 9.12214e-06 3.84197e-05 1.89526 3.88953
513 1.13783e-05 1.26373e-05 9.12214e-06 3.84197e-05 1.89526 3.88953
514 1.15404e-05 1.30004e-05 9.12214e-06 3.84197e-05 1.89526 3.88953
515 1.13431e-05 1.13864e-05 9.12214e-06 3.84197e-05 1.89526 3.88953
516 1.17291e-05 9.18689e-06 9.12214e-06 3.84197e-05 1.89526 3.88953
517 1.11742e-05 1.76866e-05 9.18689e-06 3.81482e-05 1.90197 3.87576
518 1.14199e-05 9.34479e-06 9.18689e-06 3.81482e-05 1.90197 3.87576
519 1.14418e-05 1.70686e-05 9.18689e-06 3.81482e-05 1.90197 3.87576
520 1.15302e-05 9.94445e-06 9.18689e-06 3.81482e-05 1.90197 3.87576
521 1.1228e-05 1.00644e-05 9.18689e-06 3.81482e-05 1.90197 3.87576
522 1.13651e-05 1.24581e-05 9.18689e-06 3.81482e-05 1.90197 3.87576
523 1.14425e-05 9.60616e-06 9.18689e-06 3.81482e-05 1.90197 3.87576
524 1.15009e-05 1.41194e-05 9.18689e-06 3.81482e-05 1.90197 3.87576
525 1.14535e-05 9.6624e-06 9.18689e-06 3.81482e-05 1.90197 3.87576
526 1.12957e-05 1.62004e-05 9.18689e-06 3.81482e-05 1.90197 3.87576
527 1.21885e-05 2.57105e-05 9.18689e-06 3.81482e-05 1.90197 3.87576
528 1.15728e-05 1.17281e-05 9.18689e-06 3.81482e-05 1.90197 3.87576
529 1.13313e-05 9.64141e-06 9.18689e-06 3.81482e-05 1.90197 3.87576
530 1.1304e-05 9.51045e-06 9.18689e-06 3.81482e-05 1.90197 3.87576
531 1.1656e-05 1.85953e-05 9.18689e-06 3.81482e-05 1.90197 3.87576
532 1.12939e-05 1.2029e-05 9.18689e-06 3.81482e-05 1.90197 3.87576
533 1.14359e-05 9.35093e-06 9.18689e-06 3.81482e-05 1.90197 3.87576
534 1.14289e-05 1.70099e-05 9.18689e-06 3.81482e-05 1.90197 3.87576
535 1.13762e-05 1.56373e-05 9.18689e-06 3.81482e-05 1.90197 3.87576
536 1.38801e-05 9.30786e-06 9.18689e-06 3.81482e-05 1.90197 3.87576
537 1.04026e-05 1.00626e-05 9.18689e-06 3.81482e-05 1.90197 3.87576
538 1.14058e-05 1.01608e-05 9.18689e-06 3.81482e-05 1.90197 3.87576
539 1.21168e-05 1.01803e-05 9.18689e-06 3.81482e-05 1.90197 3.87576
540 1.08163e-05 1.24753e-05 9.18689e-06 3.81482e-05 1.90197 3.87576
541 1.1861e-05 9.1562e-06 9.18689e-06 3.81482e-05 1.90197 3.87576
542 1.10399e-05 1.04684e-05 9.18689e-06 3.81482e-05 1.90197 3.87576
543 1.14417e-05 1.06804e-05 9.18689e-06 3.81482e-05 1.90197 3.87576
544 1.18893e-05 9.22238e-06 9.18689e-06 3.81482e-05 1.90197 3.87576
545 1.10096e-05 1.05209e-05 9.18689e-06 3.81482e-05 1.90197 3.87576
546 1.13793e-05 1.78609e-05 9.18689e-06 3.81482e-05 1.90197 3.87576
547 1.14204e-05 1.42993e-05 9.18689e-06 3.81482e-05 1.90197 3.87576
548 1.15361e-05 9.18326e-06 9.18689e-06 3.81482e-05 1.90197 3.87576
549 1.12295e-05 1.26663e-05 9.18689e-06 3.81482e-05 1.90197 3.87576
550 1.15806e-05 9.12595e-06 9.18689e-06 3.81482e-05 1.90197 3.87576
551 1.13251e-05 9.95945e-06 9.12595e-06 3.79733e-05 1.89565 3.86687
552 1.13077e-05 1.21933e-05 9.12595e-06 3.79733e-05 1.89565 3.86687
553 1.13819e-05 1.20681e-05 9.12595e-06 3.79733e-05 1.89565 3.86687
554 1.15602e-05 1.04961e-05 9.12595e-06 3.79733e-05 1.89565 3.86687
555 1.12553e-05 9.63346e-06 9.12595e-06 3.79733e-05 1.89565 3.86687
556 1.1286e-05 1.26379e-05 9.12595e-06 3.79733e-05 1.89565 3.86687
557 1.14223e-05 9.59117e-06 9.12595e-06 3.79733e-05 1.89565 3.86687
558 1.12994e-05 1.08232e-05 9.12595e-06 3.79733e-05 1.89565 3.86687
559 1.14452e-05 1.0627e-05 9.12595e-06 3.79733e-05 1.89565 3.86687
560 1.16043e-05 1.03153e-05 9.12595e-06 3.79733e-05 1.89565 3.86687
561 1.13454e-05 1.03906e-05 9.12595e-06 3.79733e-05 1.89565 3.86687
562 1.13253e-05 5.47633e-05 9.12595e-06 3.79733e-05 1.89565 3.86687
563 1.13905e-05 9.3966e-06 9.12595e-06 3.79733e-05 1.89565 3.86687
564 1.14139e-05 1.63052e-05 9.12595e-06 3.79733e-05 1.89565 3.86687
565 1.14456e-05 1.07479e-05 9.12595e-06 3.79733e-05 1.89565 3.86687
566 1.17225e-05 9.20531e-06 9.12595e-06 3.79733e-05 1.89565 3.86687
567 1.11025e-05 9.29654e-06 9.12595e-06 3.79733e-05 1.89565 3.86687
568 1.14795e-05 1.11271e-05 9.12595e-06 3.79733e-05 1.89565 3.86687
569 1.16193e-05 9.68857e-06 9.12595e-06 3.79733e-05 1.89565 3.86687
570 1.12956e-05 1.1176e-05 9.12595e-06 3.79733e-05 1.89565 3.86687
571 1.14569e-05 9.36112e-06 9.12595e-06 3.79733e-05 1.89565 3.86687
572 1.16819e-05 1.9492e-05 9.12595e-06 3.79733e-05 1.89565 3.86687
573 1.1311e-05 1.09841e-05 9.12595e-06 3.79733e-05 1.89565 3.86687
574 1.1415e-05 1.43591e-05 9.12595e-06 3.79733e-05 1.89565 3.86687
575 1.13468e-05 1.01999e-05 9.12595e-06 3.79733e-05 1.89565 3.86687
576 1.1437e-05 1.53652e-05 9.12595e-06 3.79733e-05 1.89565 3.86687
577 1.13112e-05 2.58512e-05 9.12595e-06 3.79733e-05 1.89565 3.86687
578 1.14161e-05 9.60301e-06 9.12595e-06 3.79733e-05 1.89565 3.86687
579 1.1451e-05 1.07097e-05 9.12595e-06 3.79733e-05 1.89565 3.86687
580 1.1453e-05 9.58784e-06 9.12595e-06 3.79733e-05 1.89565 3.86687
581 1.17783e-05 1.04232e-05 9.12595e-06 3.79733e-05 1.89565 3.86687
582 1.14647e-05 9.15884e-06 9.12595e-06 3.79733e-05 1.89565 3.86687
583 1.17277e-05 1.08361e-05 9.12595e-06 3.79733e-05 1.89565 3.86687
584 1.10479e-05 9.57985e-06 9.12595e-06 3.79733e-05 1.89565 3.86687
585 1.16425e-05 1.02814e-05 9.12595e-06 3.79733e-05 1.89565 3.86687
586 1.1176e-05 9.12754e-06 9.12595e-06 3.79733e-05 1.89565 3.86687
587 1.14487e-05 1.06644e-05 9.12595e-06 3.79733e-05 1.89565 3.86687
588 1.14513e-05 2.54483e-05 9.12595e-06 3.79733e-05 1.89565 3.86687
589 1.13698e-05 9.17497e-06 9.12595e-06 3.79733e-05 1.89565 3.86687
590 1.17398e-05 1.48784e-05 9.12595e-06 3.79733e-05 1.89565 3.86687
591 7.67619e-06 8.74098e-06 9.12595e-06 3.79733e-05 1.89565 3.86687
592 7.98626e-06 9.29921e-06 8.74098e-06 3.72466e-05 1.85524 3.82969
593 7.99913e-06 8.64708e-06 8.74098e-06 3.72466e-05 1.85524 3.82969
594 8.03573e-06 1.03465e-05 8.64708e-06 3.72152e-05 1.84525 3.82808
595 8.01224e-06 9.51782e-06 8.64708e-06 3.72152e-05 1.84525 3.82808
596 8.01381e-06 1.06658e-05 8.64708e-06 3.72152e-05 1.84525 3.82808
597 7.991e-06 8.7045e-06 8.64708e-06 3.72152e-05 1.84525 3.82808
598 8.03322e-06 1.11933e-05 8.64708e-06 3.72152e-05 1.84525 3.82808
599 8.03677e-06 8.78751e-06 8.64708e-06 3.72152e-05 1.84525 3.82808
600 8.02474e-06 9.45881e-06 8.64708e-06 3.72152e-05 1.84525 3.82808
601 8.02424e-06 1.03724e-05 8.64708e-06 3.72152e-05 1.84525 3.82808
602 8.04289e-06 8.81644e-06 8.64708e-06 3.72152e-05 1.84525 3.82808
603 8.0565e-06 1.2509e-05 8.64708e-06 3.72152e-05 1.84525 3.82808
604 8.07305e-06 8.97617e-06 8.64708e-06 3.72152e-05 1.84525 3.82808
605 8.03501e-06 1.22246e-05 8.64708e-06 3.72152e-05 1.84525 3.82808
606 8.0701e-06 9.18746e-06 8.64708e-06 3.72152e-05 1.84525 3.82808
607 8.06262e-06 9.36828e-06 8.64708e-06 3.72152e-05 1.84525 3.82808
608 8.05406e-06 1.00358e-05 8.64708e-06 3.72152e-05 1.84525 3.82808
609 8.07288e-06 8.74002e-06 8.64708e-06 3.72152e-05 1.84525 3.82808
610 8.0924e-06 9.2014e-06 8.74002e-06 3.66518e-05 1.85514 3.79899
611 8.07606e-06 1.14855e-05 8.74002e-06 3.66518e-05 1.85514 3.79899
612 8.08425e-06 9.54916e-06 8.74002e-06 3.66518e-05 1.85514 3.79899
613 8.10574e-06 8.53685e-06 8.74002e-06 3.66518e-05 1.85514 3.79899
614 8.10489e-06 9.28873e-06 8.53685e-06 3.64932e-05 1.83345 3.79076
615 8.12309e-06 1.3437e-05 8.53685e-06 3.64932e-05 1.83345 3.79076
616 8.09886e-06 8.97768e-06 8.53685e-06 3.64932e-05 1.83345 3.79076
617 8.11983e-06 9.78222e-06 8.53685e-06 3.64932e-05 1.83345 3.79076
618 8.10789e-06 1.01609e-05 8.53685e-06 3.64932e-05 1.83345 3.79076
619 8.14286e-06 9.11841e-06 8.53685e-06 3.64932e-05 1.83345 3.79076
620 8.11779e-06 8.58901e-06 8.53685e-06 3.64932e-05 1.83345 3.79076
621 8.12842e-06 9.9444e-06 8.53685e-06 3.64932e-05 1.83345 3.79076
622 8.18646e-06 1.03116e-05 8.53685e-06 3.64932e-05 1.83345 3.79076
623 8.12754e-06 1.04739e-05 8.53685e-06 3.64932e-05 1.83345 3.79076
624 8.17244e-06 1.09515e-05 8.53685e-06 3.64932e-05 1.83345 3.79076
625 8.16277e-06 9.1839e-06 8.53685e-06 3.64932e-05 1.83345 3.79076
626 8.17013e-06 8.71589e-06 8.53685e-06 3.64932e-05 1.83345 3.79076
627 8.20192e-06 1.43552e-05 8.53685e-06 3.64932e-05 1.83345 3.79076
628 8.15701e-06 9.56155e-06 8.53685e-06 3.64932e-05 1.83345 3.79076
629 8.17549e-06 9.74224e-06 8.53685e-06 3.64932e-05 1.83345 3.79076
630 8.17718e-06 9.01139e-06 8.53685e-06 3.64932e-05 1.83345 3.79076
631 8.18473e-06 9.874e-06 8.53685e-06 3.64932e-05 1.83345 3.79076
632 8.19783e-06 1.24944e-05 8.53685e-06 3.64932e-05 1.83345 3.79076
633 8.16342e-06 1.01538e-05 8.53685e-06 3.64932e-05 1.83345 3.79076
634 8.18818e-06 9.197e-06 8.53685e-06 3.64932e-05 1.83345 3.79076
635 8.22749e-06 1.08051e-05 8.53685e-06 3.64932e-05 1.83345 3.79076
636 8.16002e-06 1.11504e-05 8.53685e-06 3.64932e-05 1.83345 3.79076
637 8.22884e-06 8.71653e-06 8.53685e-06 3.64932e-05 1.83345 3.79076
638 8.20649e-06 8.6074e-06 8.53685e-06 3.64932e-05 1.83345 3.79076
639 8.22239e-06 9.34325e-06 8.6074e-06 3.61752e-05 1.84101 3.77421
640 8.20663e-06 1.04364e-05 8.6074e-06 3.61752e-05 1.84101 3.77421
641 8.2256e-06 9.24432e-06 8.6074e-06 3.61752e-05 1.84101 3.77421
642 8.21005e-06 9.29237e-06 8.6074e-06 3.61752e-05 1.84101 3.77421
643 8.26182e-06 9.13278e-06 8.6074e-06 3.61752e-05 1.84101 3.77421
644 8.21626e-06 1.09181e-05 8.6074e-06 3.61752e-05 1.84101 3.77421
645 8.26507e-06 8.81973e-06 8.6074e-06 3.61752e-05 1.84101 3.77421
646 8.23037e-06 8.89095e-06 8.6074e-06 3.61752e-05 1.84101 3.77421
647 8.28144e-06 1.09954e-05 8.6074e-06 3.61752e-05 1.84101 3.77421
648 8.20522e-06 9.61957e-06 8.6074e-06 3.61752e-05 1.84101 3.77421
649 8.24613e-06 8.85747e-06 8.6074e-06 3.61752e-05 1.84101 3.77421
650 8.24703e-06 1.58007e-05 8.6074e-06 3.61752e-05 1.84101 3.77421
651 8.27379e-06 1.00571e-05 8.6074e-06 3.61752e-05 1.84101 3.77421
652 8.20777e-06 8.60495e-06 8.6074e-06 3.61752e-05 1.84101 3.77421
653 8.31225e-06 8.71733e-06 8.60495e-06 3.60329e-05 1.84075 3.76678
654 8.24287e-06 8.76975e-06 8.60495e-06 3.60329e-05 1.84075 3.76678
655 8.29522e-06 1.40702e-05 8.60495e-06 3.60329e-05 1.84075 3.76678
656 8.30286e-06 8.68673e-06 8.60495e-06 3.60329e-05 1.84075 3.76678
657 8.2783e-06 1.23531e-05 8.60495e-06 3.60329e-05 1.84075 3.76678
658 8.26511e-06 1.10529e-05 8.60495e-06 3.60329e-05 1.84075 3.76678
659 8.28885e-06 9.11998e-06 8.60495e-06 3.60329e-05 1.84075 3.76678
660 8.29577e-06 8.99347e-06 8.60495e-06 3.60329e-05 1.84075 3.76678
661 8.29019e-06 9.17708e-06 8.60495e-06 3.60329e-05 1.84075 3.76678
662 8.30156e-06 9.08069e-06 8.60495e-06 3.60329e-05 1.84075 3.76678
663 8.27634e-06 1.04728e-05 8.60495e-06 3.60329e-05 1.84075 3.76678
664 8.3212e-06 9.08324e-06 8.60495e-06 3.60329e-05 1.84075 3.76678
665 8.3154e-06 9.40306e-06 8.60495e-06 3.60329e-05 1.84075 3.76678
666 8.28478e-06 1.0443e-05 8.60495e-06 3.60329e-05 1.84075 3.76678
667 8.2908e-06 1.03623e-05 8.60495e-06 3.60329e-05 1.84075 3.76678
668 8.30679e-06 9.10903e-06 8.60495e-06 3.60329e-05 1.84075 3.76678
669 8.305e-06 9.14722e-06 8.60495e-06 3.60329e-05 1.84075 3.76678
670 8.33182e-06 1.32447e-05 8.60495e-06 3.60329e-05 1.84075 3.76678
671 8.352e-06 1.2353e-05 8.60495e-06 3.60329e-05 1.84075 3.76678
672 8.34492e-06 9.2926e-06 8.60495e-06 3.60329e-05 1.84075 3.76678
673 8.32612e-06 1.75025e-05 8.60495e-06 3.60329e-05 1.84075 3.76678
674 8.36447e-06 9.46334e-06 8.60495e-06 3.60329e-05 1.84075 3.76678
675 8.35474e-06 9.24826e-06 8.60495e-06 3.60329e-05 1.84075 3.76678
676 8.29489e-06 8.66472e-06 8.60495e-06 3.60329e-05 1.84075 3.76678
677 8.30323e-06 1.48424e-05 8.60495e-06 3.60329e-05 1.84075 3.76678
678 8.33561e-06 9.05439e-06 8.60495e-06 3.60329e-05 1.84075 3.76678
679 8.32181e-06 1.13987e-05 8.60495e-06 3.60329e-05 1.84075 3.76678
680 8.40578e-06 8.96723e-06 8.60495e-06 3.60329e-05 1.84075 3.76678
681 8.32103e-06 8.92328e-06 8.60495e-06 3.60329e-05 1.84075 3.76678
682 8.35219e-06 8.73598e-06 8.60495e-06 3.60329e-05 1.84075 3.76678
683 8.35926e-06 8.87419e-06 8.60495e-06 3.60329e-05 1.84075 3.76678
684 8.33456e-06 1.34049e-05 8.60495e-06 3.60329e-05 1.84075 3.76678
685 8.36747e-06 1.1444e-05 8.60495e-06 3.60329e-05 1.84075 3.76678
686 8.36043e-06 9.24257e-06 8.60495e-06 3.60329e-05 1.84075 3.76678
687 8.38801e-06 8.87623e-06 8.60495e-06 3.60329e-05 1.84075 3.76678
688 8.35065e-06 9.44384e-06 8.60495e-06 3.60329e-05 1.84075 3.76678
689 8.35596e-06 9.40097e-06 8.60495e-06 3.60329e-05 1.84075 3.76678
690 8.4412e-06 9.30726e-06 8.60495e-06 3.60329e-05 1.84075 3.76678
691 8.32665e-06 9.03932e-06 8.60495e-06 3.60329e-05 1.84075 3.76678
692 8.40196e-06 1.38621e-05 8.60495e-06 3.60329e-05 1.84075 3.76678
693 6.89758e-06 8.2968e-06 8.60495e-06 3.60329e-05 1.84075 3.76678
694 7.02305e-06 8.39297e-06 8.2968e-06 3.55156e-05 1.80749 3.73964
695 6.99419e-06 8.28778e-06 8.2968e-06 3.55156e-05 1.80749 3.73964
696 7.01412e-06 9.77716e-06 8.28778e-06 3.55037e-05 1.80651 3.73901
697 7.02595e-06 8.49998e-06 8.28778e-06 3.55037e-05 1.80651 3.73901
698 7.02539e-06 8.60611e-06 8.28778e-06 3.55037e-05 1.80651 3.73901
699 7.03498e-06 8.60378e-06 8.28778e-06 3.55037e-05 1.80651 3.73901
700 7.02548e-06 8.47801e-06 8.28778e-06 3.55037e-05 1.80651 3.73901
701 7.03179e-06 9.21505e-06 8.28778e-06 3.55037e-05 1.80651 3.73901
702 7.03364e-06 8.3239e-06 8.28778e-06 3.55037e-05 1.80651 3.73901
703 7.02431e-06 8.71678e-06 8.3239e-06 3.54055e-05 1.81044 3.73384
704 7.03813e-06 8.40655e-06 8.3239e-06 3.54055e-05 1.81044 3.73384
705 7.05676e-06 9.98893e-06 8.3239e-06 3.54055e-05 1.81044 3.73384
706 7.0385e-06 8.25166e-06 8.3239e-06 3.54055e-05 1.81044 3.73384
707 7.07259e-06 8.39292e-06 8.25166e-06 3.53005e-05 1.80256 3.7283
708 7.04889e-06 8.46577e-06 8.25166e-06 3.53005e-05 1.80256 3.7283
709 7.05588e-06 1.0768e-05 8.25166e-06 3.53005e-05 1.80256 3.7283
710 7.05212e-06 8.34826e-06 8.25166e-06 3.53005e-05 1.80256 3.7283
711 7.07768e-06 1.15757e-05 8.25166e-06 3.53005e-05 1.80256 3.7283
712 7.07187e-06 9.11423e-06 8.25166e-06 3.53005e-05 1.80256 3.7283
713 7.05147e-06 8.43103e-06 8.25166e-06 3.53005e-05 1.80256 3.7283
714 7.07853e-06 8.60833e-06 8.25166e-06 3.53005e-05 1.80256 3.7283
715 7.0875e-06 1.0306e-05 8.25166e-06 3.53005e-05 1.80256 3.7283
716 7.07788e-06 8.8773e-06 8.25166e-06 3.53005e-05 1.80256 3.7283
717 7.0798e-06 8.5346e-06 8.25166e-06 3.53005e-05 1.80256 3.7283
718 7.07713e-06 8.80785e-06 8.25166e-06 3.53005e-05 1.80256 3.7283
719 7.08159e-06 8.44164e-06 8.25166e-06 3.53005e-05 1.80256 3.7283
720 7.09541e-06 9.03296e-06 8.25166e-06 3.53005e-05 1.80256 3.7283
721 7.11367e-06 8.45044e-06 8.25166e-06 3.53005e-05 1.80256 3.7283
722 7.09653e-06 8.69747e-06 8.25166e-06 3.53005e-05 1.80256 3.7283
723 7.0918e-06 9.23787e-06 8.25166e-06 3.53005e-05 1.80256 3.7283
724 7.10241e-06 9.05998e-06 8.25166e-06 3.53005e-05 1.80256 3.7283
725 7.08965e-06 8.84753e-06 8.25166e-06 3.53005e-05 1.80256 3.7283
726 7.10929e-06 9.22842e-06 8.25166e-06 3.53005e-05 1.80256 3.7283
727 7.11535e-06 1.02379e-05 8.25166e-06 3.53005e-05 1.80256 3.7283
728 7.11341e-06 8.27164e-06 8.25166e-06 3.53005e-05 1.80256 3.7283
729 7.12069e-06 8.55922e-06 8.27164e-06 3.51585e-05 1.80475 3.72079
730 7.11155e-06 8.34066e-06 8.27164e-06 3.51585e-05 1.80475 3.72079
731 7.1347e-06 8.35847e-06 8.27164e-06 3.51585e-05 1.80475 3.72079
732 7.11193e-06 8.51041e-06 8.27164e-06 3.51585e-05 1.80475 3.72079
733 7.14019e-06 1.00828e-05 8.27164e-06 3.51585e-05 1.80475 3.72079
734 7.13167e-06 1.07935e-05 8.27164e-06 3.51585e-05 1.80475 3.72079
735 7.13199e-06 8.42781e-06 8.27164e-06 3.51585e-05 1.80475 3.72079
736 7.15609e-06 8.39733e-06 8.27164e-06 3.51585e-05 1.80475 3.72079
737 7.13068e-06 8.85858e-06 8.27164e-06 3.51585e-05 1.80475 3.72079
738 7.16909e-06 1.04269e-05 8.27164e-06 3.51585e-05 1.80475 3.72079
739 7.1517e-06 8.88411e-06 8.27164e-06 3.51585e-05 1.80475 3.72079
740 7.16577e-06 8.50597e-06 8.27164e-06 3.51585e-05 1.80475 3.72079
741 7.13193e-06 8.36205e-06 8.27164e-06 3.51585e-05 1.80475 3.72079
742 7.16525e-06 8.56446e-06 8.27164e-06 3.51585e-05 1.80475 3.72079
743 7.15947e-06 8.58485e-06 8.27164e-06 3.51585e-05 1.80475 3.72079
744 7.17273e-06 9.19085e-06 8.27164e-06 3.51585e-05 1.80475 3.72079
745 7.17672e-06 8.57781e-06 8.27164e-06 3.51585e-05 1.80475 3.72079
746 7.16483e-06 8.33191e-06 8.27164e-06 3.51585e-05 1.80475 3.72079
747 7.17224e-06 8.67351e-06 8.33191e-06 3.49442e-05 1.81131 3.70944
748 7.17314e-06 8.42283e-06 8.33191e-06 3.49442e-05 1.81131 3.70944
749 7.18332e-06 8.34379e-06 8.33191e-06 3.49442e-05 1.81131 3.70944
750 7.18547e-06 9.04889e-06 8.33191e-06 3.49442e-05 1.81131 3.70944
751 7.1752e-06 8.50095e-06 8.33191e-06 3.49442e-05 1.81131 3.70944
752 7.18758e-06 8.58389e-06 8.33191e-06 3.49442e-05 1.81131 3.70944
753 7.19073e-06 8.3129e-06 8.33191e-06 3.49442e-05 1.81131 3.70944
754 7.21157e-06 1.00668e-05 8.3129e-06 3.49498e-05 1.80924 3.70973
755 7.18317e-06 8.41263e-06 8.3129e-06 3.49498e-05 1.80924 3.70973
756 7.17451e-06 8.44387e-06 8.3129e-06 3.49498e-05 1.80924 3.70973
757 7.20727e-06 8.48038e-06 8.3129e-06 3.49498e-05 1.80924 3.70973
758 7.19599e-06 1.14174e-05 8.3129e-06 3.49498e-05 1.80924 3.70973
759 7.20463e-06 8.40762e-06 8.3129e-06 3.49498e-05 1.80924 3.70973
760 7.20528e-06 8.52517e-06 8.3129e-06 3.49498e-05 1.80924 3.70973
761 7.21392e-06 8.33698e-06 8.3129e-06 3.49498e-05 1.80924 3.70973
762 7.20857e-06 8.75939e-06 8.3129e-06 3.49498e-05 1.80924 3.70973
763 7.22067e-06 8.41638e-06 8.3129e-06 3.49498e-05 1.80924 3.70973
764 7.20185e-06 8.85733e-06 8.3129e-06 3.49498e-05 1.80924 3.70973
765 7.23214e-06 8.50271e-06 8.3129e-06 3.49498e-05 1.80924 3.70973
766 7.2308e-06 8.50126e-06 8.3129e-06 3.49498e-05 1.80924 3.70973
767 7.22056e-06 8.6988e-06 8.3129e-06 3.49498e-05 1.80924 3.70973
768 7.21104e-06 8.62598e-06 8.3129e-06 3.49498e-05 1.80924 3.70973
769 7.24102e-06 8.41356e-06 8.3129e-06 3.49498e-05 1.80924 3.70973
770 7.21696e-06 9.65107e-06 8.3129e-06 3.49498e-05 1.80924 3.70973
771 7.23815e-06 8.58119e-06 8.3129e-06 3.49498e-05 1.80924 3.70973
772 7.27294e-06 9.19525e-06 8.3129e-06 3.49498e-05 1.80924 3.70973
773 7.23826e-06 8.68708e-06 8.3129e-06 3.49498e-05 1.80924 3.70973
774 7.25063e-06 1.02077e-05 8.3129e-06 3.49498e-05 1.80924 3.70973
775 7.21062e-06 8.33258e-06 8.3129e-06 3.49498e-05 1.80924 3.70973
776 7.2534e-06 8.74285e-06 8.33258e-06 3.47827e-05 1.81138 3.70085
777 7.25619e-06 1.05942e-05 8.33258e-06 3.47827e-05 1.81138 3.70085
778 7.25431e-06 9.13319e-06 8.33258e-06 3.47827e-05 1.81138 3.70085
779 7.26262e-06 9.32982e-06 8.33258e-06 3.47827e-05 1.81138 3.70085
780 7.24942e-06 8.35416e-06 8.33258e-06 3.47827e-05 1.81138 3.70085
781 7.25257e-06 8.69261e-06 8.33258e-06 3.47827e-05 1.81138 3.70085
782 7.287e-06 8.49677e-06 8.33258e-06 3.47827e-05 1.81138 3.70085
783 7.23613e-06 8.96784e-06 8.33258e-06 3.47827e-05 1.81138 3.70085
784 7.26076e-06 8.4765e-06 8.33258e-06 3.47827e-05 1.81138 3.70085
785 7.27238e-06 8.77192e-06 8.33258e-06 3.47827e-05 1.81138 3.70085
786 7.28676e-06 9.01544e-06 8.33258e-06 3.47827e-05 1.81138 3.70085
787 7.27555e-06 1.03175e-05 8.33258e-06 3.47827e-05 1.81138 3.70085
788 7.26085e-06 8.9566e-06 8.33258e-06 3.47827e-05 1.81138 3.70085
789 7.30614e-06 1.03991e-05 8.33258e-06 3.47827e-05 1.81138 3.70085
790 7.29262e-06 8.38263e-06 8.33258e-06 3.47827e-05 1.81138 3.70085
791 7.28822e-06 8.41533e-06 8.33258e-06 3.47827e-05 1.81138 3.70085
792 7.28694e-06 8.9499e-06 8.33258e-06 3.47827e-05 1.81138 3.70085
793 7.27844e-06 8.64679e-06 8.33258e-06 3.47827e-05 1.81138 3.70085
794 7.27592e-06 8.52761e-06 8.33258e-06 3.47827e-05 1.81138 3.70085
795 7.27792e-06 9.63305e-06 8.33258e-06 3.47827e-05 1.81138 3.70085
796 7.31315e-06 8.38008e-06 8.33258e-06 3.47827e-05 1.81138 3.70085
797 7.30041e-06 8.95101e-06 8.33258e-06 3.47827e-05 1.81138 3.70085
798 7.32043e-06 8.45378e-06 8.33258e-06 3.47827e-05 1.81138 3.70085
799 7.30074e-06 9.38562e-06 8.33258e-06 3.47827e-05 1.81138 3.70085
800 7.28047e-06 8.32511e-06 8.33258e-06 3.47827e-05 1.81138 3.70085
801 7.3319e-06 8.38511e-06 8.32511e-06 3.47566e-05 1.81057 3.69947
802 7.31151e-06 9.74458e-06 8.32511e-06 3.47566e-05 1.81057 3.69947
803 7.30828e-06 8.91738e-06 8.32511e-06 3.47566e-05 1.81057 3.69947
804 7.3153e-06 8.81165e-06 8.32511e-06 3.47566e-05 1.81057 3.69947
805 7.31158e-06 9.61014e-06 8.32511e-06 3.47566e-05 1.81057 3.69947
806 7.31353e-06 8.65569e-06 8.32511e-06 3.47566e-05 1.81057 3.69947
807 7.29581e-06 9.01254e-06 8.32511e-06 3.47566e-05 1.81057 3.69947
808 7.33499e-06 8.73371e-06 8.32511e-06 3.47566e-05 1.81057 3.69947
809 7.30035e-06 1.18069e-05 8.32511e-06 3.47566e-05 1.81057 3.69947
810 7.34051e-06 1.18309e-05 8.32511e-06 3.47566e-05 1.81057 3.69947
811 7.33126e-06 8.58906e-06 8.32511e-06 3.47566e-05 1.81057 3.69947
812 7.32194e-06 8.75449e-06 8.32511e-06 3.47566e-05 1.81057 3.69947
813 7.34579e-06 9.13697e-06 8.32511e-06 3.47566e-05 1.81057 3.69947
814 7.34143e-06 9.10285e-06 8.32511e-06 3.47566e-05 1.81057 3.69947
815 7.32614e-06 9.56043e-06 8.32511e-06 3.47566e-05 1.81057 3.69947
816 7.33959e-06 8.47893e-06 8.32511e-06 3.47566e-05 1.81057 3.69947
817 7.31961e-06 9.40325e-06 8.32511e-06 3.47566e-05 1.81057 3.69947
818 7.33971e-06 8.45316e-06 8.32511e-06 3.47566e-05 1.81057 3.69947
819 7.36122e-06 9.43108e-06 8.32511e-06 3.47566e-05 1.81057 3.69947
820 7.36029e-06 8.65581e-06 8.32511e-06 3.47566e-05 1.81057 3.69947
821 7.32681e-06 8.41869e-06 8.32511e-06 3.47566e-05 1.81057 3.69947
822 7.35712e-06 1.23578e-05 8.32511e-06 3.47566e-05 1.81057 3.69947
823 7.34314e-06 1.02343e-05 8.32511e-06 3.47566e-05 1.81057 3.69947
824 7.37042e-06 8.41279e-06 8.32511e-06 3.47566e-05 1.81057 3.69947
825 7.36018e-06 8.4036e-06 8.32511e-06 3.47566e-05 1.81057 3.69947
826 7.35797e-06 9.98438e-06 8.32511e-06 3.47566e-05 1.81057 3.69947
827 7.3732e-06 1.01729e-05 8.32511e-06 3.47566e-05 1.81057 3.69947
828 7.35688e-06 8.50087e-06 8.32511e-06 3.47566e-05 1.81057 3.69947
829 7.36152e-06 8.88394e-06 8.32511e-06 3.47566e-05 1.81057 3.69947
830 7.35994e-06 8.45649e-06 8.32511e-06 3.47566e-05 1.81057 3.69947
831 7.3664e-06 9.48423e-06 8.32511e-06 3.47566e-05 1.81057 3.69947
832 7.37776e-06 8.30531e-06 8.32511e-06 3.47566e-05 1.81057 3.69947
833 7.38349e-06 8.64425e-06 8.30531e-06 3.46391e-05 1.80842 3.69321
834 7.37626e-06 8.95024e-06 8.30531e-06 3.46391e-05 1.80842 3.69321
835 7.38123e-06 8.86198e-06 8.30531e-06 3.46391e-05 1.80842 3.69321
836 7.37552e-06 9.03485e-06 8.30531e-06 3.46391e-05 1.80842 3.69321
837 7.38894e-06 9.6724e-06 8.30531e-06 3.46391e-05 1.80842 3.69321
838 7.39107e-06 8.60776e-06 8.30531e-06 3.46391e-05 1.80842 3.69321
839 7.39197e-06 9.54014e-06 8.30531e-06 3.46391e-05 1.80842 3.69321
840 7.40262e-06 9.1257e-06 8.30531e-06 3.46391e-05 1.80842 3.69321
841 7.40519e-06 8.51555e-06 8.30531e-06 3.46391e-05 1.80842 3.69321
842 7.35536e-06 9.44276e-06 8.30531e-06 3.46391e-05 1.80842 3.69321
843 7.39509e-06 9.03845e-06 8.30531e-06 3.46391e-05 1.80842 3.69321
844 7.41113e-06 9.02709e-06 8.30531e-06 3.46391e-05 1.80842 3.69321
845 7.38244e-06 8.63282e-06 8.30531e-06 3.46391e-05 1.80842 3.69321
846 7.39922e-06 9.14473e-06 8.30531e-06 3.46391e-05 1.80842 3.69321
847 7.37647e-06 9.27417e-06 8.30531e-06 3.46391e-05 1.80842 3.69321
848 7.41982e-06 8.47351e-06 8.30531e-06 3.46391e-05 1.80842 3.69321
849 7.40375e-06 8.62546e-06 8.30531e-06 3.46391e-05 1.80842 3.69321
850 7.39401e-06 8.72665e-06 8.30531e-06 3.46391e-05 1.80842 3.69321
851 7.40308e-06 8.3696e-06 8.30531e-06 3.46391e-05 1.80842 3.69321
852 7.42829e-06 9.43331e-06 8.30531e-06 3.46391e-05 1.80842 3.69321
853 7.3875e-06 1.10328e-05 8.30531e-06 3.46391e-05 1.80842 3.69321
854 7.45641e-06 8.58664e-06 8.30531e-06 3.46391e-05 1.80842 3.69321
855 7.40126e-06 8.7754e-06 8.30531e-06 3.46391e-05 1.80842 3.69321
856 7.40388e-06 8.62606e-06 8.30531e-06 3.46391e-05 1.80842 3.69321
857 7.43532e-06 9.7727e-06 8.30531e-06 3.46391e-05 1.80842 3.69321
858 7.42815e-06 9.70435e-06 8.30531e-06 3.46391e-05 1.80842 3.69321
859 7.41905e-06 8.65331e-06 8.30531e-06 3.46391e-05 1.80842 3.69321
860 7.40952e-06 8.40536e-06 8.30531e-06 3.46391e-05 1.80842 3.69321
861 7.43641e-06 8.76736e-06 8.30531e-06 3.46391e-05 1.80842 3.69321
862 7.42594e-06 8.88466e-06 8.30531e-06 3.46391e-05 1.80842 3.69321
863 7.44448e-06 8.46203e-06 8.30531e-06 3.46391e-05 1.80842 3.69321
864 7.41871e-06 8.71105e-06 8.30531e-06 3.46391e-05 1.80842 3.69321
865 7.44547e-06 8.8867e-06 8.30531e-06 3.46391e-05 1.80842 3.69321
866 7.44227e-06 8.63937e-06 8.30531e-06 3.46391e-05 1.80842 3.69321
867 7.43385e-06 1.06899e-05 8.30531e-06 3.46391e-05 1.80842 3.69321
868 7.42873e-06 9.16087e-06 8.30531e-06 3.46391e-05 1.80842 3.69321
869 7.4518e-06 8.61068e-06 8.30531e-06 3.46391e-05 1.80842 3.69321
870 7.4403e-06 8.82892e-06 8.30531e-06 3.46391e-05 1.80842 3.69321
871 7.44542e-06 1.01262e-05 8.30531e-06 3.46391e-05 1.80842 3.69321
872 7.44704e-06 9.11392e-06 8.30531e-06 3.46391e-05 1.80842 3.69321
873 6.6223e-06 8.50414e-06 8.30531e-06 3.46391e-05 1.80842 3.69321
874 6.66669e-06 8.59503e-06 8.30531e-06 3.46391e-05 1.80842 3.69321
875 6.67156e-06 8.28444e-06 8.30531e-06 3.46391e-05 1.80842 3.69321
876 6.66995e-06 8.22606e-06 8.28444e-06 3.43362e-05 1.80614 3.67702
877 6.67363e-06 8.25754e-06 8.22606e-06 3.43633e-05 1.79977 3.67847
878 6.67749e-06 8.43483e-06 8.22606e-06 3.43633e-05 1.79977 3.67847
879 6.69572e-06 8.245e-06 8.22606e-06 3.43633e-05 1.79977 3.67847
880 6.68976e-06 8.3017e-06 8.245e-06 3.4286e-05 1.80184 3.67434
881 6.69818e-06 8.34812e-06 8.245e-06 3.4286e-05 1.80184 3.67434
882 6.70708e-06 8.28449e-06 8.245e-06 3.4286e-05 1.80184 3.67434
883 6.71068e-06 8.27126e-06 8.245e-06 3.4286e-05 1.80184 3.67434
884 6.69718e-06 8.12131e-06 8.245e-06 3.4286e-05 1.80184 3.67434
885 6.70552e-06 8.77983e-06 8.12131e-06 3.43503e-05 1.78827 3.67778
886 6.71472e-06 8.25787e-06 8.12131e-06 3.43503e-05 1.78827 3.67778
887 6.72281e-06 9.05135e-06 8.12131e-06 3.43503e-05 1.78827 3.67778
888 6.70836e-06 8.83223e-06 8.12131e-06 3.43503e-05 1.78827 3.67778
889 6.72802e-06 8.27189e-06 8.12131e-06 3.43503e-05 1.78827 3.67778
890 6.72323e-06 8.612e-06 8.12131e-06 3.43503e-05 1.78827 3.67778
891 6.71467e-06 8.74806e-06 8.12131e-06 3.43503e-05 1.78827 3.67778
892 6.73524e-06 9.60544e-06 8.12131e-06 3.43503e-05 1.78827 3.67778
893 6.73627e-06 9.26714e-06 8.12131e-06 3.43503e-05 1.78827 3.67778
894 6.74761e-06 8.47296e-06 8.12131e-06 3.43503e-05 1.78827 3.67778
895 6.73067e-06 8.56535e-06 8.12131e-06 3.43503e-05 1.78827 3.67778
896 6.75401e-06 8.29174e-06 8.12131e-06 3.43503e-05 1.78827 3.67778
897 6.74877e-06 8.25801e-06 8.12131e-06 3.43503e-05 1.78827 3.67778
898 6.75131e-06 8.18313e-06 8.12131e-06 3.43503e-05 1.78827 3.67778
899 6.76453e-06 9.10457e-06 8.12131e-06 3.43503e-05 1.78827 3.67778
900 6.75822e-06 8.24461e-06 8.12131e-06 3.43503e-05 1.78827 3.67778
901 6.76161e-06 8.1059e-06 8.12131e-06 3.43503e-05 1.78827 3.67778
902 6.74756e-06 8.2337e-06 8.1059e-06 3.43767e-05 1.78657 3.67919
903 6.76428e-06 8.15376e-06 8.1059e-06 3.43767e-05 1.78657 3.67919
904 6.75719e-06 8.59792e-06 8.1059e-06 3.43767e-05 1.78657 3.67919
905 6.78451e-06 8.21931e-06 8.1059e-06 3.43767e-05 1.78657 3.67919
906 6.76204e-06 9.1513e-06 8.1059e-06 3.43767e-05 1.78657 3.67919
907 6.78355e-06 8.33303e-06 8.1059e-06 3.43767e-05 1.78657 3.67919
908 6.77149e-06 8.43835e-06 8.1059e-06 3.43767e-05 1.78657 3.67919
909 6.77292e-06 8.48566e-06 8.1059e-06 3.43767e-05 1.78657 3.67919
910 6.77892e-06 8.16252e-06 8.1059e-06 3.43767e-05 1.78657 3.67919
911 6.78523e-06 8.29024e-06 8.16252e-06 3.42605e-05 1.7928 3.67297
912 6.79594e-06 9.06418e-06 8.16252e-06 3.42605e-05 1.7928 3.67297
913 6.79295e-06 8.28055e-06 8.16252e-06 3.42605e-05 1.7928 3.67297
914 6.78778e-06 9.13639e-06 8.16252e-06 3.42605e-05 1.7928 3.67297
915 6.81155e-06 8.48611e-06 8.16252e-06 3.42605e-05 1.7928 3.67297
916 6.80502e-06 8.19842e-06 8.16252e-06 3.42605e-05 1.7928 3.67297
917 6.80499e-06 8.51695e-06 8.16252e-06 3.42605e-05 1.7928 3.67297
918 6.80681e-06 8.5029e-06 8.16252e-06 3.42605e-05 1.7928 3.67297
919 6.79501e-06 8.19519e-06 8.16252e-06 3.42605e-05 1.7928 3.67297
920 6.82281e-06 8.25097e-06 8.16252e-06 3.42605e-05 1.7928 3.67297
921 6.81134e-06 8.55684e-06 8.16252e-06 3.42605e-05 1.7928 3.67297
922 6.82094e-06 8.52053e-06 8.16252e-06 3.42605e-05 1.7928 3.67297
923 6.82117e-06 8.27993e-06 8.16252e-06 3.42605e-05 1.7928 3.67297
924 6.83329e-06 9.10724e-06 8.16252e-06 3.42605e-05 1.7928 3.67297
925 6.82166e-06 8.53931e-06 8.16252e-06 3.42605e-05 1.7928 3.67297
926 6.83527e-06 8.37074e-06 8.16252e-06 3.42605e-05 1.7928 3.67297
927 6.82144e-06 8.34364e-06 8.16252e-06 3.42605e-05 1.7928 3.67297
928 6.83612e-06 8.75767e-06 8.16252e-06 3.42605e-05 1.7928 3.67297
929 6.84765e-06 8.58683e-06 8.16252e-06 3.42605e-05 1.7928 3.67297
930 6.83366e-06 8.41001e-06 8.16252e-06 3.42605e-05 1.7928 3.67297
931 6.84186e-06 1.04506e-05 8.16252e-06 3.42605e-05 1.7928 3.67297
932 6.8535e-06 8.29775e-06 8.16252e-06 3.42605e-05 1.7928 3.67297
933 6.85129e-06 8.37381e-06 8.16252e-06 3.42605e-05 1.7928 3.67297
934 6.86006e-06 8.49587e-06 8.16252e-06 3.42605e-05 1.7928 3.67297
935 6.8317e-06 8.91118e-06 8.16252e-06 3.42605e-05 1.7928 3.67297
936 6.85653e-06 8.90137e-06 8.16252e-06 3.42605e-05 1.7928 3.67297
937 6.85597e-06 8.37142e-06 8.16252e-06 3.42605e-05 1.7928 3.67297
938 6.8535e-06 8.45936e-06 8.16252e-06 3.42605e-05 1.7928 3.67297
939 6.87451e-06 8.43171e-06 8.16252e-06 3.42605e-05 1.7928 3.67297
940 6.86781e-06 8.34205e-06 8.16252e-06 3.42605e-05 1.7928 3.67297
941 6.86893e-06 9.49723e-06 8.16252e-06 3.42605e-05 1.7928 3.67297
942 6.86726e-06 8.66623e-06 8.16252e-06 3.42605e-05 1.7928 3.67297
943 6.88749e-06 8.95889e-06 8.16252e-06 3.42605e-05 1.7928 3.67297
944 6.88063e-06 8.35418e-06 8.16252e-06 3.42605e-05 1.7928 3.67297
945 6.88496e-06 8.45899e-06 8.16252e-06 3.42605e-05 1.7928 3.67297
946 6.88377e-06 8.33434e-06 8.16252e-06 3.42605e-05 1.7928 3.67297
947 6.88572e-06 8.69296e-06 8.16252e-06 3.42605e-05 1.7928 3.67297
948 6.89728e-06 8.40396e-06 8.16252e-06 3.42605e-05 1.7928 3.67297
949 6.88761e-06 8.46988e-06 8.16252e-06 3.42605e-05 1.7928 3.67297
950 6.88575e-06 8.53804e-06 8.16252e-06 3.42605e-05 1.7928 3.67297
951 6.46906e-06 8.43755e-06 8.16252e-06 3.42605e-05 1.7928 3.67297
952 6.49754e-06 8.18042e-06 8.16252e-06 3.42605e-05 1.7928 3.67297
953 6.50376e-06 8.19482e-06 8.18042e-06 3.40693e-05 1.79477 3.6627
954 6.51002e-06 8.47025e-06 8.18042e-06 3.40693e-05 1.79477 3.6627
955 6.52024e-06 8.21299e-06 8.18042e-06 3.40693e-05 1.79477 3.6627
956 6.51088e-06 8.22357e-06 8.18042e-06 3.40693e-05 1.79477 3.6627
957 6.52198e-06 8.17471e-06 8.18042e-06 3.40693e-05 1.79477 3.6627
958 6.52377e-06 8.46877e-06 8.18042e-06 3.40693e-05 1.79477 3.6627
959 6.53552e-06 8.50494e-06 8.18042e-06 3.40693e-05 1.79477 3.6627
960 6.52872e-06 8.21739e-06 8.18042e-06 3.40693e-05 1.79477 3.6627
961 6.54192e-06 8.25994e-06 8.18042e-06 3.40693e-05 1.79477 3.6627
962 6.53974e-06 8.18981e-06 8.18042e-06 3.40693e-05 1.79477 3.6627
963 6.53953e-06 8.15688e-06 8.18042e-06 3.40693e-05 1.79477 3.6627
964 6.5508e-06 8.85467e-06 8.18042e-06 3.40693e-05 1.79477 3.6627
965 6.55838e-06 8.39423e-06 8.18042e-06 3.40693e-05 1.79477 3.6627
966 6.55682e-06 8.18752e-06 8.18042e-06 3.40693e-05 1.79477 3.6627
967 6.56398e-06 8.27795e-06 8.18042e-06 3.40693e-05 1.79477 3.6627
968 6.56105e-06 8.47203e-06 8.18042e-06 3.40693e-05 1.79477 3.6627
969 6.5635e-06 8.44811e-06 8.18042e-06 3.40693e-05 1.79477 3.6627
970 6.58236e-06 8.26447e-06 8.18042e-06 3.40693e-05 1.79477 3.6627
971 6.57318e-06 8.17592e-06 8.18042e-06 3.40693e-05 1.79477 3.6627
972 6.58024e-06 8.51035e-06 8.18042e-06 3.40693e-05 1.79477 3.6627
973 6.58551e-06 8.20488e-06 8.18042e-06 3.40693e-05 1.79477 3.6627
974 6.58585e-06 8.48454e-06 8.18042e-06 3.40693e-05 1.79477 3.6627
975 6.59084e-06 8.19601e-06 8.18042e-06 3.40693e-05 1.79477 3.6627
976 6.59136e-06 8.19115e-06 8.18042e-06 3.40693e-05 1.79477 3.6627
977 6.59529e-06 8.26141e-06 8.18042e-06 3.40693e-05 1.79477 3.6627
978 6.60709e-06 8.44819e-06 8.18042e-06 3.40693e-05 1.79477 3.6627
979 6.60481e-06 8.2763e-06 8.18042e-06 3.40693e-05 1.79477 3.6627
980 6.61167e-06 8.29787e-06 8.18042e-06 3.40693e-05 1.79477 3.6627
981 6.60509e-06 8.32344e-06 8.18042e-06 3.40693e-05 1.79477 3.6627
982 6.62256e-06 8.43687e-06 8.18042e-06 3.40693e-05 1.79477 3.6627
983 6.61684e-06 8.21754e-06 8.18042e-06 3.40693e-05 1.79477 3.6627
984 6.62013e-06 8.28883e-06 8.18042e-06 3.40693e-05 1.79477 3.6627
985 6.62056e-06 8.62594e-06 8.18042e-06 3.40693e-05 1.79477 3.6627
986 6.63432e-06 8.30341e-06 8.18042e-06 3.40693e-05 1.79477 3.6627
987 6.63565e-06 8.35042e-06 8.18042e-06 3.40693e-05 1.79477 3.6627
988 6.6335e-06 8.26094e-06 8.18042e-06 3.40693e-05 1.79477 3.6627
989 6.62701e-06 8.43552e-06 8.18042e-06 3.40693e-05 1.79477 3.6627
990 6.64461e-06 8.44005e-06 8.18042e-06 3.40693e-05 1.79477 3.6627
991 6.64075e-06 8.46534e-06 8.18042e-06 3.40693e-05 1.79477 3.6627
992 6.65264e-06 8.21543e-06 8.18042e-06 3.40693e-05 1.79477 3.6627
993 6.4305e-06 8.30123e-06 8.18042e-06 3.40693e-05 1.79477 3.6627
994 6.44934e-06 8.17549e-06 8.18042e-06 3.40693e-05 1.79477 3.6627
995 6.4459e-06 8.73286e-06 8.18042e-06 3.40693e-05 1.79477 3.6627
996 6.45371e-06 8.16899e-06 8.18042e-06 3.40693e-05 1.79477 3.6627
997 6.46168e-06 8.14383e-06 8.18042e-06 3.40693e-05 1.79477 3.6627
998 6.46743e-06 8.45376e-06 8.14383e-06 3.41417e-05 1.79075 3.6666
999 6.4707e-06 8.15175e-06 8.14383e-06 3.41417e-05 1.79075 3.6666
1000 6.47933e-06 8.25554e-06 8.14383e-06 3.41417e-05 1.79075 3.6666
1001 6.48696e-06 8.25714e-06 8.14383e-06 3.41417e-05 1.79075 3.6666
1002 6.4873e-06 8.18845e-06 8.14383e-06 3.41417e-05 1.79075 3.6666
1003 6.49394e-06 8.37041e-06 8.14383e-06 3.41417e-05 1.79075 3.6666
1004 6.49408e-06 8.24317e-06 8.14383e-06 3.41417e-05 1.79075 3.6666
1005 6.50814e-06 8.2917e-06 8.14383e-06 3.41417e-05 1.79075 3.6666
1006 6.51179e-06 8.41113e-06 8.14383e-06 3.41417e-05 1.79075 3.6666
1007 6.51547e-06 8.18287e-06 8.14383e-06 3.41417e-05 1.79075 3.6666
1008 6.51941e-06 8.16968e-06 8.14383e-06 3.41417e-05 1.79075 3.6666
1009 6.51921e-06 8.24377e-06 8.14383e-06 3.41417e-05 1.79075 3.6666
1010 6.52995e-06 8.34334e-06 8.14383e-06 3.41417e-05 1.79075 3.6666
1011 6.53259e-06 8.19734e-06 8.14383e-06 3.41417e-05 1.79075 3.6666
1012 6.54258e-06 8.21954e-06 8.14383e-06 3.41417e-05 1.79075 3.6666
1013 6.54608e-06 8.24742e-06 8.14383e-06 3.41417e-05 1.79075 3.6666
1014 6.54637e-06 8.20496e-06 8.14383e-06 3.41417e-05 1.79075 3.6666
1015 6.55957e-06 8.23194e-06 8.14383e-06 3.41417e-05 1.79075 3.6666
1016 6.56318e-06 8.2429e-06 8.14383e-06 3.41417e-05 1.79075 3.6666
1017 6.56327e-06 8.25444e-06 8.14383e-06 3.41417e-05 1.79075 3.6666
1018 6.56589e-06 8.29527e-06 8.14383e-06 3.41417e-05 1.79075 3.6666
1019 6.56838e-06 8.61856e-06 8.14383e-06 3.41417e-05 1.79075 3.6666
1020 6.5791e-06 8.23251e-06 8.14383e-06 3.41417e-05 1.79075 3.6666
1021 6.57838e-06 8.31557e-06 8.14383e-06 3.41417e-05 1.79075 3.6666
1022 6.58961e-06 8.22612e-06 8.14383e-06 3.41417e-05 1.79075 3.6666
1023 6.59158e-06 8.28726e-06 8.14383e-06 3.41417e-05 1.79075 3.6666
1024 6.59643e-06 8.2903e-06 8.14383e-06 3.41417e-05 1.79075 3.6666
1025 6.5977e-06 8.25434e-06 8.14383e-06 3.41417e-05 1.79075 3.6666
1026 6.61151e-06 8.74719e-06 8.14383e-06 3.41417e-05 1.79075 3.6666
1027 6.60797e-06 8.24552e-06 8.14383e-06 3.41417e-05 1.79075 3.6666
1028 6.61069e-06 8.2985e-06 8.14383e-06 3.41417e-05 1.79075 3.6666
1029 6.62604e-06 8.48105e-06 8.14383e-06 3.41417e-05 1.79075 3.6666
1030 6.62456e-06 8.38441e-06 8.14383e-06 3.41417e-05 1.79075 3.6666
1031 6.63215e-06 8.28386e-06 8.14383e-06 3.41417e-05 1.79075 3.6666
1032 6.63075e-06 8.57219e-06 8.14383e-06 3.41417e-05 1.79075 3.6666
1033 6.64105e-06 8.43207e-06 8.14383e-06 3.41417e-05 1.79075 3.6666
1034 6.64304e-06 8.32658e-06 8.14383e-06 3.41417e-05 1.79075 3.6666
1035 6.64579e-06 8.30575e-06 8.14383e-06 3.41417e-05 1.79075 3.6666
1036 6.65136e-06 8.30885e-06 8.14383e-06 3.41417e-05 1.79075 3.6666
1037 6.65542e-06 8.36251e-06 8.14383e-06 3.41417e-05 1.79075 3.6666
