1 98
2 95
3 98
4 95
5 93
6 90
7 88
8 85
9 83
10 80
11 98
12 98
13 98
14 95
15 93
16 90
17 88
18 98
19 98
20 95
21 93
22 98
23 95
24 93
25 98
26 95
27 93
28 90
29 88
30 85
31 98
32 95
33 98
34 95
35 93
36 90
37 88
38 98
39 95
40 98
41 95
42 93
43 90
44 98
45 95
46 93
47 98
48 98
49 98
50 95
51 93
52 90
53 98
54 95
55 93
56 90
57 88
58 85
59 83
60 80
61 78
62 75
63 73
64 70
65 68
66 66
67 63
68 98
69 95
70 93
71 90
72 88
73 85
74 98
75 95
76 93
77 90
78 88
79 85
80 98
81 95
82 93
83 90
84 88
85 85
86 83
87 80
88 78
89 75
90 73
91 70
92 68
93 66
94 63
95 60
96 58
97 56
98 53
99 50
100 48
101 45
102 43
103 98
104 95
105 93
106 90
107 88
108 85
109 83
110 80
111 78
112 75
113 98
114 95
115 93
116 90
117 88
118 85
119 83
120 80
121 78
122 98
123 95
124 93
125 90
126 88
127 85
128 83
129 80
130 98
131 95
132 93
133 90
134 88
135 85
136 83
137 98
138 95
139 93
140 90
141 88
142 85
143 83
144 80
145 78
146 75
147 73
148 70
149 68
150 66
151 63
152 98
153 95
154 93
155 90
156 88
157 85
158 83
159 80
160 78
161 75
162 73
163 70
164 68
165 66
166 63
167 60
168 58
169 56
170 53
171 50
172 48
173 45
174 43
175 40
176 38
177 36
178 33
179 31
180 98
181 95
182 93
183 90
184 88
185 85
186 83
187 80
188 78
189 75
190 73
191 70
192 68
193 66
194 63
195 60
196 58
197 56
198 53
199 50
200 48
201 45
202 98
203 95
204 93
205 90
206 88
207 98
208 98
209 95
210 93
211 90
212 88
213 85
214 83
215 80
216 78
217 75
218 73
219 70
220 68
221 66
222 63
223 60
224 58
225 98
226 95
227 93
228 90
229 88
230 98
231 95
232 93
233 90
234 88
235 85
236 83
237 80
238 78
239 75
240 73
241 70
242 68
243 66
244 63
245 60
246 58
247 56
248 53
249 50
250 48
251 98
252 95
253 98
254 95
255 93
256 90
257 88
258 85
259 83
260 80
261 78
262 75
263 73
264 70
265 68
266 66
267 63
268 60
269 58
270 56
271 53
272 50
273 48
274 45
275 43
276 40
277 38
278 36
279 33
280 31
281 28
282 25
283 23
284 20
285 18
286 15
287 13
288 11
289 8
290 98
291 95
292 93
293 90
294 88
295 85
296 83
297 80
298 78
299 75
300 73
301 70
302 68
303 66
304 63
305 60
306 58
307 56
308 53
309 50
310 48
311 45
312 43
313 40
314 38
315 36
316 33
317 31
318 28
319 25
320 23
321 20
322 18
323 15
324 13
325 11
326 8
327 6
328 3
329 0
330 98
331 98
332 95
333 98
334 95
335 93
336 90
337 88
338 98
339 95
340 93
341 90
342 88
343 85
344 98
345 98
346 95
347 93
348 90
349 88
350 85
351 83
352 98
353 98
354 95
355 93
356 90
357 88
358 98
359 95
360 93
361 90
362 88
363 85
364 83
365 80
366 78
367 75
368 98
369 95
370 93
371 90
372 88
373 85
374 83
375 80
376 78
377 75
378 98
379 95
380 93
381 90
382 88
383 85
384 83
385 80
386 98
387 95
388 98
389 95
390 93
391 90
392 88
393 85
394 83
395 80
396 78
397 75
398 73
399 70
400 68
401 66
402 63
403 60
404 58
405 56
406 53
407 50
408 48
409 45
410 43
411 40
412 38
413 36
414 98
415 95
416 93
417 90
418 88
419 85
420 83
421 80
422 78
423 75
424 73
425 98
426 95
427 93
428 90
429 88
430 85
431 83
432 80
433 78
434 98
435 95
436 93
437 90
438 98
439 95
440 93
441 90
442 88
443 85
444 83
445 80
446 78
447 75
448 73
449 70
450 68
451 66
452 63
453 60
454 58
455 56
456 53
457 50
458 98
459 98
460 95
461 93
462 90
463 88
464 98
465 95
466 93
467 90
468 88
469 85
470 83
471 80
472 78
473 75
474 98
475 95
476 93
477 90
478 88
479 85
480 83
481 80
482 78
483 98
484 95
485 93
486 90
487 88
488 85
489 83
490 80
491 78
492 75
493 73
494 70
495 68
496 66
497 63
498 60
499 58
500 56
501 53
502 50
503 48
504 45
505 43
506 40
507 38
508 36
509 33
510 31
511 28
512 25
513 23
514 20
515 18
516 15
517 98
518 95
519 93
520 90
521 88
522 85
523 83
524 80
525 78
526 75
527 73
528 70
529 68
530 66
531 63
532 60
533 58
534 56
535 53
536 50
537 48
538 45
539 43
540 40
541 38
542 36
543 33
544 31
545 28
546 25
547 23
548 20
549 18
550 15
551 98
552 95
553 93
554 90
555 88
556 85
557 83
558 80
559 78
560 75
561 73
562 70
563 68
564 66
565 63
566 60
567 58
568 56
569 53
570 50
571 48
572 45
573 43
574 40
575 38
576 36
577 33
578 31
579 28
580 25
581 23
582 20
583 18
584 15
585 13
586 11
587 8
588 6
589 3
590 0
591 98
592 98
593 95
594 98
595 95
596 93
597 90
598 88
599 85
600 83
601 80
602 78
603 75
604 73
605 70
606 68
607 66
608 63
609 60
610 98
611 95
612 93
613 90
614 98
615 95
616 93
617 90
618 88
619 85
620 83
621 80
622 78
623 75
624 73
625 70
626 68
627 66
628 63
629 60
630 58
631 56
632 53
633 50
634 48
635 45
636 43
637 40
638 38
639 98
640 95
641 93
642 90
643 88
644 85
645 83
646 80
647 78
648 75
649 73
650 70
651 68
652 66
653 98
654 95
655 93
656 90
657 88
658 85
659 83
660 80
661 78
662 75
663 73
664 70
665 68
666 66
667 63
668 60
669 58
670 56
671 53
672 50
673 48
674 45
675 43
676 40
677 38
678 36
679 33
680 31
681 28
682 25
683 23
684 20
685 18
686 15
687 13
688 11
689 8
690 6
691 3
692 0
693 98
694 98
695 95
696 98
697 95
698 93
699 90
700 88
701 85
702 83
703 98
704 95
705 93
706 90
707 98
708 95
709 93
710 90
711 88
712 85
713 83
714 80
715 78
716 75
717 73
718 70
719 68
720 66
721 63
722 60
723 58
724 56
725 53
726 50
727 48
728 45
729 98
730 95
731 93
732 90
733 88
734 85
735 83
736 80
737 78
738 75
739 73
740 70
741 68
742 66
743 63
744 60
745 58
746 56
747 98
748 95
749 93
750 90
751 88
752 85
753 83
754 98
755 95
756 93
757 90
758 88
759 85
760 83
761 80
762 78
763 75
764 73
765 70
766 68
767 66
768 63
769 60
770 58
771 56
772 53
773 50
774 48
775 45
776 98
777 95
778 93
779 90
780 88
781 85
782 83
783 80
784 78
785 75
786 73
787 70
788 68
789 66
790 63
791 60
792 58
793 56
794 53
795 50
796 48
797 45
798 43
799 40
800 38
801 98
802 95
803 93
804 90
805 88
806 85
807 83
808 80
809 78
810 75
811 73
812 70
813 68
814 66
815 63
816 60
817 58
818 56
819 53
820 50
821 48
822 45
823 43
824 40
825 38
826 36
827 33
828 31
829 28
830 25
831 23
832 20
833 98
834 95
835 93
836 90
837 88
838 85
839 83
840 80
841 78
842 75
843 73
844 70
845 68
846 66
847 63
848 60
849 58
850 56
851 53
852 50
853 48
854 45
855 43
856 40
857 38
858 36
859 33
860 31
861 28
862 25
863 23
864 20
865 18
866 15
867 13
868 11
869 8
870 6
871 3
872 0
873 98
874 95
875 93
876 98
877 98
878 95
879 93
880 98
881 95
882 93
883 90
884 88
885 98
886 95
887 93
888 90
889 88
890 85
891 83
892 80
893 78
894 75
895 73
896 70
897 68
898 66
899 63
900 60
901 58
902 98
903 95
904 93
905 90
906 88
907 85
908 83
909 80
910 78
911 98
912 95
913 93
914 90
915 88
916 85
917 83
918 80
919 78
920 75
921 73
922 70
923 68
924 66
925 63
926 60
927 58
928 56
929 53
930 50
931 48
932 45
933 43
934 40
935 38
936 36
937 33
938 31
939 28
940 25
941 23
942 20
943 18
944 15
945 13
946 11
947 8
948 6
949 3
950 0
951 98
952 95
953 98
954 95
955 93
956 90
957 88
958 85
959 83
960 80
961 78
962 75
963 73
964 70
965 68
966 66
967 63
968 60
969 58
970 56
971 53
972 50
973 48
974 45
975 43
976 40
977 38
978 36
979 33
980 31
981 28
982 25
983 23
984 20
985 18
986 15
987 13
988 11
989 8
990 6
991 3
992 0
993 98
994 95
995 93
996 90
997 88
998 98
999 95
1000 93
1001 90
1002 88
1003 85
1004 83
1005 80
1006 78
1007 75
1008 73
1009 70
1010 68
1011 66
1012 63
1013 60
1014 58
1015 56
1016 53
1017 50
1018 48
1019 45
1020 43
1021 40
1022 38
1023 36
1024 33
1025 31
1026 28
1027 25
1028 23
1029 20
1030 18
1031 15
1032 13
1033 11
1034 8
1035 6
1036 3
1037 0
