1 15.505 0.0473569 1.79769e+308 1.79769e+308 inf inf
2 0.315514 0.0835125 1.79769e+308 1.79769e+308 inf inf
3 0.548146 0.0310168 0.0835125 0.00109035 181.341 20.7206
4 0.201698 0.0319336 0.0310168 0.000870681 110.514 18.5161
5 0.341835 0.574679 0.0310168 0.000870681 110.514 18.5161
6 0.067319 0.0365998 0.0310168 0.000870681 110.514 18.5161
7 0.1482 0.0387878 0.0310168 0.000870681 110.514 18.5161
8 0.128138 1.69239 0.0310168 0.000870681 110.514 18.5161
9 0.16817 0.01401 0.0310168 0.000870681 110.514 18.5161
10 0.163142 0.017111 0.01401 0.000446729 74.2744 13.263
11 0.0651235 0.0166733 0.01401 0.000446729 74.2744 13.263
12 0.0671982 0.0204933 0.01401 0.000446729 74.2744 13.263
13 0.118535 0.0149827 0.01401 0.000446729 74.2744 13.263
14 0.0477344 0.120958 0.01401 0.000446729 74.2744 13.263
15 0.103427 0.00792617 0.01401 0.000446729 74.2744 13.263
16 0.0647152 0.0275028 0.00792617 0.000348338 55.8666 11.7117
17 0.435282 0.0111474 0.00792617 0.000348338 55.8666 11.7117
18 0.0344231 0.00689244 0.00792617 0.000348338 55.8666 11.7117
19 0.0327118 0.0140896 0.00689244 0.000339732 52.0963 11.5661
20 0.0947854 0.134695 0.00689244 0.000339732 52.0963 11.5661
21 0.0282464 0.0137301 0.00689244 0.000339732 52.0963 11.5661
22 0.0684342 0.092972 0.00689244 0.000339732 52.0963 11.5661
23 0.0361439 0.0105634 0.00689244 0.000339732 52.0963 11.5661
24 0.195811 0.0136919 0.00689244 0.000339732 52.0963 11.5661
25 0.0359977 0.0291593 0.00689244 0.000339732 52.0963 11.5661
26 0.0513783 0.0685546 0.00689244 0.000339732 52.0963 11.5661
27 0.0318939 0.0210284 0.00689244 0.000339732 52.0963 11.5661
28 0.048312 0.0203342 0.00689244 0.000339732 52.0963 11.5661
29 0.0465765 0.00569429 0.00689244 0.000339732 52.0963 11.5661
30 0.0709107 0.00809856 0.00569429 0.00030524 47.3522 10.9633
31 0.0308852 0.0136633 0.00569429 0.00030524 47.3522 10.9633
32 0.041411 0.0149889 0.00569429 0.00030524 47.3522 10.9633
33 0.0492852 0.0532298 0.00569429 0.00030524 47.3522 10.9633
34 0.0520123 0.00389054 0.00569429 0.00030524 47.3522 10.9633
35 0.0309566 0.0152744 0.00389054 0.000301405 39.1404 10.8942
36 0.034466 0.00704974 0.00389054 0.000301405 39.1404 10.8942
37 0.0447173 0.00539786 0.00389054 0.000301405 39.1404 10.8942
38 0.0325895 0.205053 0.00389054 0.000301405 39.1404 10.8942
39 0.0732233 0.0695537 0.00389054 0.000301405 39.1404 10.8942
40 0.0199308 0.00606556 0.00389054 0.000301405 39.1404 10.8942
41 0.0343694 0.0781449 0.00389054 0.000301405 39.1404 10.8942
42 0.0425641 0.111116 0.00389054 0.000301405 39.1404 10.8942
43 0.104691 0.0047552 0.00389054 0.000301405 39.1404 10.8942
44 0.0210435 0.0131882 0.00389054 0.000301405 39.1404 10.8942
45 0.0343188 0.00588465 0.00389054 0.000301405 39.1404 10.8942
46 0.0467169 0.00675924 0.00389054 0.000301405 39.1404 10.8942
47 0.0332869 0.0338176 0.00389054 0.000301405 39.1404 10.8942
48 0.0269103 0.0173845 0.00389054 0.000301405 39.1404 10.8942
49 0.0364184 0.00799467 0.00389054 0.000301405 39.1404 10.8942
50 0.0483989 0.0135222 0.00389054 0.000301405 39.1404 10.8942
51 0.0403932 0.0067936 0.00389054 0.000301405 39.1404 10.8942
52 0.0685801 0.00592042 0.00389054 0.000301405 39.1404 10.8942
53 0.0185099 0.0375569 0.00389054 0.000301405 39.1404 10.8942
54 0.0286778 0.00750327 0.00389054 0.000301405 39.1404 10.8942
55 0.0396678 0.00725619 0.00389054 0.000301405 39.1404 10.8942
56 0.0294606 0.00551303 0.00389054 0.000301405 39.1404 10.8942
57 0.0623982 0.00456042 0.00389054 0.000301405 39.1404 10.8942
58 0.0224363 0.049359 0.00389054 0.000301405 39.1404 10.8942
59 0.0229506 0.149739 0.00389054 0.000301405 39.1404 10.8942
60 0.0471485 0.00949469 0.00389054 0.000301405 39.1404 10.8942
61 0.0442871 0.0315555 0.00389054 0.000301405 39.1404 10.8942
62 0.018692 0.0107738 0.00389054 0.000301405 39.1404 10.8942
63 0.0902762 0.0044751 0.00389054 0.000301405 39.1404 10.8942
64 0.0177881 0.0165365 0.00389054 0.000301405 39.1404 10.8942
65 0.0332652 0.177758 0.00389054 0.000301405 39.1404 10.8942
66 0.0226204 0.0044463 0.00389054 0.000301405 39.1404 10.8942
67 0.04567 0.00714708 0.00389054 0.000301405 39.1404 10.8942
68 0.0244116 0.00661912 0.00389054 0.000301405 39.1404 10.8942
69 0.0307888 0.00383362 0.00389054 0.000301405 39.1404 10.8942
70 0.0484604 0.0278133 0.00383362 0.000279817 38.853 10.4968
71 0.0184863 0.00877123 0.00383362 0.000279817 38.853 10.4968
72 0.0332409 0.0283979 0.00383362 0.000279817 38.853 10.4968
73 0.0382484 0.00819756 0.00383362 0.000279817 38.853 10.4968
74 0.0218398 0.00395291 0.00383362 0.000279817 38.853 10.4968
75 0.0459838 0.00619351 0.00383362 0.000279817 38.853 10.4968
76 0.0170311 0.0113627 0.00383362 0.000279817 38.853 10.4968
77 0.0356392 0.0168539 0.00383362 0.000279817 38.853 10.4968
78 0.0237301 0.0232079 0.00383362 0.000279817 38.853 10.4968
79 0.0717795 0.00641239 0.00383362 0.000279817 38.853 10.4968
80 0.0140152 0.247569 0.00383362 0.000279817 38.853 10.4968
81 0.0302608 0.00733755 0.00383362 0.000279817 38.853 10.4968
82 0.0764681 0.00380738 0.00383362 0.000279817 38.853 10.4968
83 0.0132852 0.00900743 0.00380738 0.00027501 38.7198 10.4063
84 0.0308069 0.0112063 0.00380738 0.00027501 38.7198 10.4063
85 0.0326534 0.0062938 0.00380738 0.00027501 38.7198 10.4063
86 0.0638462 0.00573087 0.00380738 0.00027501 38.7198 10.4063
87 0.012446 0.0037678 0.00380738 0.00027501 38.7198 10.4063
88 0.0302991 0.0302893 0.0037678 0.000277362 38.5181 10.4507
89 0.077413 0.00605857 0.0037678 0.000277362 38.5181 10.4507
90 0.0112407 0.00692954 0.0037678 0.000277362 38.5181 10.4507
91 0.0190051 0.0119998 0.0037678 0.000277362 38.5181 10.4507
92 0.0523352 0.010812 0.0037678 0.000277362 38.5181 10.4507
93 0.0251618 0.0700364 0.0037678 0.000277362 38.5181 10.4507
94 0.0288612 0.00799955 0.0037678 0.000277362 38.5181 10.4507
95 0.0283701 0.0354846 0.0037678 0.000277362 38.5181 10.4507
96 0.0283491 0.00507877 0.0037678 0.000277362 38.5181 10.4507
97 0.0378717 0.00589241 0.0037678 0.000277362 38.5181 10.4507
98 0.0438039 0.00516462 0.0037678 0.000277362 38.5181 10.4507
99 0.0215279 0.0221111 0.0037678 0.000277362 38.5181 10.4507
100 0.0354797 0.00345385 0.0037678 0.000277362 38.5181 10.4507
101 0.0264124 0.0079895 0.00345385 0.00027589 36.8784 10.4229
102 0.0172462 0.00999721 0.00345385 0.00027589 36.8784 10.4229
103 0.0867444 0.00423339 0.00345385 0.00027589 36.8784 10.4229
104 0.00805449 0.0146362 0.00345385 0.00027589 36.8784 10.4229
105 0.0372214 0.00602125 0.00345385 0.00027589 36.8784 10.4229
106 0.0218473 0.00957949 0.00345385 0.00027589 36.8784 10.4229
107 0.0372661 0.00447083 0.00345385 0.00027589 36.8784 10.4229
108 0.0231049 0.0060192 0.00345385 0.00027589 36.8784 10.4229
109 0.0359105 0.0101285 0.00345385 0.00027589 36.8784 10.4229
110 0.0283539 0.0491797 0.00345385 0.00027589 36.8784 10.4229
111 0.0387524 0.0112813 0.00345385 0.00027589 36.8784 10.4229
112 0.0232252 0.00551493 0.00345385 0.00027589 36.8784 10.4229
113 0.0334532 0.01124 0.00345385 0.00027589 36.8784 10.4229
114 0.0620795 0.00371165 0.00345385 0.00027589 36.8784 10.4229
115 0.0106586 0.0278404 0.00345385 0.00027589 36.8784 10.4229
116 0.0307935 0.0246053 0.00345385 0.00027589 36.8784 10.4229
117 0.0280367 0.00881578 0.00345385 0.00027589 36.8784 10.4229
118 0.0244471 0.00611084 0.00345385 0.00027589 36.8784 10.4229
119 0.0319727 0.00770329 0.00345385 0.00027589 36.8784 10.4229
120 0.107643 0.00607345 0.00345385 0.00027589 36.8784 10.4229
121 0.00925151 0.0454921 0.00345385 0.00027589 36.8784 10.4229
122 0.0222281 0.00399372 0.00345385 0.00027589 36.8784 10.4229
123 0.0260844 0.00918952 0.00345385 0.00027589 36.8784 10.4229
124 0.0268863 0.0929521 0.00345385 0.00027589 36.8784 10.4229
125 0.0307075 0.00423312 0.00345385 0.00027589 36.8784 10.4229
126 0.0246533 0.0275544 0.00345385 0.00027589 36.8784 10.4229
127 0.0529571 0.00552874 0.00345385 0.00027589 36.8784 10.4229
128 0.0218687 0.00718995 0.00345385 0.00027589 36.8784 10.4229
129 0.0227467 0.00978037 0.00345385 0.00027589 36.8784 10.4229
130 0.0511943 3.90382 0.00345385 0.00027589 36.8784 10.4229
131 0.0353095 0.00914022 0.00345385 0.00027589 36.8784 10.4229
132 0.0228447 0.00484505 0.00345385 0.00027589 36.8784 10.4229
133 0.0248533 0.00406717 0.00345385 0.00027589 36.8784 10.4229
134 0.0237321 0.0812282 0.00345385 0.00027589 36.8784 10.4229
135 0.0375685 0.0108333 0.00345385 0.00027589 36.8784 10.4229
136 0.0276426 0.035134 0.00345385 0.00027589 36.8784 10.4229
137 0.0313014 0.00583105 0.00345385 0.00027589 36.8784 10.4229
138 0.0297669 0.00534691 0.00345385 0.00027589 36.8784 10.4229
139 0.0273212 0.00461386 0.00345385 0.00027589 36.8784 10.4229
140 0.0269032 0.00371488 0.00345385 0.00027589 36.8784 10.4229
141 0.0503666 0.0101808 0.00345385 0.00027589 36.8784 10.4229
142 0.011689 0.014135 0.00345385 0.00027589 36.8784 10.4229
143 0.0255673 0.0862004 0.00345385 0.00027589 36.8784 10.4229
144 0.0394444 0.00707246 0.00345385 0.00027589 36.8784 10.4229
145 0.0188751 0.299882 0.00345385 0.00027589 36.8784 10.4229
146 0.0378592 0.00402199 0.00345385 0.00027589 36.8784 10.4229
147 0.0250453 0.0298068 0.00345385 0.00027589 36.8784 10.4229
148 0.0211826 0.0159028 0.00345385 0.00027589 36.8784 10.4229
149 0.0369851 0.00483066 0.00345385 0.00027589 36.8784 10.4229
150 0.0317927 0.00438677 0.00345385 0.00027589 36.8784 10.4229
151 0.0261152 0.0143866 0.00345385 0.00027589 36.8784 10.4229
152 0.0222305 0.00959109 0.00345385 0.00027589 36.8784 10.4229
153 0.0239689 0.0137915 0.00345385 0.00027589 36.8784 10.4229
154 0.0358654 0.00897922 0.00345385 0.00027589 36.8784 10.4229
155 0.0653047 0.00808749 0.00345385 0.00027589 36.8784 10.4229
156 0.0153105 0.00937433 0.00345385 0.00027589 36.8784 10.4229
157 0.0394458 0.725816 0.00345385 0.00027589 36.8784 10.4229
158 0.0136127 0.0255045 0.00345385 0.00027589 36.8784 10.4229
159 0.0357078 0.00387631 0.00345385 0.00027589 36.8784 10.4229
160 0.0218086 0.0189346 0.00345385 0.00027589 36.8784 10.4229
161 0.0349784 0.0228483 0.00345385 0.00027589 36.8784 10.4229
162 0.021913 0.00433289 0.00345385 0.00027589 36.8784 10.4229
163 0.0261096 0.00717347 0.00345385 0.00027589 36.8784 10.4229
164 0.0450411 0.259457 0.00345385 0.00027589 36.8784 10.4229
165 0.0158142 0.00410699 0.00345385 0.00027589 36.8784 10.4229
166 0.043272 0.00962478 0.00345385 0.00027589 36.8784 10.4229
167 0.0106048 0.0064714 0.00345385 0.00027589 36.8784 10.4229
168 0.0360319 0.0151433 0.00345385 0.00027589 36.8784 10.4229
169 0.0295575 0.00393329 0.00345385 0.00027589 36.8784 10.4229
170 0.0265177 0.00527223 0.00345385 0.00027589 36.8784 10.4229
171 0.0498085 0.0287437 0.00345385 0.00027589 36.8784 10.4229
172 0.0146209 0.00821682 0.00345385 0.00027589 36.8784 10.4229
173 0.0248577 0.0321355 0.00345385 0.00027589 36.8784 10.4229
174 0.0270899 0.00472033 0.00345385 0.00027589 36.8784 10.4229
175 0.0216854 0.010882 0.00345385 0.00027589 36.8784 10.4229
176 0.100927 0.00347646 0.00345385 0.00027589 36.8784 10.4229
177 0.0223873 0.00577617 0.00345385 0.00027589 36.8784 10.4229
178 0.0126667 0.00430406 0.00345385 0.00027589 36.8784 10.4229
179 0.0437739 0.00753981 0.00345385 0.00027589 36.8784 10.4229
180 0.0140467 0.00360288 0.00345385 0.00027589 36.8784 10.4229
181 0.0203723 0.0137532 0.00345385 0.00027589 36.8784 10.4229
182 0.0344979 0.0122579 0.00345385 0.00027589 36.8784 10.4229
183 0.287173 0.00598324 0.00345385 0.00027589 36.8784 10.4229
184 0.00758343 0.0053593 0.00345385 0.00027589 36.8784 10.4229
185 0.0550028 0.00448579 0.00345385 0.00027589 36.8784 10.4229
186 0.00612844 0.00382922 0.00345385 0.00027589 36.8784 10.4229
187 0.018088 0.0386202 0.00345385 0.00027589 36.8784 10.4229
188 0.0411139 0.0413501 0.00345385 0.00027589 36.8784 10.4229
189 0.0275524 0.00519614 0.00345385 0.00027589 36.8784 10.4229
190 0.0341737 0.00894387 0.00345385 0.00027589 36.8784 10.4229
191 0.0304543 0.0497209 0.00345385 0.00027589 36.8784 10.4229
192 0.0291961 0.00673252 0.00345385 0.00027589 36.8784 10.4229
193 0.0522347 0.127146 0.00345385 0.00027589 36.8784 10.4229
194 0.0235071 0.00951492 0.00345385 0.00027589 36.8784 10.4229
195 0.057369 0.0049779 0.00345385 0.00027589 36.8784 10.4229
196 0.0133444 0.00917802 0.00345385 0.00027589 36.8784 10.4229
197 0.0679404 0.0593935 0.00345385 0.00027589 36.8784 10.4229
198 0.0251796 0.00393518 0.00345385 0.00027589 36.8784 10.4229
199 0.0189326 0.0265848 0.00345385 0.00027589 36.8784 10.4229
200 0.0345477 0.0100985 0.00345385 0.00027589 36.8784 10.4229
201 0.00309862 0.00409483 0.00345385 0.00027589 36.8784 10.4229
202 0.00409733 0.00701714 0.00345385 0.00027589 36.8784 10.4229
203 0.00528229 0.00309661 0.00345385 0.00027589 36.8784 10.4229
204 0.00716119 0.00648895 0.00309661 0.000276489 34.9192 10.4342
205 0.00803817 0.00590042 0.00309661 0.000276489 34.9192 10.4342
206 0.00807455 0.00945002 0.00309661 0.000276489 34.9192 10.4342
207 0.00672455 0.00798215 0.00309661 0.000276489 34.9192 10.4342
208 0.00687865 0.00666275 0.00309661 0.000276489 34.9192 10.4342
209 0.00817047 0.00596847 0.00309661 0.000276489 34.9192 10.4342
210 0.00710886 0.0105895 0.00309661 0.000276489 34.9192 10.4342
211 0.00684797 0.0169455 0.00309661 0.000276489 34.9192 10.4342
212 0.00738427 0.0153336 0.00309661 0.000276489 34.9192 10.4342
213 0.00858697 0.00378281 0.00309661 0.000276489 34.9192 10.4342
214 0.0082347 0.0110825 0.00309661 0.000276489 34.9192 10.4342
215 0.00918619 0.00623802 0.00309661 0.000276489 34.9192 10.4342
216 0.00649372 0.00414991 0.00309661 0.000276489 34.9192 10.4342
217 0.0091989 0.00587206 0.00309661 0.000276489 34.9192 10.4342
218 0.00718749 0.0282799 0.00309661 0.000276489 34.9192 10.4342
219 0.0073253 0.00885068 0.00309661 0.000276489 34.9192 10.4342
220 0.00824352 0.00373356 0.00309661 0.000276489 34.9192 10.4342
221 0.00733395 0.0261522 0.00309661 0.000276489 34.9192 10.4342
222 0.00761985 0.0037826 0.00309661 0.000276489 34.9192 10.4342
223 0.00708354 0.00320143 0.00309661 0.000276489 34.9192 10.4342
224 0.00815788 0.00770142 0.00309661 0.000276489 34.9192 10.4342
225 0.00801405 0.00787182 0.00309661 0.000276489 34.9192 10.4342
226 0.00899131 0.0094561 0.00309661 0.000276489 34.9192 10.4342
227 0.00710818 0.00767787 0.00309661 0.000276489 34.9192 10.4342
228 0.0089357 0.00475459 0.00309661 0.000276489 34.9192 10.4342
229 0.00703706 0.00460222 0.00309661 0.000276489 34.9192 10.4342
230 0.00878837 0.00809794 0.00309661 0.000276489 34.9192 10.4342
231 0.00805022 0.0140114 0.00309661 0.000276489 34.9192 10.4342
232 0.00942687 0.00812453 0.00309661 0.000276489 34.9192 10.4342
233 0.00778888 0.00398233 0.00309661 0.000276489 34.9192 10.4342
234 0.00695936 0.00712833 0.00309661 0.000276489 34.9192 10.4342
235 0.00817011 0.0051413 0.00309661 0.000276489 34.9192 10.4342
236 0.00792137 0.00716466 0.00309661 0.000276489 34.9192 10.4342
237 0.00888211 0.00751017 0.00309661 0.000276489 34.9192 10.4342
238 0.00796085 0.0268689 0.00309661 0.000276489 34.9192 10.4342
239 0.00940415 0.00372643 0.00309661 0.000276489 34.9192 10.4342
240 0.00783664 0.00394164 0.00309661 0.000276489 34.9192 10.4342
241 0.00764706 0.00933068 0.00309661 0.000276489 34.9192 10.4342
242 0.00813577 0.00624061 0.00309661 0.000276489 34.9192 10.4342
243 0.00964648 0.00401388 0.00309661 0.000276489 34.9192 10.4342
244 0.00654057 0.00414964 0.00309661 0.000276489 34.9192 10.4342
245 0.00802836 0.00695474 0.00309661 0.000276489 34.9192 10.4342
246 0.00859104 0.00649992 0.00309661 0.000276489 34.9192 10.4342
247 0.00944583 0.00600456 0.00309661 0.000276489 34.9192 10.4342
248 0.00848997 0.00825347 0.00309661 0.000276489 34.9192 10.4342
249 0.00889971 0.0101107 0.00309661 0.000276489 34.9192 10.4342
250 0.00687142 0.00322986 0.00309661 0.000276489 34.9192 10.4342
251 0.0102724 0.00696029 0.00309661 0.000276489 34.9192 10.4342
252 0.00780668 0.0219411 0.00309661 0.000276489 34.9192 10.4342
253 0.00653552 0.00460183 0.00309661 0.000276489 34.9192 10.4342
254 0.0123059 0.00277941 0.00309661 0.000276489 34.9192 10.4342
255 0.00690883 0.00559908 0.00277941 0.000277669 33.0823 10.4564
256 0.00707348 0.0164197 0.00277941 0.000277669 33.0823 10.4564
257 0.0115616 0.00381134 0.00277941 0.000277669 33.0823 10.4564
258 0.00641983 0.00587269 0.00277941 0.000277669 33.0823 10.4564
259 0.00811484 0.00308099 0.00277941 0.000277669 33.0823 10.4564
260 0.00826592 0.00811504 0.00277941 0.000277669 33.0823 10.4564
261 0.0104481 0.0221808 0.00277941 0.000277669 33.0823 10.4564
262 0.00749139 0.00381431 0.00277941 0.000277669 33.0823 10.4564
263 0.00762464 0.00526776 0.00277941 0.000277669 33.0823 10.4564
264 0.00853309 0.00562861 0.00277941 0.000277669 33.0823 10.4564
265 0.00701284 0.00592548 0.00277941 0.000277669 33.0823 10.4564
266 0.0125313 0.00644372 0.00277941 0.000277669 33.0823 10.4564
267 0.00700343 0.0145378 0.00277941 0.000277669 33.0823 10.4564
268 0.00824152 0.00881721 0.00277941 0.000277669 33.0823 10.4564
269 0.00855184 0.00910554 0.00277941 0.000277669 33.0823 10.4564
270 0.00950035 0.0149687 0.00277941 0.000277669 33.0823 10.4564
271 0.0113445 0.00348885 0.00277941 0.000277669 33.0823 10.4564
272 0.00628747 0.00458739 0.00277941 0.000277669 33.0823 10.4564
273 0.00895891 0.00394287 0.00277941 0.000277669 33.0823 10.4564
274 0.00890457 0.00590771 0.00277941 0.000277669 33.0823 10.4564
275 0.0078685 0.00626231 0.00277941 0.000277669 33.0823 10.4564
276 0.00845294 0.00658088 0.00277941 0.000277669 33.0823 10.4564
277 0.00864604 0.00899382 0.00277941 0.000277669 33.0823 10.4564
278 0.00810992 0.0184344 0.00277941 0.000277669 33.0823 10.4564
279 0.00941366 0.00472886 0.00277941 0.000277669 33.0823 10.4564
280 0.00899785 0.00981744 0.00277941 0.000277669 33.0823 10.4564
281 0.00728 0.00534848 0.00277941 0.000277669 33.0823 10.4564
282 0.00993344 0.0152042 0.00277941 0.000277669 33.0823 10.4564
283 0.00666147 0.0106933 0.00277941 0.000277669 33.0823 10.4564
284 0.00844936 0.0108822 0.00277941 0.000277669 33.0823 10.4564
285 0.0100489 0.00895388 0.00277941 0.000277669 33.0823 10.4564
286 0.00723351 0.00981045 0.00277941 0.000277669 33.0823 10.4564
287 0.00863361 0.00378442 0.00277941 0.000277669 33.0823 10.4564
288 0.00947822 0.00375567 0.00277941 0.000277669 33.0823 10.4564
289 0.0104516 0.00541484 0.00277941 0.000277669 33.0823 10.4564
290 0.00782806 0.0116299 0.00277941 0.000277669 33.0823 10.4564
291 0.00844023 0.00621247 0.00277941 0.000277669 33.0823 10.4564
292 0.00797756 0.00504608 0.00277941 0.000277669 33.0823 10.4564
293 0.00885959 0.00929506 0.00277941 0.000277669 33.0823 10.4564
294 0.0107328 0.00515183 0.00277941 0.000277669 33.0823 10.4564
295 0.00727812 0.00703075 0.00277941 0.000277669 33.0823 10.4564
296 0.0104576 0.00668773 0.00277941 0.000277669 33.0823 10.4564
297 0.00928023 0.007352 0.00277941 0.000277669 33.0823 10.4564
298 0.00685493 0.00790447 0.00277941 0.000277669 33.0823 10.4564
299 0.0103845 0.00317627 0.00277941 0.000277669 33.0823 10.4564
300 0.00810043 0.00537946 0.00277941 0.000277669 33.0823 10.4564
301 0.00883484 0.00435114 0.00277941 0.000277669 33.0823 10.4564
302 0.0100893 0.00598028 0.00277941 0.000277669 33.0823 10.4564
303 0.00771434 0.00905379 0.00277941 0.000277669 33.0823 10.4564
304 0.0103363 0.00338266 0.00277941 0.000277669 33.0823 10.4564
305 0.00738064 0.00556654 0.00277941 0.000277669 33.0823 10.4564
306 0.00861599 0.00681988 0.00277941 0.000277669 33.0823 10.4564
307 0.00892178 0.00957228 0.00277941 0.000277669 33.0823 10.4564
308 0.00969243 0.0053698 0.00277941 0.000277669 33.0823 10.4564
309 0.00903678 0.00529789 0.00277941 0.000277669 33.0823 10.4564
310 0.00844428 0.0245142 0.00277941 0.000277669 33.0823 10.4564
311 0.00947098 0.025848 0.00277941 0.000277669 33.0823 10.4564
312 0.00970421 0.00342839 0.00277941 0.000277669 33.0823 10.4564
313 0.00810341 0.00995266 0.00277941 0.000277669 33.0823 10.4564
314 0.0103633 0.294728 0.00277941 0.000277669 33.0823 10.4564
315 0.00991528 0.00600024 0.00277941 0.000277669 33.0823 10.4564
316 0.00690636 0.00554469 0.00277941 0.000277669 33.0823 10.4564
317 0.00874849 0.00396505 0.00277941 0.000277669 33.0823 10.4564
318 0.008853 0.0414665 0.00277941 0.000277669 33.0823 10.4564
319 0.00911732 0.00401824 0.00277941 0.000277669 33.0823 10.4564
320 0.00938292 0.00688999 0.00277941 0.000277669 33.0823 10.4564
321 0.00868288 0.0220839 0.00277941 0.000277669 33.0823 10.4564
322 0.00962458 0.00477318 0.00277941 0.000277669 33.0823 10.4564
323 0.00849284 0.00527034 0.00277941 0.000277669 33.0823 10.4564
324 0.00691279 0.00907452 0.00277941 0.000277669 33.0823 10.4564
325 0.0108963 0.00636978 0.00277941 0.000277669 33.0823 10.4564
326 0.00880636 0.00607801 0.00277941 0.000277669 33.0823 10.4564
327 0.0108136 0.00476864 0.00277941 0.000277669 33.0823 10.4564
328 0.00996089 0.00884026 0.00277941 0.000277669 33.0823 10.4564
329 0.00789057 0.00650962 0.00277941 0.000277669 33.0823 10.4564
330 0.00911401 0.019846 0.00277941 0.000277669 33.0823 10.4564
331 0.00829569 0.0286824 0.00277941 0.000277669 33.0823 10.4564
332 0.0100816 0.0257803 0.00277941 0.000277669 33.0823 10.4564
333 0.00798023 0.00771252 0.00277941 0.000277669 33.0823 10.4564
334 0.00947517 0.011596 0.00277941 0.000277669 33.0823 10.4564
335 0.00824883 0.00322467 0.00277941 0.000277669 33.0823 10.4564
336 0.00952793 0.00477041 0.00277941 0.000277669 33.0823 10.4564
337 0.0102716 0.00514133 0.00277941 0.000277669 33.0823 10.4564
338 0.00798497 0.0125407 0.00277941 0.000277669 33.0823 10.4564
339 0.00695466 0.00667928 0.00277941 0.000277669 33.0823 10.4564
340 0.0137457 0.00479858 0.00277941 0.000277669 33.0823 10.4564
341 0.00843408 0.0063153 0.00277941 0.000277669 33.0823 10.4564
342 0.0125846 0.00403773 0.00277941 0.000277669 33.0823 10.4564
343 0.00843704 0.00536965 0.00277941 0.000277669 33.0823 10.4564
344 0.0083401 0.0196668 0.00277941 0.000277669 33.0823 10.4564
345 0.00870115 0.00912504 0.00277941 0.000277669 33.0823 10.4564
346 0.00843837 0.0176695 0.00277941 0.000277669 33.0823 10.4564
347 0.00884788 0.0233288 0.00277941 0.000277669 33.0823 10.4564
348 0.010206 0.00684672 0.00277941 0.000277669 33.0823 10.4564
349 0.0079125 0.0114581 0.00277941 0.000277669 33.0823 10.4564
350 0.0104179 0.00409745 0.00277941 0.000277669 33.0823 10.4564
351 0.00803132 0.00604499 0.00277941 0.000277669 33.0823 10.4564
352 0.00846494 0.00506589 0.00277941 0.000277669 33.0823 10.4564
353 0.00930501 0.00461682 0.00277941 0.000277669 33.0823 10.4564
354 0.00779443 0.00304287 0.00277941 0.000277669 33.0823 10.4564
355 0.00314845 0.00288064 0.00277941 0.000277669 33.0823 10.4564
356 0.00384908 0.0055054 0.00277941 0.000277669 33.0823 10.4564
357 0.00401434 0.0075734 0.00277941 0.000277669 33.0823 10.4564
358 0.00437775 0.00359406 0.00277941 0.000277669 33.0823 10.4564
359 0.00407798 0.00346013 0.00277941 0.000277669 33.0823 10.4564
360 0.00487265 0.00658463 0.00277941 0.000277669 33.0823 10.4564
361 0.00431244 0.00746623 0.00277941 0.000277669 33.0823 10.4564
362 0.00419365 0.00372528 0.00277941 0.000277669 33.0823 10.4564
363 0.00528151 0.00339666 0.00277941 0.000277669 33.0823 10.4564
364 0.0047103 0.00308463 0.00277941 0.000277669 33.0823 10.4564
365 0.00388755 0.00329089 0.00277941 0.000277669 33.0823 10.4564
366 0.00486687 0.0037001 0.00277941 0.000277669 33.0823 10.4564
367 0.0043369 0.00271023 0.00277941 0.000277669 33.0823 10.4564
368 0.00507167 0.00349028 0.00271023 0.00028208 32.6681 10.5392
369 0.00499094 0.00334969 0.00271023 0.00028208 32.6681 10.5392
370 0.00433507 0.00435984 0.00271023 0.00028208 32.6681 10.5392
371 0.00449514 0.00383113 0.00271023 0.00028208 32.6681 10.5392
372 0.0042417 0.00316434 0.00271023 0.00028208 32.6681 10.5392
373 0.00479537 0.00425015 0.00271023 0.00028208 32.6681 10.5392
374 0.00444112 0.00905995 0.00271023 0.00028208 32.6681 10.5392
375 0.00451625 0.00497769 0.00271023 0.00028208 32.6681 10.5392
376 0.00501979 0.00443567 0.00271023 0.00028208 32.6681 10.5392
377 0.0044974 0.00385147 0.00271023 0.00028208 32.6681 10.5392
378 0.00511639 0.00328503 0.00271023 0.00028208 32.6681 10.5392
379 0.0045317 0.00345228 0.00271023 0.00028208 32.6681 10.5392
380 0.00460311 0.00548452 0.00271023 0.00028208 32.6681 10.5392
381 0.00448963 0.0046307 0.00271023 0.00028208 32.6681 10.5392
382 0.00452402 0.00321429 0.00271023 0.00028208 32.6681 10.5392
383 0.00475037 0.0078271 0.00271023 0.00028208 32.6681 10.5392
384 0.00442118 0.00613566 0.00271023 0.00028208 32.6681 10.5392
385 0.0051723 0.00491027 0.00271023 0.00028208 32.6681 10.5392
386 0.00470848 0.00340087 0.00271023 0.00028208 32.6681 10.5392
387 0.00438363 0.0048653 0.00271023 0.00028208 32.6681 10.5392
388 0.00481005 0.00482013 0.00271023 0.00028208 32.6681 10.5392
389 0.00514573 0.00469962 0.00271023 0.00028208 32.6681 10.5392
390 0.00433653 0.00814843 0.00271023 0.00028208 32.6681 10.5392
391 0.00535384 0.00333551 0.00271023 0.00028208 32.6681 10.5392
392 0.00489169 0.00403531 0.00271023 0.00028208 32.6681 10.5392
393 0.00417487 0.00663437 0.00271023 0.00028208 32.6681 10.5392
394 0.00490094 0.00353773 0.00271023 0.00028208 32.6681 10.5392
395 0.0049824 0.00349884 0.00271023 0.00028208 32.6681 10.5392
396 0.00477773 0.00373121 0.00271023 0.00028208 32.6681 10.5392
397 0.00446413 0.00581476 0.00271023 0.00028208 32.6681 10.5392
398 0.00465359 0.00264283 0.00271023 0.00028208 32.6681 10.5392
399 0.00459755 0.00528255 0.00264283 0.000280315 32.2593 10.5062
400 0.00474807 0.00397821 0.00264283 0.000280315 32.2593 10.5062
401 0.00432892 0.00781091 0.00264283 0.000280315 32.2593 10.5062
402 0.00455984 0.00481452 0.00264283 0.000280315 32.2593 10.5062
403 0.00566647 0.0141891 0.00264283 0.000280315 32.2593 10.5062
404 0.00439141 0.00268804 0.00264283 0.000280315 32.2593 10.5062
405 0.00545032 0.00334161 0.00264283 0.000280315 32.2593 10.5062
406 0.00467922 0.00510777 0.00264283 0.000280315 32.2593 10.5062
407 0.00493514 0.00755799 0.00264283 0.000280315 32.2593 10.5062
408 0.00451034 0.0113454 0.00264283 0.000280315 32.2593 10.5062
409 0.00558834 0.00585874 0.00264283 0.000280315 32.2593 10.5062
410 0.00492926 0.00363493 0.00264283 0.000280315 32.2593 10.5062
411 0.00446583 0.00614 0.00264283 0.000280315 32.2593 10.5062
412 0.0044696 0.00825068 0.00264283 0.000280315 32.2593 10.5062
413 0.00525247 0.00363733 0.00264283 0.000280315 32.2593 10.5062
414 0.00505288 0.0170335 0.00264283 0.000280315 32.2593 10.5062
415 0.00499682 0.00401128 0.00264283 0.000280315 32.2593 10.5062
416 0.00513454 0.003694 0.00264283 0.000280315 32.2593 10.5062
417 0.00414988 0.00331855 0.00264283 0.000280315 32.2593 10.5062
418 0.00505018 0.00723095 0.00264283 0.000280315 32.2593 10.5062
419 0.00583409 0.00596947 0.00264283 0.000280315 32.2593 10.5062
420 0.00441745 0.00647009 0.00264283 0.000280315 32.2593 10.5062
421 0.00576164 0.00520248 0.00264283 0.000280315 32.2593 10.5062
422 0.00499194 0.0034283 0.00264283 0.000280315 32.2593 10.5062
423 0.00491165 0.00462625 0.00264283 0.000280315 32.2593 10.5062
424 0.00523587 0.00383915 0.00264283 0.000280315 32.2593 10.5062
425 0.00508613 0.00595963 0.00264283 0.000280315 32.2593 10.5062
426 0.00514527 0.00378276 0.00264283 0.000280315 32.2593 10.5062
427 0.0052838 0.00609859 0.00264283 0.000280315 32.2593 10.5062
428 0.00432166 0.00512886 0.00264283 0.000280315 32.2593 10.5062
429 0.00585951 0.00528746 0.00264283 0.000280315 32.2593 10.5062
430 0.00439294 0.004045 0.00264283 0.000280315 32.2593 10.5062
431 0.00662516 0.00278028 0.00264283 0.000280315 32.2593 10.5062
432 0.00425845 0.0031273 0.00264283 0.000280315 32.2593 10.5062
433 0.004788 0.00306667 0.00264283 0.000280315 32.2593 10.5062
434 0.00559141 0.00391526 0.00264283 0.000280315 32.2593 10.5062
435 0.00440641 0.00333158 0.00264283 0.000280315 32.2593 10.5062
436 0.00598304 0.00529184 0.00264283 0.000280315 32.2593 10.5062
437 0.00568627 0.0105319 0.00264283 0.000280315 32.2593 10.5062
438 0.00509975 0.0036771 0.00264283 0.000280315 32.2593 10.5062
439 0.00531228 0.0038309 0.00264283 0.000280315 32.2593 10.5062
440 0.00515091 0.00503258 0.00264283 0.000280315 32.2593 10.5062
441 0.00527067 0.0072226 0.00264283 0.000280315 32.2593 10.5062
442 0.00512754 0.00846238 0.00264283 0.000280315 32.2593 10.5062
443 0.00564597 0.00805693 0.00264283 0.000280315 32.2593 10.5062
444 0.00440782 0.0052791 0.00264283 0.000280315 32.2593 10.5062
445 0.00532074 0.0040519 0.00264283 0.000280315 32.2593 10.5062
446 0.00507927 0.00427921 0.00264283 0.000280315 32.2593 10.5062
447 0.00548388 0.00294466 0.00264283 0.000280315 32.2593 10.5062
448 0.00524766 0.00424969 0.00264283 0.000280315 32.2593 10.5062
449 0.00629606 0.00582606 0.00264283 0.000280315 32.2593 10.5062
450 0.0054356 0.00511413 0.00264283 0.000280315 32.2593 10.5062
451 0.00499554 0.00740135 0.00264283 0.000280315 32.2593 10.5062
452 0.00492267 0.004768 0.00264283 0.000280315 32.2593 10.5062
453 0.00612068 0.00827725 0.00264283 0.000280315 32.2593 10.5062
454 0.00525353 0.00542014 0.00264283 0.000280315 32.2593 10.5062
455 0.0055983 0.0050031 0.00264283 0.000280315 32.2593 10.5062
456 0.00509436 0.00460456 0.00264283 0.000280315 32.2593 10.5062
457 0.00537462 0.0027748 0.00264283 0.000280315 32.2593 10.5062
458 0.00541082 0.00329075 0.00264283 0.000280315 32.2593 10.5062
459 0.00527298 0.00512678 0.00264283 0.000280315 32.2593 10.5062
460 0.00472274 0.00311333 0.00264283 0.000280315 32.2593 10.5062
461 0.00569195 0.0238891 0.00264283 0.000280315 32.2593 10.5062
462 0.00574292 0.00664004 0.00264283 0.000280315 32.2593 10.5062
463 0.00501452 0.00344857 0.00264283 0.000280315 32.2593 10.5062
464 0.00512551 0.0029543 0.00264283 0.000280315 32.2593 10.5062
465 0.00539396 0.0094682 0.00264283 0.000280315 32.2593 10.5062
466 0.00446521 0.00411558 0.00264283 0.000280315 32.2593 10.5062
467 0.00591678 0.00337111 0.00264283 0.000280315 32.2593 10.5062
468 0.00497625 0.00518081 0.00264283 0.000280315 32.2593 10.5062
469 0.00507524 0.00354123 0.00264283 0.000280315 32.2593 10.5062
470 0.0054027 0.0065394 0.00264283 0.000280315 32.2593 10.5062
471 0.0055534 0.00273617 0.00264283 0.000280315 32.2593 10.5062
472 0.00540089 0.00656599 0.00264283 0.000280315 32.2593 10.5062
473 0.00575081 0.00271965 0.00264283 0.000280315 32.2593 10.5062
474 0.00520073 0.0132851 0.00264283 0.000280315 32.2593 10.5062
475 0.00662141 0.00357753 0.00264283 0.000280315 32.2593 10.5062
476 0.00550212 0.00449027 0.00264283 0.000280315 32.2593 10.5062
477 0.00513469 0.00429285 0.00264283 0.000280315 32.2593 10.5062
478 0.00619204 0.0315071 0.00264283 0.000280315 32.2593 10.5062
479 0.00565248 0.00681474 0.00264283 0.000280315 32.2593 10.5062
480 0.00525209 0.00428539 0.00264283 0.000280315 32.2593 10.5062
481 0.00558023 0.00554677 0.00264283 0.000280315 32.2593 10.5062
482 0.00631618 0.00279398 0.00264283 0.000280315 32.2593 10.5062
483 0.0044437 0.00550686 0.00264283 0.000280315 32.2593 10.5062
484 0.00639615 0.00509678 0.00264283 0.000280315 32.2593 10.5062
485 0.00544188 0.00616533 0.00264283 0.000280315 32.2593 10.5062
486 0.00537112 0.00597588 0.00264283 0.000280315 32.2593 10.5062
487 0.00489023 0.0040682 0.00264283 0.000280315 32.2593 10.5062
488 0.00552971 0.0047145 0.00264283 0.000280315 32.2593 10.5062
489 0.00686588 0.00349531 0.00264283 0.000280315 32.2593 10.5062
490 0.00511966 0.00431221 0.00264283 0.000280315 32.2593 10.5062
491 0.00585885 0.00760072 0.00264283 0.000280315 32.2593 10.5062
492 0.00535117 0.00487535 0.00264283 0.000280315 32.2593 10.5062
493 0.00634052 0.00512794 0.00264283 0.000280315 32.2593 10.5062
494 0.00687557 0.0116883 0.00264283 0.000280315 32.2593 10.5062
495 0.00509905 0.0055725 0.00264283 0.000280315 32.2593 10.5062
496 0.00491166 0.00608871 0.00264283 0.000280315 32.2593 10.5062
497 0.00646814 0.0044275 0.00264283 0.000280315 32.2593 10.5062
498 0.00500227 0.00427393 0.00264283 0.000280315 32.2593 10.5062
499 0.00297107 0.0066601 0.00264283 0.000280315 32.2593 10.5062
500 0.00327685 0.00282632 0.00264283 0.000280315 32.2593 10.5062
501 0.00303788 0.0029616 0.00264283 0.000280315 32.2593 10.5062
502 0.00309893 0.00466384 0.00264283 0.000280315 32.2593 10.5062
503 0.00349082 0.00287236 0.00264283 0.000280315 32.2593 10.5062
504 0.00345566 0.00422808 0.00264283 0.000280315 32.2593 10.5062
505 0.00337016 0.00597327 0.00264283 0.000280315 32.2593 10.5062
506 0.00338219 0.00668826 0.00264283 0.000280315 32.2593 10.5062
507 0.00325346 0.00366486 0.00264283 0.000280315 32.2593 10.5062
508 0.0038972 0.0033595 0.00264283 0.000280315 32.2593 10.5062
509 0.00318458 0.00259394 0.00264283 0.000280315 32.2593 10.5062
510 0.00349168 0.00400903 0.00259394 0.000276088 31.9595 10.4266
511 0.0032174 0.00555049 0.00259394 0.000276088 31.9595 10.4266
512 0.00360349 0.00422163 0.00259394 0.000276088 31.9595 10.4266
513 0.0037486 0.00452221 0.00259394 0.000276088 31.9595 10.4266
514 0.00320876 0.00655912 0.00259394 0.000276088 31.9595 10.4266
515 0.00360787 0.00767488 0.00259394 0.000276088 31.9595 10.4266
516 0.00322444 0.00321782 0.00259394 0.000276088 31.9595 10.4266
517 0.00337532 0.00271338 0.00259394 0.000276088 31.9595 10.4266
518 0.00333827 0.00325706 0.00259394 0.000276088 31.9595 10.4266
519 0.00390985 0.00432064 0.00259394 0.000276088 31.9595 10.4266
520 0.00364512 0.00304773 0.00259394 0.000276088 31.9595 10.4266
521 0.00346094 0.00265686 0.00259394 0.000276088 31.9595 10.4266
522 0.00364332 0.00471797 0.00259394 0.000276088 31.9595 10.4266
523 0.00331638 0.00559228 0.00259394 0.000276088 31.9595 10.4266
524 0.00394835 0.0111473 0.00259394 0.000276088 31.9595 10.4266
525 0.00355005 0.00719575 0.00259394 0.000276088 31.9595 10.4266
526 0.00338554 0.00318649 0.00259394 0.000276088 31.9595 10.4266
527 0.00366487 0.00308142 0.00259394 0.000276088 31.9595 10.4266
528 0.00348582 0.00328641 0.00259394 0.000276088 31.9595 10.4266
529 0.00315071 0.00314212 0.00259394 0.000276088 31.9595 10.4266
530 0.00404297 0.00357085 0.00259394 0.000276088 31.9595 10.4266
531 0.00333935 0.00504039 0.00259394 0.000276088 31.9595 10.4266
532 0.00350924 0.00300602 0.00259394 0.000276088 31.9595 10.4266
533 0.00356093 0.00278212 0.00259394 0.000276088 31.9595 10.4266
534 0.00338182 0.00263713 0.00259394 0.000276088 31.9595 10.4266
535 0.00346152 0.00321854 0.00259394 0.000276088 31.9595 10.4266
536 0.00392794 0.00680924 0.00259394 0.000276088 31.9595 10.4266
537 0.00436701 0.00293885 0.00259394 0.000276088 31.9595 10.4266
538 0.00330467 0.00296092 0.00259394 0.000276088 31.9595 10.4266
539 0.0032952 0.00267352 0.00259394 0.000276088 31.9595 10.4266
540 0.00368733 0.00386677 0.00259394 0.000276088 31.9595 10.4266
541 0.00402304 0.00271026 0.00259394 0.000276088 31.9595 10.4266
542 0.0034179 0.00447779 0.00259394 0.000276088 31.9595 10.4266
543 0.0036759 0.0128643 0.00259394 0.000276088 31.9595 10.4266
544 0.0040846 0.0026239 0.00259394 0.000276088 31.9595 10.4266
545 0.00341169 0.00433439 0.00259394 0.000276088 31.9595 10.4266
546 0.00353253 0.00301547 0.00259394 0.000276088 31.9595 10.4266
547 0.00339766 0.00284552 0.00259394 0.000276088 31.9595 10.4266
548 0.00373537 0.00475715 0.00259394 0.000276088 31.9595 10.4266
549 0.0036329 0.00451709 0.00259394 0.000276088 31.9595 10.4266
550 0.0040494 0.00591779 0.00259394 0.000276088 31.9595 10.4266
551 0.00336886 0.00469974 0.00259394 0.000276088 31.9595 10.4266
552 0.00369955 0.00436481 0.00259394 0.000276088 31.9595 10.4266
553 0.00392256 0.00315637 0.00259394 0.000276088 31.9595 10.4266
554 0.00382216 0.00302567 0.00259394 0.000276088 31.9595 10.4266
555 0.00395266 0.00319671 0.00259394 0.000276088 31.9595 10.4266
556 0.0036565 0.00352767 0.00259394 0.000276088 31.9595 10.4266
557 0.0036449 0.00291806 0.00259394 0.000276088 31.9595 10.4266
558 0.00436526 0.00291363 0.00259394 0.000276088 31.9595 10.4266
559 0.00364846 0.00763794 0.00259394 0.000276088 31.9595 10.4266
560 0.0036221 0.00321574 0.00259394 0.000276088 31.9595 10.4266
561 0.00352725 0.00374064 0.00259394 0.000276088 31.9595 10.4266
562 0.00392179 0.00327851 0.00259394 0.000276088 31.9595 10.4266
563 0.00414943 0.00396642 0.00259394 0.000276088 31.9595 10.4266
564 0.00360001 0.00378898 0.00259394 0.000276088 31.9595 10.4266
565 0.00399927 0.00251136 0.00259394 0.000276088 31.9595 10.4266
566 0.00375533 0.00325537 0.00251136 0.000276489 31.4467 10.4342
567 0.0040399 0.00316498 0.00251136 0.000276489 31.4467 10.4342
568 0.00356853 0.00255186 0.00251136 0.000276489 31.4467 10.4342
569 0.00348262 0.00373127 0.00251136 0.000276489 31.4467 10.4342
570 0.00401193 0.00272324 0.00251136 0.000276489 31.4467 10.4342
571 0.00370372 0.00783164 0.00251136 0.000276489 31.4467 10.4342
572 0.00375384 0.006407 0.00251136 0.000276489 31.4467 10.4342
573 0.0040239 0.00329513 0.00251136 0.000276489 31.4467 10.4342
574 0.00394453 0.00391274 0.00251136 0.000276489 31.4467 10.4342
575 0.0037754 0.00575504 0.00251136 0.000276489 31.4467 10.4342
576 0.00379148 0.00785947 0.00251136 0.000276489 31.4467 10.4342
577 0.00430095 0.00593742 0.00251136 0.000276489 31.4467 10.4342
578 0.00344343 0.00401329 0.00251136 0.000276489 31.4467 10.4342
579 0.00364599 0.00346473 0.00251136 0.000276489 31.4467 10.4342
580 0.0043433 0.00228826 0.00251136 0.000276489 31.4467 10.4342
581 0.00353206 0.00481254 0.00228826 0.000275882 30.0174 10.4227
582 0.00398434 0.00994916 0.00228826 0.000275882 30.0174 10.4227
583 0.00406813 0.0136122 0.00228826 0.000275882 30.0174 10.4227
584 0.00402638 0.00664654 0.00228826 0.000275882 30.0174 10.4227
585 0.00403662 0.00677324 0.00228826 0.000275882 30.0174 10.4227
586 0.00401887 0.00651105 0.00228826 0.000275882 30.0174 10.4227
587 0.00398287 0.00407627 0.00228826 0.000275882 30.0174 10.4227
588 0.00408927 0.00321043 0.00228826 0.000275882 30.0174 10.4227
589 0.00346736 0.00492394 0.00228826 0.000275882 30.0174 10.4227
590 0.00412703 0.00647319 0.00228826 0.000275882 30.0174 10.4227
591 0.00378908 0.00681805 0.00228826 0.000275882 30.0174 10.4227
592 0.00384969 0.00306659 0.00228826 0.000275882 30.0174 10.4227
593 0.00445375 0.00442896 0.00228826 0.000275882 30.0174 10.4227
594 0.00356583 0.00394029 0.00228826 0.000275882 30.0174 10.4227
595 0.00388941 0.00331785 0.00228826 0.000275882 30.0174 10.4227
596 0.00390226 0.00286508 0.00228826 0.000275882 30.0174 10.4227
597 0.00395337 0.00308396 0.00228826 0.000275882 30.0174 10.4227
598 0.00387304 0.00258638 0.00228826 0.000275882 30.0174 10.4227
599 0.00444385 0.00285379 0.00228826 0.000275882 30.0174 10.4227
600 0.00381408 0.00366584 0.00228826 0.000275882 30.0174 10.4227
601 0.00409698 0.00507597 0.00228826 0.000275882 30.0174 10.4227
602 0.00391192 0.0187848 0.00228826 0.000275882 30.0174 10.4227
603 0.00400314 0.00443331 0.00228826 0.000275882 30.0174 10.4227
604 0.00375328 0.00344237 0.00228826 0.000275882 30.0174 10.4227
605 0.00403005 0.00440317 0.00228826 0.000275882 30.0174 10.4227
606 0.00407655 0.00337921 0.00228826 0.000275882 30.0174 10.4227
607 0.00408898 0.00558529 0.00228826 0.000275882 30.0174 10.4227
608 0.00389606 0.0032817 0.00228826 0.000275882 30.0174 10.4227
609 0.0035948 0.00695299 0.00228826 0.000275882 30.0174 10.4227
610 0.00516419 0.00830935 0.00228826 0.000275882 30.0174 10.4227
611 0.0036191 0.00416016 0.00228826 0.000275882 30.0174 10.4227
612 0.00435681 0.00595989 0.00228826 0.000275882 30.0174 10.4227
613 0.00418169 0.00313442 0.00228826 0.000275882 30.0174 10.4227
614 0.00439628 0.00475701 0.00228826 0.000275882 30.0174 10.4227
615 0.00434188 0.0051778 0.00228826 0.000275882 30.0174 10.4227
616 0.00375319 0.00410428 0.00228826 0.000275882 30.0174 10.4227
617 0.0038424 0.00343605 0.00228826 0.000275882 30.0174 10.4227
618 0.00478961 0.00319111 0.00228826 0.000275882 30.0174 10.4227
619 0.00414964 0.010891 0.00228826 0.000275882 30.0174 10.4227
620 0.00485984 0.00304254 0.00228826 0.000275882 30.0174 10.4227
621 0.00503614 0.00255546 0.00228826 0.000275882 30.0174 10.4227
622 0.00370857 0.00253461 0.00228826 0.000275882 30.0174 10.4227
623 0.00408457 0.00282822 0.00228826 0.000275882 30.0174 10.4227
624 0.00395508 0.00509158 0.00228826 0.000275882 30.0174 10.4227
625 0.00381114 0.00337753 0.00228826 0.000275882 30.0174 10.4227
626 0.00391788 0.0089578 0.00228826 0.000275882 30.0174 10.4227
627 0.00442865 0.00480585 0.00228826 0.000275882 30.0174 10.4227
628 0.00477179 0.00358186 0.00228826 0.000275882 30.0174 10.4227
629 0.00443616 0.00342149 0.00228826 0.000275882 30.0174 10.4227
630 0.00424103 0.0045299 0.00228826 0.000275882 30.0174 10.4227
631 0.00403732 0.00444951 0.00228826 0.000275882 30.0174 10.4227
632 0.00425853 0.0034869 0.00228826 0.000275882 30.0174 10.4227
633 0.00438044 0.00377961 0.00228826 0.000275882 30.0174 10.4227
634 0.00407217 0.00345317 0.00228826 0.000275882 30.0174 10.4227
635 0.00397602 0.0192293 0.00228826 0.000275882 30.0174 10.4227
636 0.00462209 0.0043419 0.00228826 0.000275882 30.0174 10.4227
637 0.00363178 0.00537443 0.00228826 0.000275882 30.0174 10.4227
638 0.00479686 0.00231467 0.00228826 0.000275882 30.0174 10.4227
639 0.0040691 0.00431129 0.00228826 0.000275882 30.0174 10.4227
640 0.00458583 0.00342556 0.00228826 0.000275882 30.0174 10.4227
641 0.00423477 0.0024345 0.00228826 0.000275882 30.0174 10.4227
642 0.00385139 0.0043073 0.00228826 0.000275882 30.0174 10.4227
643 0.00397613 0.00307286 0.00228826 0.000275882 30.0174 10.4227
644 0.00396631 0.00477604 0.00228826 0.000275882 30.0174 10.4227
645 0.00409822 0.00533176 0.00228826 0.000275882 30.0174 10.4227
646 0.00446685 0.00326656 0.00228826 0.000275882 30.0174 10.4227
647 0.00419117 0.00332396 0.00228826 0.000275882 30.0174 10.4227
648 0.00490366 0.00418616 0.00228826 0.000275882 30.0174 10.4227
649 0.00411731 0.00809196 0.00228826 0.000275882 30.0174 10.4227
650 0.00485226 0.00953183 0.00228826 0.000275882 30.0174 10.4227
651 0.00410014 0.00285944 0.00228826 0.000275882 30.0174 10.4227
652 0.00411899 0.015305 0.00228826 0.000275882 30.0174 10.4227
653 0.00414363 0.0137406 0.00228826 0.000275882 30.0174 10.4227
654 0.00443128 0.00402448 0.00228826 0.000275882 30.0174 10.4227
655 0.00596168 0.00658024 0.00228826 0.000275882 30.0174 10.4227
656 0.00364377 0.00337413 0.00228826 0.000275882 30.0174 10.4227
657 0.00442137 0.00807385 0.00228826 0.000275882 30.0174 10.4227
658 0.00416587 0.00353207 0.00228826 0.000275882 30.0174 10.4227
659 0.00582571 0.00828933 0.00228826 0.000275882 30.0174 10.4227
660 0.00349777 0.0227455 0.00228826 0.000275882 30.0174 10.4227
661 0.00680961 0.00498725 0.00228826 0.000275882 30.0174 10.4227
662 0.00336886 0.0038488 0.00228826 0.000275882 30.0174 10.4227
663 0.00420326 0.0142578 0.00228826 0.000275882 30.0174 10.4227
664 0.00472165 0.00419189 0.00228826 0.000275882 30.0174 10.4227
665 0.00419532 0.0052891 0.00228826 0.000275882 30.0174 10.4227
666 0.00432113 0.0071879 0.00228826 0.000275882 30.0174 10.4227
667 0.00420443 0.00516287 0.00228826 0.000275882 30.0174 10.4227
668 0.0039284 0.00308675 0.00228826 0.000275882 30.0174 10.4227
669 0.00467763 0.00273726 0.00228826 0.000275882 30.0174 10.4227
670 0.00441384 0.00336302 0.00228826 0.000275882 30.0174 10.4227
671 0.00450433 0.00278484 0.00228826 0.000275882 30.0174 10.4227
672 0.00456783 0.0026654 0.00228826 0.000275882 30.0174 10.4227
673 0.00470059 0.0079855 0.00228826 0.000275882 30.0174 10.4227
674 0.00398735 0.00274191 0.00228826 0.000275882 30.0174 10.4227
675 0.00509171 0.00508007 0.00228826 0.000275882 30.0174 10.4227
676 0.00451579 0.00290808 0.00228826 0.000275882 30.0174 10.4227
677 0.00439228 0.00297702 0.00228826 0.000275882 30.0174 10.4227
678 0.0043688 0.0059407 0.00228826 0.000275882 30.0174 10.4227
679 0.00452231 0.00372797 0.00228826 0.000275882 30.0174 10.4227
680 0.00464642 0.0104492 0.00228826 0.000275882 30.0174 10.4227
681 0.00265234 0.00255648 0.00228826 0.000275882 30.0174 10.4227
682 0.00281967 0.0027199 0.00228826 0.000275882 30.0174 10.4227
683 0.00288473 0.00305605 0.00228826 0.000275882 30.0174 10.4227
684 0.00284245 0.00294692 0.00228826 0.000275882 30.0174 10.4227
685 0.00270977 0.00390069 0.00228826 0.000275882 30.0174 10.4227
686 0.00307602 0.00350722 0.00228826 0.000275882 30.0174 10.4227
687 0.00321894 0.00395805 0.00228826 0.000275882 30.0174 10.4227
688 0.00293557 0.00269701 0.00228826 0.000275882 30.0174 10.4227
689 0.00307454 0.0033067 0.00228826 0.000275882 30.0174 10.4227
690 0.00329241 0.00245848 0.00228826 0.000275882 30.0174 10.4227
691 0.00280082 0.00320556 0.00228826 0.000275882 30.0174 10.4227
692 0.00324609 0.00302959 0.00228826 0.000275882 30.0174 10.4227
693 0.00294506 0.0026542 0.00228826 0.000275882 30.0174 10.4227
694 0.00283458 0.00277615 0.00228826 0.000275882 30.0174 10.4227
695 0.00322882 0.00329626 0.00228826 0.000275882 30.0174 10.4227
696 0.00285144 0.00230565 0.00228826 0.000275882 30.0174 10.4227
697 0.00321062 0.00278643 0.00228826 0.000275882 30.0174 10.4227
698 0.00295645 0.00253964 0.00228826 0.000275882 30.0174 10.4227
699 0.0031145 0.0104852 0.00228826 0.000275882 30.0174 10.4227
700 0.00295548 0.00271829 0.00228826 0.000275882 30.0174 10.4227
701 0.00319409 0.00273626 0.00228826 0.000275882 30.0174 10.4227
702 0.00298335 0.00249747 0.00228826 0.000275882 30.0174 10.4227
703 0.00285619 0.00784552 0.00228826 0.000275882 30.0174 10.4227
704 0.00319027 0.00320834 0.00228826 0.000275882 30.0174 10.4227
705 0.00314537 0.00300684 0.00228826 0.000275882 30.0174 10.4227
706 0.00311115 0.00258767 0.00228826 0.000275882 30.0174 10.4227
707 0.00326744 0.00228305 0.00228826 0.000275882 30.0174 10.4227
708 0.00282894 0.00440503 0.00228305 0.000270506 29.9832 10.3207
709 0.00336597 0.00281938 0.00228305 0.000270506 29.9832 10.3207
710 0.00281044 0.00373486 0.00228305 0.000270506 29.9832 10.3207
711 0.00337633 0.00289006 0.00228305 0.000270506 29.9832 10.3207
712 0.00286148 0.00286847 0.00228305 0.000270506 29.9832 10.3207
713 0.00313531 0.00310678 0.00228305 0.000270506 29.9832 10.3207
714 0.00326253 0.00827885 0.00228305 0.000270506 29.9832 10.3207
715 0.00294885 0.00296455 0.00228305 0.000270506 29.9832 10.3207
716 0.00309745 0.00316277 0.00228305 0.000270506 29.9832 10.3207
717 0.00305027 0.0026392 0.00228305 0.000270506 29.9832 10.3207
718 0.00310919 0.00323784 0.00228305 0.000270506 29.9832 10.3207
719 0.00307322 0.00308232 0.00228305 0.000270506 29.9832 10.3207
720 0.00346697 0.00274358 0.00228305 0.000270506 29.9832 10.3207
721 0.00310651 0.00328585 0.00228305 0.000270506 29.9832 10.3207
722 0.00335351 0.00282788 0.00228305 0.000270506 29.9832 10.3207
723 0.00314685 0.00272807 0.00228305 0.000270506 29.9832 10.3207
724 0.00348067 0.0024704 0.00228305 0.000270506 29.9832 10.3207
725 0.00293426 0.00272524 0.00228305 0.000270506 29.9832 10.3207
726 0.00348262 0.00230716 0.00228305 0.000270506 29.9832 10.3207
727 0.00324446 0.00250964 0.00228305 0.000270506 29.9832 10.3207
728 0.00318657 0.00245714 0.00228305 0.000270506 29.9832 10.3207
729 0.00313194 0.00276214 0.00228305 0.000270506 29.9832 10.3207
730 0.00347258 0.00294727 0.00228305 0.000270506 29.9832 10.3207
731 0.00331188 0.0025432 0.00228305 0.000270506 29.9832 10.3207
732 0.00319422 0.00395033 0.00228305 0.000270506 29.9832 10.3207
733 0.00319697 0.00297882 0.00228305 0.000270506 29.9832 10.3207
734 0.00327621 0.00260595 0.00228305 0.000270506 29.9832 10.3207
735 0.00340249 0.00264253 0.00228305 0.000270506 29.9832 10.3207
736 0.00322821 0.00410745 0.00228305 0.000270506 29.9832 10.3207
737 0.00325752 0.00329293 0.00228305 0.000270506 29.9832 10.3207
738 0.003645 0.00298007 0.00228305 0.000270506 29.9832 10.3207
739 0.00343076 0.0052918 0.00228305 0.000270506 29.9832 10.3207
740 0.00369965 0.0033594 0.00228305 0.000270506 29.9832 10.3207
741 0.00315462 0.00593526 0.00228305 0.000270506 29.9832 10.3207
742 0.00319096 0.00279601 0.00228305 0.000270506 29.9832 10.3207
743 0.00330414 0.00326716 0.00228305 0.000270506 29.9832 10.3207
744 0.00380133 0.00288431 0.00228305 0.000270506 29.9832 10.3207
745 0.00347166 0.00347607 0.00228305 0.000270506 29.9832 10.3207
746 0.00340856 0.00241068 0.00228305 0.000270506 29.9832 10.3207
747 0.00326851 0.00728699 0.00228305 0.000270506 29.9832 10.3207
748 0.00300385 0.00311687 0.00228305 0.000270506 29.9832 10.3207
749 0.00315015 0.00364402 0.00228305 0.000270506 29.9832 10.3207
750 0.00364307 0.00328578 0.00228305 0.000270506 29.9832 10.3207
751 0.00348282 0.00426942 0.00228305 0.000270506 29.9832 10.3207
752 0.00310668 0.00263545 0.00228305 0.000270506 29.9832 10.3207
753 0.00341419 0.00393881 0.00228305 0.000270506 29.9832 10.3207
754 0.00353109 0.00297482 0.00228305 0.000270506 29.9832 10.3207
755 0.00329584 0.00516197 0.00228305 0.000270506 29.9832 10.3207
756 0.00340014 0.00425022 0.00228305 0.000270506 29.9832 10.3207
757 0.0032555 0.0087637 0.00228305 0.000270506 29.9832 10.3207
758 0.00360961 0.00330406 0.00228305 0.000270506 29.9832 10.3207
759 0.0035618 0.00321493 0.00228305 0.000270506 29.9832 10.3207
760 0.0032076 0.00278606 0.00228305 0.000270506 29.9832 10.3207
761 0.00342989 0.00257699 0.00228305 0.000270506 29.9832 10.3207
762 0.00341525 0.00378168 0.00228305 0.000270506 29.9832 10.3207
763 0.00382541 0.00366321 0.00228305 0.000270506 29.9832 10.3207
764 0.00383391 0.00295094 0.00228305 0.000270506 29.9832 10.3207
765 0.00322254 0.0041525 0.00228305 0.000270506 29.9832 10.3207
766 0.00362999 0.00262093 0.00228305 0.000270506 29.9832 10.3207
767 0.0036617 0.00341414 0.00228305 0.000270506 29.9832 10.3207
768 0.00362563 0.00326732 0.00228305 0.000270506 29.9832 10.3207
769 0.00378091 0.0033803 0.00228305 0.000270506 29.9832 10.3207
770 0.00354379 0.00485064 0.00228305 0.000270506 29.9832 10.3207
771 0.00319449 0.00261149 0.00228305 0.000270506 29.9832 10.3207
772 0.00343967 0.00329383 0.00228305 0.000270506 29.9832 10.3207
773 0.00455354 0.00501152 0.00228305 0.000270506 29.9832 10.3207
774 0.00322439 0.00759659 0.00228305 0.000270506 29.9832 10.3207
775 0.00344698 0.00412363 0.00228305 0.000270506 29.9832 10.3207
776 0.0036316 0.00576806 0.00228305 0.000270506 29.9832 10.3207
777 0.00381346 0.00295157 0.00228305 0.000270506 29.9832 10.3207
778 0.00307018 0.00285044 0.00228305 0.000270506 29.9832 10.3207
779 0.00370746 0.0026889 0.00228305 0.000270506 29.9832 10.3207
780 0.00334705 0.00263886 0.00228305 0.000270506 29.9832 10.3207
781 0.00362928 0.00297279 0.00228305 0.000270506 29.9832 10.3207
782 0.00353861 0.00282189 0.00228305 0.000270506 29.9832 10.3207
783 0.00361379 0.00285926 0.00228305 0.000270506 29.9832 10.3207
784 0.00361214 0.00345311 0.00228305 0.000270506 29.9832 10.3207
785 0.00338049 0.00355488 0.00228305 0.000270506 29.9832 10.3207
786 0.00360474 0.0026523 0.00228305 0.000270506 29.9832 10.3207
787 0.00345228 0.00578065 0.00228305 0.000270506 29.9832 10.3207
788 0.00399985 0.00288974 0.00228305 0.000270506 29.9832 10.3207
789 0.00346816 0.00242941 0.00228305 0.000270506 29.9832 10.3207
790 0.00370549 0.00368008 0.00228305 0.000270506 29.9832 10.3207
791 0.00348991 0.0039334 0.00228305 0.000270506 29.9832 10.3207
792 0.0039433 0.00547807 0.00228305 0.000270506 29.9832 10.3207
793 0.00362161 0.00400187 0.00228305 0.000270506 29.9832 10.3207
794 0.00374879 0.00391427 0.00228305 0.000270506 29.9832 10.3207
795 0.00345044 0.00278961 0.00228305 0.000270506 29.9832 10.3207
796 0.0036795 0.00668942 0.00228305 0.000270506 29.9832 10.3207
797 0.00374957 0.00284375 0.00228305 0.000270506 29.9832 10.3207
798 0.00333672 0.00313289 0.00228305 0.000270506 29.9832 10.3207
799 0.00410365 0.00371544 0.00228305 0.000270506 29.9832 10.3207
800 0.00351583 0.00398343 0.00228305 0.000270506 29.9832 10.3207
801 0.00341527 0.00281349 0.00228305 0.000270506 29.9832 10.3207
802 0.00371463 0.00552314 0.00228305 0.000270506 29.9832 10.3207
803 0.00416889 0.00351036 0.00228305 0.000270506 29.9832 10.3207
804 0.00341343 0.00421183 0.00228305 0.000270506 29.9832 10.3207
805 0.00385078 0.00401545 0.00228305 0.000270506 29.9832 10.3207
806 0.00401796 0.00286175 0.00228305 0.000270506 29.9832 10.3207
807 0.00466973 0.00334203 0.00228305 0.000270506 29.9832 10.3207
808 0.00233459 0.00265825 0.00228305 0.000270506 29.9832 10.3207
809 0.00249492 0.00282968 0.00228305 0.000270506 29.9832 10.3207
810 0.00242334 0.00468959 0.00228305 0.000270506 29.9832 10.3207
811 0.00268216 0.00266816 0.00228305 0.000270506 29.9832 10.3207
812 0.00293099 0.00259044 0.00228305 0.000270506 29.9832 10.3207
813 0.00261528 0.00293745 0.00228305 0.000270506 29.9832 10.3207
814 0.00255339 0.00259947 0.00228305 0.000270506 29.9832 10.3207
815 0.00264507 0.00290167 0.00228305 0.000270506 29.9832 10.3207
816 0.00263635 0.0028994 0.00228305 0.000270506 29.9832 10.3207
817 0.00263348 0.00310228 0.00228305 0.000270506 29.9832 10.3207
818 0.00274585 0.0025439 0.00228305 0.000270506 29.9832 10.3207
819 0.0024612 0.00582678 0.00228305 0.000270506 29.9832 10.3207
820 0.00277415 0.00425215 0.00228305 0.000270506 29.9832 10.3207
821 0.00260281 0.00396599 0.00228305 0.000270506 29.9832 10.3207
822 0.00292908 0.00258719 0.00228305 0.000270506 29.9832 10.3207
823 0.00255653 0.00320294 0.00228305 0.000270506 29.9832 10.3207
824 0.00284869 0.00294484 0.00228305 0.000270506 29.9832 10.3207
825 0.00270872 0.00267396 0.00228305 0.000270506 29.9832 10.3207
826 0.00262878 0.00236828 0.00228305 0.000270506 29.9832 10.3207
827 0.00263908 0.00368091 0.00228305 0.000270506 29.9832 10.3207
828 0.0026717 0.00390811 0.00228305 0.000270506 29.9832 10.3207
829 0.00297559 0.00434489 0.00228305 0.000270506 29.9832 10.3207
830 0.00278722 0.00323716 0.00228305 0.000270506 29.9832 10.3207
831 0.00277359 0.00327995 0.00228305 0.000270506 29.9832 10.3207
832 0.00287367 0.00484167 0.00228305 0.000270506 29.9832 10.3207
833 0.00276185 0.00315018 0.00228305 0.000270506 29.9832 10.3207
834 0.00294894 0.0028468 0.00228305 0.000270506 29.9832 10.3207
835 0.0029916 0.00253385 0.00228305 0.000270506 29.9832 10.3207
836 0.00266713 0.00267347 0.00228305 0.000270506 29.9832 10.3207
837 0.00273253 0.00335501 0.00228305 0.000270506 29.9832 10.3207
838 0.00279524 0.00379049 0.00228305 0.000270506 29.9832 10.3207
839 0.00294482 0.00293798 0.00228305 0.000270506 29.9832 10.3207
840 0.0028898 0.00273913 0.00228305 0.000270506 29.9832 10.3207
841 0.00270006 0.00316067 0.00228305 0.000270506 29.9832 10.3207
842 0.00272605 0.00261967 0.00228305 0.000270506 29.9832 10.3207
843 0.00322135 0.00275432 0.00228305 0.000270506 29.9832 10.3207
844 0.00316578 0.00374582 0.00228305 0.000270506 29.9832 10.3207
845 0.00263296 0.00295978 0.00228305 0.000270506 29.9832 10.3207
846 0.00278912 0.00261071 0.00228305 0.000270506 29.9832 10.3207
847 0.00318402 0.0025737 0.00228305 0.000270506 29.9832 10.3207
848 0.00287659 0.00322142 0.00228305 0.000270506 29.9832 10.3207
849 0.00274518 0.00297714 0.00228305 0.000270506 29.9832 10.3207
850 0.00310292 0.002997 0.00228305 0.000270506 29.9832 10.3207
851 0.00281779 0.00289036 0.00228305 0.000270506 29.9832 10.3207
852 0.00276021 0.00325066 0.00228305 0.000270506 29.9832 10.3207
853 0.00291291 0.00583224 0.00228305 0.000270506 29.9832 10.3207
854 0.00297609 0.00267027 0.00228305 0.000270506 29.9832 10.3207
855 0.00287329 0.00388868 0.00228305 0.000270506 29.9832 10.3207
856 0.0030883 0.00245313 0.00228305 0.000270506 29.9832 10.3207
857 0.00288451 0.00225838 0.00228305 0.000270506 29.9832 10.3207
858 0.00378574 0.00325311 0.00225838 0.000259027 29.8207 10.0993
859 0.00268857 0.00312579 0.00225838 0.000259027 29.8207 10.0993
860 0.00285136 0.00353668 0.00225838 0.000259027 29.8207 10.0993
861 0.00301333 0.00382787 0.00225838 0.000259027 29.8207 10.0993
862 0.00322297 0.00330616 0.00225838 0.000259027 29.8207 10.0993
863 0.00296497 0.00233468 0.00225838 0.000259027 29.8207 10.0993
864 0.00303759 0.00500548 0.00225838 0.000259027 29.8207 10.0993
865 0.00309052 0.00235583 0.00225838 0.000259027 29.8207 10.0993
866 0.00313679 0.00327674 0.00225838 0.000259027 29.8207 10.0993
867 0.00301134 0.00313411 0.00225838 0.000259027 29.8207 10.0993
868 0.0029392 0.00241484 0.00225838 0.000259027 29.8207 10.0993
869 0.00318076 0.00379188 0.00225838 0.000259027 29.8207 10.0993
870 0.00318329 0.00262287 0.00225838 0.000259027 29.8207 10.0993
871 0.00301768 0.00336448 0.00225838 0.000259027 29.8207 10.0993
872 0.00298707 0.00388732 0.00225838 0.000259027 29.8207 10.0993
873 0.00311348 0.00320636 0.00225838 0.000259027 29.8207 10.0993
874 0.00289412 0.00278609 0.00225838 0.000259027 29.8207 10.0993
875 0.00336281 0.00559461 0.00225838 0.000259027 29.8207 10.0993
876 0.00298403 0.0029381 0.00225838 0.000259027 29.8207 10.0993
877 0.00305428 0.00363579 0.00225838 0.000259027 29.8207 10.0993
878 0.00304071 0.00306961 0.00225838 0.000259027 29.8207 10.0993
879 0.00300293 0.00326049 0.00225838 0.000259027 29.8207 10.0993
880 0.00319758 0.00324627 0.00225838 0.000259027 29.8207 10.0993
881 0.00309714 0.00369347 0.00225838 0.000259027 29.8207 10.0993
882 0.00314841 0.00278981 0.00225838 0.000259027 29.8207 10.0993
883 0.0033818 0.00675967 0.00225838 0.000259027 29.8207 10.0993
884 0.00289634 0.0028611 0.00225838 0.000259027 29.8207 10.0993
885 0.00301079 0.00431011 0.00225838 0.000259027 29.8207 10.0993
886 0.0032621 0.00393346 0.00225838 0.000259027 29.8207 10.0993
887 0.00306397 0.00304172 0.00225838 0.000259027 29.8207 10.0993
888 0.0031841 0.00348805 0.00225838 0.000259027 29.8207 10.0993
889 0.00305668 0.00310557 0.00225838 0.000259027 29.8207 10.0993
890 0.00306073 0.00367915 0.00225838 0.000259027 29.8207 10.0993
891 0.00349618 0.00322157 0.00225838 0.000259027 29.8207 10.0993
892 0.00310675 0.00554922 0.00225838 0.000259027 29.8207 10.0993
893 0.00329679 0.00442845 0.00225838 0.000259027 29.8207 10.0993
894 0.00411885 0.00300666 0.00225838 0.000259027 29.8207 10.0993
895 0.00315144 0.00432891 0.00225838 0.000259027 29.8207 10.0993
896 0.00326299 0.00435241 0.00225838 0.000259027 29.8207 10.0993
897 0.00354693 0.00386048 0.00225838 0.000259027 29.8207 10.0993
898 0.00327567 0.00287685 0.00225838 0.000259027 29.8207 10.0993
899 0.0040327 0.00271152 0.00225838 0.000259027 29.8207 10.0993
900 0.00305719 0.00271219 0.00225838 0.000259027 29.8207 10.0993
901 0.00319496 0.00356255 0.00225838 0.000259027 29.8207 10.0993
902 0.00331738 0.00460237 0.00225838 0.000259027 29.8207 10.0993
903 0.00338464 0.00287158 0.00225838 0.000259027 29.8207 10.0993
904 0.00348136 0.00301347 0.00225838 0.000259027 29.8207 10.0993
905 0.00338819 0.00336439 0.00225838 0.000259027 29.8207 10.0993
906 0.00392806 0.00467923 0.00225838 0.000259027 29.8207 10.0993
907 0.00322473 0.00292496 0.00225838 0.000259027 29.8207 10.0993
908 0.00334325 0.00255814 0.00225838 0.000259027 29.8207 10.0993
909 0.0032206 0.00371731 0.00225838 0.000259027 29.8207 10.0993
910 0.00351499 0.00455161 0.00225838 0.000259027 29.8207 10.0993
911 0.00387361 0.0029277 0.00225838 0.000259027 29.8207 10.0993
912 0.0030752 0.00243883 0.00225838 0.000259027 29.8207 10.0993
913 0.00353331 0.0030531 0.00225838 0.000259027 29.8207 10.0993
914 0.003318 0.00372939 0.00225838 0.000259027 29.8207 10.0993
915 0.00321718 0.00426964 0.00225838 0.000259027 29.8207 10.0993
916 0.00348128 0.00448496 0.00225838 0.000259027 29.8207 10.0993
917 0.00331823 0.0029799 0.00225838 0.000259027 29.8207 10.0993
918 0.0036038 0.00290385 0.00225838 0.000259027 29.8207 10.0993
919 0.00376957 0.00348645 0.00225838 0.000259027 29.8207 10.0993
920 0.00335427 0.00472276 0.00225838 0.000259027 29.8207 10.0993
921 0.00345195 0.00445679 0.00225838 0.000259027 29.8207 10.0993
922 0.00339395 0.00297628 0.00225838 0.000259027 29.8207 10.0993
923 0.00332347 0.00496775 0.00225838 0.000259027 29.8207 10.0993
924 0.00376429 0.00323531 0.00225838 0.000259027 29.8207 10.0993
925 0.00338625 0.00298985 0.00225838 0.000259027 29.8207 10.0993
926 0.00408139 0.00279281 0.00225838 0.000259027 29.8207 10.0993
927 0.00333086 0.00333076 0.00225838 0.000259027 29.8207 10.0993
928 0.00354599 0.00362891 0.00225838 0.000259027 29.8207 10.0993
929 0.00371165 0.00673224 0.00225838 0.000259027 29.8207 10.0993
930 0.00397065 0.00398216 0.00225838 0.000259027 29.8207 10.0993
931 0.00337089 0.00282099 0.00225838 0.000259027 29.8207 10.0993
932 0.00348854 0.00398589 0.00225838 0.000259027 29.8207 10.0993
933 0.00376161 0.00348046 0.00225838 0.000259027 29.8207 10.0993
934 0.0034275 0.00260992 0.00225838 0.000259027 29.8207 10.0993
935 0.00363032 0.00308601 0.00225838 0.000259027 29.8207 10.0993
936 0.00376599 0.00262407 0.00225838 0.000259027 29.8207 10.0993
937 0.00385616 0.00291162 0.00225838 0.000259027 29.8207 10.0993
938 0.00375521 0.00389963 0.00225838 0.000259027 29.8207 10.0993
939 0.00338351 0.00526008 0.00225838 0.000259027 29.8207 10.0993
940 0.00371826 0.00405224 0.00225838 0.000259027 29.8207 10.0993
941 0.00363549 0.00290056 0.00225838 0.000259027 29.8207 10.0993
942 0.0036099 0.00333281 0.00225838 0.000259027 29.8207 10.0993
943 0.00397897 0.00302855 0.00225838 0.000259027 29.8207 10.0993
944 0.00390845 0.00379198 0.00225838 0.000259027 29.8207 10.0993
945 0.00368317 0.00478184 0.00225838 0.000259027 29.8207 10.0993
946 0.00380527 0.00517742 0.00225838 0.000259027 29.8207 10.0993
947 0.00385323 0.00298424 0.00225838 0.000259027 29.8207 10.0993
948 0.00419113 0.00294319 0.00225838 0.000259027 29.8207 10.0993
949 0.00368649 0.00392715 0.00225838 0.000259027 29.8207 10.0993
950 0.00376403 0.00447451 0.00225838 0.000259027 29.8207 10.0993
951 0.0037286 0.00477498 0.00225838 0.000259027 29.8207 10.0993
952 0.00400224 0.00428567 0.00225838 0.000259027 29.8207 10.0993
953 0.00486245 0.00535714 0.00225838 0.000259027 29.8207 10.0993
954 0.00358139 0.00470179 0.00225838 0.000259027 29.8207 10.0993
955 0.00360183 0.00273358 0.00225838 0.000259027 29.8207 10.0993
956 0.00357043 0.00493164 0.00225838 0.000259027 29.8207 10.0993
957 0.0034092 0.00576283 0.00225838 0.000259027 29.8207 10.0993
958 0.00247192 0.0026475 0.00225838 0.000259027 29.8207 10.0993
959 0.00251237 0.00292112 0.00225838 0.000259027 29.8207 10.0993
960 0.00258766 0.00280432 0.00225838 0.000259027 29.8207 10.0993
961 0.00273109 0.00276799 0.00225838 0.000259027 29.8207 10.0993
962 0.00266513 0.00243124 0.00225838 0.000259027 29.8207 10.0993
963 0.00265645 0.00233849 0.00225838 0.000259027 29.8207 10.0993
964 0.00274682 0.00288866 0.00225838 0.000259027 29.8207 10.0993
965 0.00278695 0.00286501 0.00225838 0.000259027 29.8207 10.0993
966 0.00271364 0.00302001 0.00225838 0.000259027 29.8207 10.0993
967 0.00273252 0.0032332 0.00225838 0.000259027 29.8207 10.0993
968 0.00286668 0.00546598 0.00225838 0.000259027 29.8207 10.0993
969 0.00284988 0.00253777 0.00225838 0.000259027 29.8207 10.0993
970 0.00270359 0.00301011 0.00225838 0.000259027 29.8207 10.0993
971 0.00278601 0.00327049 0.00225838 0.000259027 29.8207 10.0993
972 0.00301316 0.00492488 0.00225838 0.000259027 29.8207 10.0993
973 0.00281292 0.0028062 0.00225838 0.000259027 29.8207 10.0993
974 0.00336544 0.00328849 0.00225838 0.000259027 29.8207 10.0993
975 0.00259397 0.00400363 0.00225838 0.000259027 29.8207 10.0993
976 0.00288002 0.00262616 0.00225838 0.000259027 29.8207 10.0993
977 0.00298528 0.00288874 0.00225838 0.000259027 29.8207 10.0993
978 0.00269105 0.00309254 0.00225838 0.000259027 29.8207 10.0993
979 0.00288011 0.00563706 0.00225838 0.000259027 29.8207 10.0993
980 0.00300732 0.00291431 0.00225838 0.000259027 29.8207 10.0993
981 0.0029721 0.00253141 0.00225838 0.000259027 29.8207 10.0993
982 0.00268891 0.00251948 0.00225838 0.000259027 29.8207 10.0993
983 0.00318052 0.00254186 0.00225838 0.000259027 29.8207 10.0993
984 0.00286288 0.00310915 0.00225838 0.000259027 29.8207 10.0993
985 0.0030473 0.00265831 0.00225838 0.000259027 29.8207 10.0993
986 0.00313622 0.00258166 0.00225838 0.000259027 29.8207 10.0993
987 0.00286433 0.00290306 0.00225838 0.000259027 29.8207 10.0993
988 0.00306258 0.00307635 0.00225838 0.000259027 29.8207 10.0993
989 0.00343701 0.002565 0.00225838 0.000259027 29.8207 10.0993
990 0.00288941 0.00254136 0.00225838 0.000259027 29.8207 10.0993
991 0.00295281 0.00286899 0.00225838 0.000259027 29.8207 10.0993
992 0.00296003 0.00979402 0.00225838 0.000259027 29.8207 10.0993
993 0.00300701 0.00299686 0.00225838 0.000259027 29.8207 10.0993
994 0.00316191 0.00361415 0.00225838 0.000259027 29.8207 10.0993
995 0.00295179 0.00354862 0.00225838 0.000259027 29.8207 10.0993
996 0.00304554 0.0028511 0.00225838 0.000259027 29.8207 10.0993
997 0.00326704 0.00277702 0.00225838 0.000259027 29.8207 10.0993
998 0.00308501 0.00327369 0.00225838 0.000259027 29.8207 10.0993
999 0.00314834 0.00272771 0.00225838 0.000259027 29.8207 10.0993
1000 0.00287578 0.00520769 0.00225838 0.000259027 29.8207 10.0993
1001 0.00379703 0.00472811 0.00225838 0.000259027 29.8207 10.0993
1002 0.00321566 0.0037955 0.00225838 0.000259027 29.8207 10.0993
1003 0.00290018 0.00293632 0.00225838 0.000259027 29.8207 10.0993
1004 0.00319389 0.00322168 0.00225838 0.000259027 29.8207 10.0993
1005 0.0033555 0.00301445 0.00225838 0.000259027 29.8207 10.0993
1006 0.00294932 0.00580556 0.00225838 0.000259027 29.8207 10.0993
1007 0.00311036 0.00323033 0.00225838 0.000259027 29.8207 10.0993
1008 0.00356168 0.00353782 0.00225838 0.000259027 29.8207 10.0993
1009 0.00306576 0.00508105 0.00225838 0.000259027 29.8207 10.0993
1010 0.00326331 0.00306949 0.00225838 0.000259027 29.8207 10.0993
1011 0.00310237 0.00490103 0.00225838 0.000259027 29.8207 10.0993
1012 0.00305551 0.00361192 0.00225838 0.000259027 29.8207 10.0993
1013 0.00336976 0.00292414 0.00225838 0.000259027 29.8207 10.0993
1014 0.00376303 0.00384263 0.00225838 0.000259027 29.8207 10.0993
1015 0.00313083 0.00339766 0.00225838 0.000259027 29.8207 10.0993
1016 0.00334161 0.0031113 0.00225838 0.000259027 29.8207 10.0993
1017 0.00322907 0.004881 0.00225838 0.000259027 29.8207 10.0993
1018 0.00326318 0.00390804 0.00225838 0.000259027 29.8207 10.0993
1019 0.00322597 0.00272174 0.00225838 0.000259027 29.8207 10.0993
1020 0.0032025 0.00450524 0.00225838 0.000259027 29.8207 10.0993
1021 0.00404432 0.00287449 0.00225838 0.000259027 29.8207 10.0993
1022 0.00315211 0.00278496 0.00225838 0.000259027 29.8207 10.0993
1023 0.00335244 0.0043456 0.00225838 0.000259027 29.8207 10.0993
1024 0.00327797 0.00538518 0.00225838 0.000259027 29.8207 10.0993
1025 0.00365855 0.00315545 0.00225838 0.000259027 29.8207 10.0993
1026 0.00326885 0.00383547 0.00225838 0.000259027 29.8207 10.0993
1027 0.00359074 0.00279666 0.00225838 0.000259027 29.8207 10.0993
1028 0.00341945 0.0028059 0.00225838 0.000259027 29.8207 10.0993
1029 0.00327546 0.00481227 0.00225838 0.000259027 29.8207 10.0993
1030 0.00347848 0.00274085 0.00225838 0.000259027 29.8207 10.0993
1031 0.00352683 0.00257761 0.00225838 0.000259027 29.8207 10.0993
1032 0.00330116 0.00367132 0.00225838 0.000259027 29.8207 10.0993
1033 0.00323857 0.00394222 0.00225838 0.000259027 29.8207 10.0993
1034 0.00378218 0.00549878 0.00225838 0.000259027 29.8207 10.0993
1035 0.00352094 0.00307112 0.00225838 0.000259027 29.8207 10.0993
1036 0.00349231 0.00292106 0.00225838 0.000259027 29.8207 10.0993
1037 0.00359979 0.00656108 0.00225838 0.000259027 29.8207 10.0993
1038 0.0034468 0.00283158 0.00225838 0.000259027 29.8207 10.0993
1039 0.00357678 0.00413537 0.00225838 0.000259027 29.8207 10.0993
1040 0.0033225 0.00386472 0.00225838 0.000259027 29.8207 10.0993
1041 0.00362388 0.00478669 0.00225838 0.000259027 29.8207 10.0993
1042 0.00332471 0.00466357 0.00225838 0.000259027 29.8207 10.0993
1043 0.00390388 0.00312875 0.00225838 0.000259027 29.8207 10.0993
1044 0.00351956 0.00416575 0.00225838 0.000259027 29.8207 10.0993
1045 0.00350793 0.00362816 0.00225838 0.000259027 29.8207 10.0993
1046 0.00348687 0.00553319 0.00225838 0.000259027 29.8207 10.0993
1047 0.00473014 0.00335256 0.00225838 0.000259027 29.8207 10.0993
1048 0.00356296 0.00282681 0.00225838 0.000259027 29.8207 10.0993
1049 0.00399429 0.00353747 0.00225838 0.000259027 29.8207 10.0993
1050 0.00353594 0.00355798 0.00225838 0.000259027 29.8207 10.0993
1051 0.0039068 0.00326077 0.00225838 0.000259027 29.8207 10.0993
1052 0.00376868 0.00567479 0.00225838 0.000259027 29.8207 10.0993
1053 0.0039948 0.00387776 0.00225838 0.000259027 29.8207 10.0993
1054 0.00349166 0.00271774 0.00225838 0.000259027 29.8207 10.0993
1055 0.00369714 0.00307452 0.00225838 0.000259027 29.8207 10.0993
1056 0.00362005 0.00837358 0.00225838 0.000259027 29.8207 10.0993
1057 0.0038308 0.00344714 0.00225838 0.000259027 29.8207 10.0993
