1 0.00385593 0.000165316 1.79769e+308 1.79769e+308 inf inf
2 0.00972548 0.00100213 1.79769e+308 1.79769e+308 inf inf
3 0.00043822 0.00146556 0.00100213 0.00300689 19.8647 34.4095
4 0.000307991 0.000172766 0.00146556 0.000807699 24.0227 17.8338
5 0.00503423 0.000648426 0.000172766 0.000373029 8.24801 12.1197
6 0.000256661 0.000638562 0.000172766 0.000373029 8.24801 12.1197
7 0.000192537 0.000216795 0.000172766 0.000373029 8.24801 12.1197
8 0.000152706 5.651e-05 0.000172766 0.000373029 8.24801 12.1197
9 0.000235288 6.29763e-05 5.651e-05 0.000209647 4.71718 9.08584
10 0.000101111 0.000124083 5.651e-05 0.000209647 4.71718 9.08584
11 0.000117164 6.67911e-05 5.651e-05 0.000209647 4.71718 9.08584
12 9.27866e-05 0.00015322 6.67911e-05 0.000139039 5.12837 7.39926
13 5.87359e-05 3.10189e-05 6.67911e-05 0.000139039 5.12837 7.39926
14 0.00014572 6.6825e-05 3.10189e-05 0.000114245 3.49489 6.70715
15 7.14104e-05 3.08805e-05 3.10189e-05 0.000114245 3.49489 6.70715
16 0.00018468 4.41887e-05 3.10189e-05 0.000114245 3.49489 6.70715
17 7.33151e-05 9.31121e-05 3.10189e-05 0.000114245 3.49489 6.70715
18 6.84355e-05 7.19745e-05 3.10189e-05 0.000114245 3.49489 6.70715
19 6.23683e-05 0.000229246 3.10189e-05 0.000114245 3.49489 6.70715
20 9.80871e-05 2.62658e-05 3.10189e-05 0.000114245 3.49489 6.70715
21 6.04297e-05 2.2171e-05 2.62658e-05 0.000104304 3.216 6.40872
22 5.4011e-05 2.36362e-05 2.2171e-05 9.29985e-05 2.9547 6.05143
23 5.96702e-05 2.88347e-05 2.36362e-05 8.90511e-05 3.05077 5.92161
24 4.74559e-05 0.00010451 2.36362e-05 8.90511e-05 3.05077 5.92161
25 5.24796e-05 2.17243e-05 2.36362e-05 8.90511e-05 3.05077 5.92161
26 5.95934e-05 7.02851e-05 2.17243e-05 8.1711e-05 2.92478 5.67232
27 5.24956e-05 2.12835e-05 2.17243e-05 8.1711e-05 2.92478 5.67232
28 4.45836e-05 3.15386e-05 2.12835e-05 7.89823e-05 2.89496 5.5768
29 4.63355e-05 5.10841e-05 2.12835e-05 7.89823e-05 2.89496 5.5768
30 0.000102776 6.20113e-05 2.12835e-05 7.89823e-05 2.89496 5.5768
31 4.04294e-05 2.16955e-05 2.12835e-05 7.89823e-05 2.89496 5.5768
32 4.33319e-05 1.98253e-05 2.12835e-05 7.89823e-05 2.89496 5.5768
33 4.49331e-05 1.85169e-05 1.98253e-05 7.67935e-05 2.79402 5.49898
34 7.78444e-05 2.69716e-05 1.85169e-05 7.33044e-05 2.70025 5.37261
35 4.03767e-05 9.52069e-05 1.85169e-05 7.33044e-05 2.70025 5.37261
36 4.13841e-05 2.20576e-05 1.85169e-05 7.33044e-05 2.70025 5.37261
37 4.95364e-05 1.811e-05 1.85169e-05 7.33044e-05 2.70025 5.37261
38 4.18669e-05 1.74359e-05 1.811e-05 6.98793e-05 2.67042 5.24559
39 6.54583e-05 2.56405e-05 1.74359e-05 6.87733e-05 2.62025 5.20392
40 2.85372e-05 2.06285e-05 1.74359e-05 6.87733e-05 2.62025 5.20392
41 8.50834e-05 2.48017e-05 1.74359e-05 6.87733e-05 2.62025 5.20392
42 3.48338e-05 3.21536e-05 1.74359e-05 6.87733e-05 2.62025 5.20392
43 4.40914e-05 1.6962e-05 1.74359e-05 6.87733e-05 2.62025 5.20392
44 3.60777e-05 3.07282e-05 1.6962e-05 6.70942e-05 2.5844 5.14
45 3.98077e-05 3.50998e-05 1.6962e-05 6.70942e-05 2.5844 5.14
46 3.87882e-05 1.54565e-05 1.6962e-05 6.70942e-05 2.5844 5.14
47 4.78057e-05 1.80683e-05 1.54565e-05 6.38011e-05 2.46704 5.01227
48 3.13177e-05 1.57648e-05 1.54565e-05 6.38011e-05 2.46704 5.01227
49 3.74922e-05 2.66894e-05 1.57648e-05 6.30087e-05 2.49152 4.98104
50 4.676e-05 2.62838e-05 1.57648e-05 6.30087e-05 2.49152 4.98104
51 3.91896e-05 2.30532e-05 1.57648e-05 6.30087e-05 2.49152 4.98104
52 3.52382e-05 2.07731e-05 1.57648e-05 6.30087e-05 2.49152 4.98104
53 3.29745e-05 3.33709e-05 1.57648e-05 6.30087e-05 2.49152 4.98104
54 3.45833e-05 1.75245e-05 1.57648e-05 6.30087e-05 2.49152 4.98104
55 3.31547e-05 2.61055e-05 1.57648e-05 6.30087e-05 2.49152 4.98104
56 3.89956e-05 1.54307e-05 1.57648e-05 6.30087e-05 2.49152 4.98104
57 3.73488e-05 1.54868e-05 1.54307e-05 6.00084e-05 2.46498 4.86101
58 3.97469e-05 1.43649e-05 1.54868e-05 5.94128e-05 2.46945 4.83682
59 2.8894e-05 1.78283e-05 1.43649e-05 5.93157e-05 2.37833 4.83287
60 5.7123e-05 2.35689e-05 1.43649e-05 5.93157e-05 2.37833 4.83287
61 3.19051e-05 6.21707e-05 1.43649e-05 5.93157e-05 2.37833 4.83287
62 4.47016e-05 3.23313e-05 1.43649e-05 5.93157e-05 2.37833 4.83287
63 3.8396e-05 1.64742e-05 1.43649e-05 5.93157e-05 2.37833 4.83287
64 2.84835e-05 3.26046e-05 1.43649e-05 5.93157e-05 2.37833 4.83287
65 4.77869e-05 1.55631e-05 1.43649e-05 5.93157e-05 2.37833 4.83287
66 3.4202e-05 2.26903e-05 1.43649e-05 5.93157e-05 2.37833 4.83287
67 6.93946e-05 1.83478e-05 1.43649e-05 5.93157e-05 2.37833 4.83287
68 2.43434e-05 1.42852e-05 1.43649e-05 5.93157e-05 2.37833 4.83287
69 5.9624e-05 2.21309e-05 1.42852e-05 5.88936e-05 2.37172 4.81564
70 2.21936e-05 4.9727e-05 1.42852e-05 5.88936e-05 2.37172 4.81564
71 3.09144e-05 4.31344e-05 1.42852e-05 5.88936e-05 2.37172 4.81564
72 3.6957e-05 5.00787e-05 1.42852e-05 5.88936e-05 2.37172 4.81564
73 4.71984e-05 1.37117e-05 1.42852e-05 5.88936e-05 2.37172 4.81564
74 3.14399e-05 1.39451e-05 1.37117e-05 5.73786e-05 2.32363 4.7533
75 4.71245e-05 1.80784e-05 1.37117e-05 5.73786e-05 2.32363 4.7533
76 2.31478e-05 5.08605e-05 1.37117e-05 5.73786e-05 2.32363 4.7533
77 3.0154e-05 1.97113e-05 1.37117e-05 5.73786e-05 2.32363 4.7533
78 3.5429e-05 5.49829e-05 1.37117e-05 5.73786e-05 2.32363 4.7533
79 6.91834e-05 1.64258e-05 1.37117e-05 5.73786e-05 2.32363 4.7533
80 4.2635e-05 1.83965e-05 1.37117e-05 5.73786e-05 2.32363 4.7533
81 2.30284e-05 1.39314e-05 1.37117e-05 5.73786e-05 2.32363 4.7533
82 4.75269e-05 1.77561e-05 1.39314e-05 5.56128e-05 2.34217 4.67959
83 2.79845e-05 4.55477e-05 1.39314e-05 5.56128e-05 2.34217 4.67959
84 5.2513e-05 2.97643e-05 1.39314e-05 5.56128e-05 2.34217 4.67959
85 5.5435e-05 1.37503e-05 1.39314e-05 5.56128e-05 2.34217 4.67959
86 2.52647e-05 1.70731e-05 1.39314e-05 5.56128e-05 2.34217 4.67959
87 3.03392e-05 1.37516e-05 1.39314e-05 5.56128e-05 2.34217 4.67959
88 4.07756e-05 4.05486e-05 1.37516e-05 5.45781e-05 2.327 4.63585
89 3.55191e-05 1.24757e-05 1.37516e-05 5.45781e-05 2.327 4.63585
90 2.59792e-05 2.52325e-05 1.24757e-05 5.41191e-05 2.21643 4.61632
91 3.38752e-05 2.22651e-05 1.24757e-05 5.41191e-05 2.21643 4.61632
92 4.16499e-05 1.68892e-05 1.24757e-05 5.41191e-05 2.21643 4.61632
93 2.90384e-05 1.49399e-05 1.24757e-05 5.41191e-05 2.21643 4.61632
94 6.2201e-05 1.43554e-05 1.24757e-05 5.41191e-05 2.21643 4.61632
95 2.4732e-05 0.000139185 1.24757e-05 5.41191e-05 2.21643 4.61632
96 5.74441e-05 2.02916e-05 1.24757e-05 5.41191e-05 2.21643 4.61632
97 2.95097e-05 2.67402e-05 1.24757e-05 5.41191e-05 2.21643 4.61632
98 2.93834e-05 1.78007e-05 1.24757e-05 5.41191e-05 2.21643 4.61632
99 4.83428e-05 1.39816e-05 1.24757e-05 5.41191e-05 2.21643 4.61632
100 3.17681e-05 1.31241e-05 1.24757e-05 5.41191e-05 2.21643 4.61632
101 6.57162e-05 4.65599e-05 1.24757e-05 5.41191e-05 2.21643 4.61632
102 2.04928e-05 2.36516e-05 1.24757e-05 5.41191e-05 2.21643 4.61632
103 3.11398e-05 1.29802e-05 1.24757e-05 5.41191e-05 2.21643 4.61632
104 3.19897e-05 1.24358e-05 1.29802e-05 5.28339e-05 2.26079 4.56117
105 4.03732e-05 1.50711e-05 1.24358e-05 5.31286e-05 2.21287 4.57388
106 2.10212e-05 1.52622e-05 1.24358e-05 5.31286e-05 2.21287 4.57388
107 2.88907e-05 3.28571e-05 1.24358e-05 5.31286e-05 2.21287 4.57388
108 3.11749e-05 3.02117e-05 1.24358e-05 5.31286e-05 2.21287 4.57388
109 3.20315e-05 2.14764e-05 1.24358e-05 5.31286e-05 2.21287 4.57388
110 2.74542e-05 2.86413e-05 1.24358e-05 5.31286e-05 2.21287 4.57388
111 3.90894e-05 1.6286e-05 1.24358e-05 5.31286e-05 2.21287 4.57388
112 3.52762e-05 1.22443e-05 1.24358e-05 5.31286e-05 2.21287 4.57388
113 2.34856e-05 1.43091e-05 1.22443e-05 5.18977e-05 2.19578 4.52058
114 3.61222e-05 1.30747e-05 1.22443e-05 5.18977e-05 2.19578 4.52058
115 2.87612e-05 4.73814e-05 1.22443e-05 5.18977e-05 2.19578 4.52058
116 5.70974e-05 2.714e-05 1.22443e-05 5.18977e-05 2.19578 4.52058
117 1.95125e-05 7.08966e-05 1.22443e-05 5.18977e-05 2.19578 4.52058
118 2.71498e-05 1.34182e-05 1.22443e-05 5.18977e-05 2.19578 4.52058
119 4.77913e-05 1.38706e-05 1.22443e-05 5.18977e-05 2.19578 4.52058
120 2.22171e-05 2.92848e-05 1.22443e-05 5.18977e-05 2.19578 4.52058
121 5.15172e-05 2.64133e-05 1.22443e-05 5.18977e-05 2.19578 4.52058
122 2.39069e-05 1.31952e-05 1.22443e-05 5.18977e-05 2.19578 4.52058
123 2.83729e-05 1.3945e-05 1.22443e-05 5.18977e-05 2.19578 4.52058
124 5.77594e-05 1.34334e-05 1.22443e-05 5.18977e-05 2.19578 4.52058
125 2.23262e-05 5.87261e-05 1.22443e-05 5.18977e-05 2.19578 4.52058
126 2.55513e-05 8.12071e-05 1.22443e-05 5.18977e-05 2.19578 4.52058
127 6.8089e-05 1.27482e-05 1.22443e-05 5.18977e-05 2.19578 4.52058
128 2.54583e-05 1.96987e-05 1.22443e-05 5.18977e-05 2.19578 4.52058
129 5.67454e-05 1.57241e-05 1.22443e-05 5.18977e-05 2.19578 4.52058
130 2.51799e-05 6.72183e-05 1.22443e-05 5.18977e-05 2.19578 4.52058
131 3.51439e-05 1.44687e-05 1.22443e-05 5.18977e-05 2.19578 4.52058
132 2.64712e-05 1.32532e-05 1.22443e-05 5.18977e-05 2.19578 4.52058
133 3.41634e-05 1.35459e-05 1.22443e-05 5.18977e-05 2.19578 4.52058
134 5.35644e-05 1.51034e-05 1.22443e-05 5.18977e-05 2.19578 4.52058
135 1.9017e-05 5.87892e-05 1.22443e-05 5.18977e-05 2.19578 4.52058
136 2.73016e-05 2.07071e-05 1.22443e-05 5.18977e-05 2.19578 4.52058
137 2.70872e-05 1.59748e-05 1.22443e-05 5.18977e-05 2.19578 4.52058
138 3.87386e-05 1.28744e-05 1.22443e-05 5.18977e-05 2.19578 4.52058
139 2.18788e-05 1.3708e-05 1.22443e-05 5.18977e-05 2.19578 4.52058
140 2.7395e-05 1.39939e-05 1.22443e-05 5.18977e-05 2.19578 4.52058
141 3.29441e-05 1.92586e-05 1.22443e-05 5.18977e-05 2.19578 4.52058
142 2.92037e-05 5.92627e-05 1.22443e-05 5.18977e-05 2.19578 4.52058
143 5.20191e-05 1.33073e-05 1.22443e-05 5.18977e-05 2.19578 4.52058
144 2.18235e-05 2.41497e-05 1.22443e-05 5.18977e-05 2.19578 4.52058
145 2.76755e-05 1.4208e-05 1.22443e-05 5.18977e-05 2.19578 4.52058
146 4.92827e-05 1.45305e-05 1.22443e-05 5.18977e-05 2.19578 4.52058
147 2.19504e-05 2.12701e-05 1.22443e-05 5.18977e-05 2.19578 4.52058
148 2.63965e-05 1.41844e-05 1.22443e-05 5.18977e-05 2.19578 4.52058
149 2.9358e-05 1.35964e-05 1.22443e-05 5.18977e-05 2.19578 4.52058
150 3.26129e-05 1.27152e-05 1.22443e-05 5.18977e-05 2.19578 4.52058
151 1.97104e-05 2.86674e-05 1.22443e-05 5.18977e-05 2.19578 4.52058
152 3.74594e-05 1.20695e-05 1.22443e-05 5.18977e-05 2.19578 4.52058
153 1.15961e-05 1.2924e-05 1.20695e-05 5.04014e-05 2.18004 4.45494
154 1.28158e-05 1.46289e-05 1.2924e-05 4.83887e-05 2.25589 4.36508
155 1.28591e-05 1.15926e-05 1.2924e-05 4.83887e-05 2.25589 4.36508
156 1.27732e-05 1.29845e-05 1.15926e-05 4.77529e-05 2.13654 4.33631
157 1.28534e-05 1.94505e-05 1.15926e-05 4.77529e-05 2.13654 4.33631
158 1.27358e-05 1.29256e-05 1.15926e-05 4.77529e-05 2.13654 4.33631
159 1.2749e-05 2.96667e-05 1.15926e-05 4.77529e-05 2.13654 4.33631
160 1.2783e-05 1.24186e-05 1.15926e-05 4.77529e-05 2.13654 4.33631
161 1.28559e-05 2.97091e-05 1.15926e-05 4.77529e-05 2.13654 4.33631
162 1.29049e-05 1.14615e-05 1.15926e-05 4.77529e-05 2.13654 4.33631
163 1.27314e-05 1.1212e-05 1.14615e-05 4.66956e-05 2.12442 4.28804
164 1.28986e-05 1.1601e-05 1.1212e-05 4.62119e-05 2.10117 4.26577
165 1.2742e-05 1.12796e-05 1.1212e-05 4.62119e-05 2.10117 4.26577
166 1.28237e-05 1.14535e-05 1.12796e-05 4.59507e-05 2.1075 4.2537
167 1.27918e-05 1.65897e-05 1.12796e-05 4.59507e-05 2.1075 4.2537
168 1.27881e-05 1.29345e-05 1.12796e-05 4.59507e-05 2.1075 4.2537
169 1.2811e-05 1.1813e-05 1.12796e-05 4.59507e-05 2.1075 4.2537
170 1.28508e-05 1.11473e-05 1.12796e-05 4.59507e-05 2.1075 4.2537
171 1.30338e-05 1.11802e-05 1.11473e-05 4.55418e-05 2.09511 4.23472
172 1.26638e-05 1.70715e-05 1.11802e-05 4.54003e-05 2.09819 4.22814
173 1.3104e-05 1.61495e-05 1.11802e-05 4.54003e-05 2.09819 4.22814
174 1.25827e-05 1.09485e-05 1.11802e-05 4.54003e-05 2.09819 4.22814
175 1.29069e-05 1.3874e-05 1.09485e-05 4.55451e-05 2.07634 4.23488
176 1.27677e-05 1.1036e-05 1.09485e-05 4.55451e-05 2.07634 4.23488
177 1.2963e-05 1.09421e-05 1.1036e-05 4.49534e-05 2.08462 4.20728
178 1.289e-05 1.17809e-05 1.09421e-05 4.48744e-05 2.07573 4.20358
179 1.2763e-05 1.49925e-05 1.09421e-05 4.48744e-05 2.07573 4.20358
180 1.28489e-05 1.14893e-05 1.09421e-05 4.48744e-05 2.07573 4.20358
181 1.27929e-05 1.1748e-05 1.09421e-05 4.48744e-05 2.07573 4.20358
182 1.28346e-05 1.94819e-05 1.09421e-05 4.48744e-05 2.07573 4.20358
183 1.33787e-05 1.53116e-05 1.09421e-05 4.48744e-05 2.07573 4.20358
184 1.26104e-05 2.92755e-05 1.09421e-05 4.48744e-05 2.07573 4.20358
185 1.31002e-05 1.04517e-05 1.09421e-05 4.48744e-05 2.07573 4.20358
186 1.26061e-05 1.8559e-05 1.04517e-05 4.42464e-05 2.02868 4.17407
187 1.28317e-05 4.81975e-05 1.04517e-05 4.42464e-05 2.02868 4.17407
188 1.29841e-05 1.29324e-05 1.04517e-05 4.42464e-05 2.02868 4.17407
189 1.27284e-05 4.10703e-05 1.04517e-05 4.42464e-05 2.02868 4.17407
190 1.28236e-05 1.35151e-05 1.04517e-05 4.42464e-05 2.02868 4.17407
191 1.28984e-05 1.082e-05 1.04517e-05 4.42464e-05 2.02868 4.17407
192 1.29326e-05 2.6641e-05 1.04517e-05 4.42464e-05 2.02868 4.17407
193 1.29425e-05 1.60656e-05 1.04517e-05 4.42464e-05 2.02868 4.17407
194 1.28104e-05 1.12581e-05 1.04517e-05 4.42464e-05 2.02868 4.17407
195 1.28018e-05 1.47633e-05 1.04517e-05 4.42464e-05 2.02868 4.17407
196 1.28078e-05 1.21768e-05 1.04517e-05 4.42464e-05 2.02868 4.17407
197 1.27418e-05 1.47291e-05 1.04517e-05 4.42464e-05 2.02868 4.17407
198 1.29405e-05 1.08097e-05 1.04517e-05 4.42464e-05 2.02868 4.17407
199 1.27961e-05 1.99001e-05 1.04517e-05 4.42464e-05 2.02868 4.17407
200 1.28826e-05 1.26226e-05 1.04517e-05 4.42464e-05 2.02868 4.17407
201 1.28706e-05 1.69114e-05 1.04517e-05 4.42464e-05 2.02868 4.17407
202 1.29747e-05 2.42979e-05 1.04517e-05 4.42464e-05 2.02868 4.17407
203 1.29827e-05 1.05938e-05 1.04517e-05 4.42464e-05 2.02868 4.17407
204 1.31349e-05 1.05613e-05 1.05938e-05 4.36526e-05 2.04242 4.14596
205 1.25213e-05 1.87339e-05 1.05613e-05 4.33721e-05 2.03929 4.13262
206 1.27804e-05 1.87649e-05 1.05613e-05 4.33721e-05 2.03929 4.13262
207 1.30065e-05 1.71379e-05 1.05613e-05 4.33721e-05 2.03929 4.13262
208 1.29609e-05 1.09104e-05 1.05613e-05 4.33721e-05 2.03929 4.13262
209 1.28638e-05 1.20142e-05 1.05613e-05 4.33721e-05 2.03929 4.13262
210 1.3336e-05 1.20122e-05 1.05613e-05 4.33721e-05 2.03929 4.13262
211 1.24119e-05 1.11719e-05 1.05613e-05 4.33721e-05 2.03929 4.13262
212 1.28046e-05 1.10686e-05 1.05613e-05 4.33721e-05 2.03929 4.13262
213 1.29739e-05 1.24767e-05 1.05613e-05 4.33721e-05 2.03929 4.13262
214 1.27816e-05 2.68627e-05 1.05613e-05 4.33721e-05 2.03929 4.13262
215 1.30753e-05 1.27458e-05 1.05613e-05 4.33721e-05 2.03929 4.13262
216 1.28053e-05 1.28479e-05 1.05613e-05 4.33721e-05 2.03929 4.13262
217 1.27611e-05 1.32022e-05 1.05613e-05 4.33721e-05 2.03929 4.13262
218 1.2919e-05 1.26444e-05 1.05613e-05 4.33721e-05 2.03929 4.13262
219 1.27485e-05 1.36659e-05 1.05613e-05 4.33721e-05 2.03929 4.13262
220 1.29979e-05 1.18084e-05 1.05613e-05 4.33721e-05 2.03929 4.13262
221 1.30542e-05 1.08363e-05 1.05613e-05 4.33721e-05 2.03929 4.13262
222 1.27053e-05 1.44842e-05 1.05613e-05 4.33721e-05 2.03929 4.13262
223 1.27391e-05 1.1178e-05 1.05613e-05 4.33721e-05 2.03929 4.13262
224 1.28619e-05 1.37276e-05 1.05613e-05 4.33721e-05 2.03929 4.13262
225 1.2988e-05 1.04343e-05 1.05613e-05 4.33721e-05 2.03929 4.13262
226 1.27759e-05 1.15231e-05 1.04343e-05 4.28868e-05 2.027 4.10943
227 1.29197e-05 1.07649e-05 1.04343e-05 4.28868e-05 2.027 4.10943
228 1.29564e-05 1.27162e-05 1.04343e-05 4.28868e-05 2.027 4.10943
229 1.28341e-05 1.58118e-05 1.04343e-05 4.28868e-05 2.027 4.10943
230 1.3094e-05 1.20266e-05 1.04343e-05 4.28868e-05 2.027 4.10943
231 1.29093e-05 1.23643e-05 1.04343e-05 4.28868e-05 2.027 4.10943
232 1.28918e-05 2.98427e-05 1.04343e-05 4.28868e-05 2.027 4.10943
233 1.27916e-05 1.23703e-05 1.04343e-05 4.28868e-05 2.027 4.10943
234 1.2846e-05 1.16881e-05 1.04343e-05 4.28868e-05 2.027 4.10943
235 1.29407e-05 1.35201e-05 1.04343e-05 4.28868e-05 2.027 4.10943
236 1.28521e-05 1.3756e-05 1.04343e-05 4.28868e-05 2.027 4.10943
237 1.30783e-05 3.9538e-05 1.04343e-05 4.28868e-05 2.027 4.10943
238 1.29384e-05 3.12723e-05 1.04343e-05 4.28868e-05 2.027 4.10943
239 1.28408e-05 1.04996e-05 1.04343e-05 4.28868e-05 2.027 4.10943
240 1.31785e-05 1.31396e-05 1.04996e-05 4.2632e-05 2.03333 4.09721
241 1.24687e-05 2.50984e-05 1.04996e-05 4.2632e-05 2.03333 4.09721
242 1.28801e-05 1.95019e-05 1.04996e-05 4.2632e-05 2.03333 4.09721
243 1.29072e-05 1.50049e-05 1.04996e-05 4.2632e-05 2.03333 4.09721
244 1.27894e-05 2.75448e-05 1.04996e-05 4.2632e-05 2.03333 4.09721
245 1.30134e-05 1.13826e-05 1.04996e-05 4.2632e-05 2.03333 4.09721
246 1.36278e-05 1.68023e-05 1.04996e-05 4.2632e-05 2.03333 4.09721
247 1.27375e-05 1.21823e-05 1.04996e-05 4.2632e-05 2.03333 4.09721
248 1.32213e-05 0.000183684 1.04996e-05 4.2632e-05 2.03333 4.09721
249 1.27233e-05 1.12836e-05 1.04996e-05 4.2632e-05 2.03333 4.09721
250 1.31089e-05 1.54865e-05 1.04996e-05 4.2632e-05 2.03333 4.09721
251 1.27446e-05 1.13205e-05 1.04996e-05 4.2632e-05 2.03333 4.09721
252 1.29191e-05 1.01972e-05 1.04996e-05 4.2632e-05 2.03333 4.09721
253 1.29814e-05 1.05185e-05 1.01972e-05 4.20808e-05 2.00383 4.07064
254 1.27437e-05 1.06705e-05 1.01972e-05 4.20808e-05 2.00383 4.07064
255 1.2797e-05 1.22606e-05 1.01972e-05 4.20808e-05 2.00383 4.07064
256 1.29443e-05 1.11874e-05 1.01972e-05 4.20808e-05 2.00383 4.07064
257 1.30908e-05 1.44383e-05 1.01972e-05 4.20808e-05 2.00383 4.07064
258 1.26918e-05 1.54877e-05 1.01972e-05 4.20808e-05 2.00383 4.07064
259 1.27358e-05 1.60893e-05 1.01972e-05 4.20808e-05 2.00383 4.07064
260 1.3136e-05 2.11234e-05 1.01972e-05 4.20808e-05 2.00383 4.07064
261 1.27949e-05 1.0424e-05 1.01972e-05 4.20808e-05 2.00383 4.07064
262 1.29077e-05 1.16049e-05 1.01972e-05 4.20808e-05 2.00383 4.07064
263 1.29555e-05 1.06542e-05 1.01972e-05 4.20808e-05 2.00383 4.07064
264 1.30957e-05 1.11511e-05 1.01972e-05 4.20808e-05 2.00383 4.07064
265 1.27642e-05 1.02977e-05 1.01972e-05 4.20808e-05 2.00383 4.07064
266 1.27612e-05 1.58686e-05 1.02977e-05 4.1827e-05 2.01367 4.05834
267 1.28482e-05 3.66707e-05 1.02977e-05 4.1827e-05 2.01367 4.05834
268 1.29356e-05 2.00233e-05 1.02977e-05 4.1827e-05 2.01367 4.05834
269 1.29161e-05 1.04015e-05 1.02977e-05 4.1827e-05 2.01367 4.05834
270 1.30435e-05 1.38931e-05 1.02977e-05 4.1827e-05 2.01367 4.05834
271 1.27506e-05 1.43584e-05 1.02977e-05 4.1827e-05 2.01367 4.05834
272 1.29983e-05 1.06815e-05 1.02977e-05 4.1827e-05 2.01367 4.05834
273 1.29087e-05 1.03445e-05 1.02977e-05 4.1827e-05 2.01367 4.05834
274 1.2839e-05 2.40917e-05 1.02977e-05 4.1827e-05 2.01367 4.05834
275 1.29386e-05 1.1021e-05 1.02977e-05 4.1827e-05 2.01367 4.05834
276 1.2669e-05 1.32456e-05 1.02977e-05 4.1827e-05 2.01367 4.05834
277 1.28601e-05 1.05807e-05 1.02977e-05 4.1827e-05 2.01367 4.05834
278 1.28866e-05 1.14641e-05 1.02977e-05 4.1827e-05 2.01367 4.05834
279 1.29982e-05 1.55087e-05 1.02977e-05 4.1827e-05 2.01367 4.05834
280 1.29237e-05 2.07124e-05 1.02977e-05 4.1827e-05 2.01367 4.05834
281 1.27215e-05 1.52201e-05 1.02977e-05 4.1827e-05 2.01367 4.05834
282 1.30994e-05 1.1688e-05 1.02977e-05 4.1827e-05 2.01367 4.05834
283 1.29517e-05 1.02715e-05 1.02977e-05 4.1827e-05 2.01367 4.05834
284 1.37125e-05 1.03517e-05 1.02715e-05 4.13492e-05 2.01112 4.0351
285 1.18262e-05 1.12282e-05 1.02715e-05 4.13492e-05 2.01112 4.0351
286 1.28463e-05 1.31654e-05 1.02715e-05 4.13492e-05 2.01112 4.0351
287 1.3032e-05 1.57876e-05 1.02715e-05 4.13492e-05 2.01112 4.0351
288 1.26862e-05 1.59134e-05 1.02715e-05 4.13492e-05 2.01112 4.0351
289 1.28594e-05 2.64791e-05 1.02715e-05 4.13492e-05 2.01112 4.0351
290 1.28595e-05 4.10838e-05 1.02715e-05 4.13492e-05 2.01112 4.0351
291 1.28652e-05 1.28637e-05 1.02715e-05 4.13492e-05 2.01112 4.0351
292 1.27611e-05 1.16104e-05 1.02715e-05 4.13492e-05 2.01112 4.0351
293 1.28379e-05 1.11057e-05 1.02715e-05 4.13492e-05 2.01112 4.0351
294 1.2836e-05 1.68888e-05 1.02715e-05 4.13492e-05 2.01112 4.0351
295 1.28856e-05 1.05058e-05 1.02715e-05 4.13492e-05 2.01112 4.0351
296 1.27313e-05 1.36286e-05 1.02715e-05 4.13492e-05 2.01112 4.0351
297 1.30427e-05 1.03219e-05 1.02715e-05 4.13492e-05 2.01112 4.0351
298 1.27178e-05 2.12954e-05 1.03219e-05 4.1115e-05 2.01605 4.02365
299 1.29074e-05 1.07082e-05 1.03219e-05 4.1115e-05 2.01605 4.02365
300 1.28463e-05 1.13296e-05 1.03219e-05 4.1115e-05 2.01605 4.02365
301 1.28661e-05 1.08384e-05 1.03219e-05 4.1115e-05 2.01605 4.02365
302 1.29811e-05 1.30386e-05 1.03219e-05 4.1115e-05 2.01605 4.02365
303 1.27146e-05 1.04064e-05 1.03219e-05 4.1115e-05 2.01605 4.02365
304 1.29043e-05 1.29108e-05 1.03219e-05 4.1115e-05 2.01605 4.02365
305 1.27773e-05 1.09661e-05 1.03219e-05 4.1115e-05 2.01605 4.02365
306 1.33725e-05 9.97289e-06 1.03219e-05 4.1115e-05 2.01605 4.02365
307 1.24105e-05 1.02837e-05 9.97289e-06 4.08705e-05 1.98167 4.01167
308 1.31763e-05 1.39861e-05 9.97289e-06 4.08705e-05 1.98167 4.01167
309 1.26471e-05 1.39765e-05 9.97289e-06 4.08705e-05 1.98167 4.01167
310 1.29513e-05 1.3697e-05 9.97289e-06 4.08705e-05 1.98167 4.01167
311 1.28041e-05 1.50079e-05 9.97289e-06 4.08705e-05 1.98167 4.01167
312 1.26934e-05 1.30878e-05 9.97289e-06 4.08705e-05 1.98167 4.01167
313 1.29037e-05 1.06845e-05 9.97289e-06 4.08705e-05 1.98167 4.01167
314 1.28575e-05 1.31032e-05 9.97289e-06 4.08705e-05 1.98167 4.01167
315 1.28115e-05 1.14997e-05 9.97289e-06 4.08705e-05 1.98167 4.01167
316 1.2851e-05 1.62836e-05 9.97289e-06 4.08705e-05 1.98167 4.01167
317 1.30272e-05 1.11162e-05 9.97289e-06 4.08705e-05 1.98167 4.01167
318 1.29532e-05 1.38405e-05 9.97289e-06 4.08705e-05 1.98167 4.01167
319 1.27314e-05 2.2189e-05 9.97289e-06 4.08705e-05 1.98167 4.01167
320 1.28579e-05 1.35551e-05 9.97289e-06 4.08705e-05 1.98167 4.01167
321 1.3486e-05 1.00913e-05 9.97289e-06 4.08705e-05 1.98167 4.01167
322 1.23131e-05 1.03369e-05 9.97289e-06 4.08705e-05 1.98167 4.01167
323 1.26953e-05 2.11637e-05 9.97289e-06 4.08705e-05 1.98167 4.01167
324 1.28548e-05 3.78154e-05 9.97289e-06 4.08705e-05 1.98167 4.01167
325 1.2857e-05 1.02002e-05 9.97289e-06 4.08705e-05 1.98167 4.01167
326 1.28e-05 1.10038e-05 9.97289e-06 4.08705e-05 1.98167 4.01167
327 1.29573e-05 2.03734e-05 9.97289e-06 4.08705e-05 1.98167 4.01167
328 1.29302e-05 1.16669e-05 9.97289e-06 4.08705e-05 1.98167 4.01167
329 1.28191e-05 1.24457e-05 9.97289e-06 4.08705e-05 1.98167 4.01167
330 1.27589e-05 1.10912e-05 9.97289e-06 4.08705e-05 1.98167 4.01167
331 1.27528e-05 2.38398e-05 9.97289e-06 4.08705e-05 1.98167 4.01167
332 1.29606e-05 1.10921e-05 9.97289e-06 4.08705e-05 1.98167 4.01167
333 1.29692e-05 1.41122e-05 9.97289e-06 4.08705e-05 1.98167 4.01167
334 1.29224e-05 1.37534e-05 9.97289e-06 4.08705e-05 1.98167 4.01167
335 1.26874e-05 1.01139e-05 9.97289e-06 4.08705e-05 1.98167 4.01167
336 1.28174e-05 1.3011e-05 9.97289e-06 4.08705e-05 1.98167 4.01167
337 1.28374e-05 2.30624e-05 9.97289e-06 4.08705e-05 1.98167 4.01167
338 1.29763e-05 2.07201e-05 9.97289e-06 4.08705e-05 1.98167 4.01167
339 1.30352e-05 1.03513e-05 9.97289e-06 4.08705e-05 1.98167 4.01167
340 1.26862e-05 1.06749e-05 9.97289e-06 4.08705e-05 1.98167 4.01167
341 1.28422e-05 1.08669e-05 9.97289e-06 4.08705e-05 1.98167 4.01167
342 1.27513e-05 1.41635e-05 9.97289e-06 4.08705e-05 1.98167 4.01167
343 1.28591e-05 1.16683e-05 9.97289e-06 4.08705e-05 1.98167 4.01167
344 1.28216e-05 1.64541e-05 9.97289e-06 4.08705e-05 1.98167 4.01167
345 1.27373e-05 2.29169e-05 9.97289e-06 4.08705e-05 1.98167 4.01167
346 1.32117e-05 1.00272e-05 9.97289e-06 4.08705e-05 1.98167 4.01167
347 8.19646e-06 1.0657e-05 1.00272e-05 4.04824e-05 1.98705 3.99258
348 8.65362e-06 1.12069e-05 1.00272e-05 4.04824e-05 1.98705 3.99258
349 8.67241e-06 9.99235e-06 1.00272e-05 4.04824e-05 1.98705 3.99258
350 8.65114e-06 1.04256e-05 9.99235e-06 3.98035e-05 1.9836 3.95896
351 8.69035e-06 1.06738e-05 9.99235e-06 3.98035e-05 1.9836 3.95896
352 8.70934e-06 1.01588e-05 9.99235e-06 3.98035e-05 1.9836 3.95896
353 8.69454e-06 1.10631e-05 9.99235e-06 3.98035e-05 1.9836 3.95896
354 8.67525e-06 9.63955e-06 9.99235e-06 3.98035e-05 1.9836 3.95896
355 8.72756e-06 1.59007e-05 9.63955e-06 3.94694e-05 1.94827 3.94231
356 8.68473e-06 9.9468e-06 9.63955e-06 3.94694e-05 1.94827 3.94231
357 8.73741e-06 1.05177e-05 9.63955e-06 3.94694e-05 1.94827 3.94231
358 8.71455e-06 1.07463e-05 9.63955e-06 3.94694e-05 1.94827 3.94231
359 8.77816e-06 9.43909e-06 9.63955e-06 3.94694e-05 1.94827 3.94231
360 8.72855e-06 9.99325e-06 9.43909e-06 3.93859e-05 1.9279 3.93814
361 8.749e-06 9.99927e-06 9.43909e-06 3.93859e-05 1.9279 3.93814
362 8.74072e-06 9.60474e-06 9.43909e-06 3.93859e-05 1.9279 3.93814
363 8.74966e-06 9.47865e-06 9.43909e-06 3.93859e-05 1.9279 3.93814
364 8.75413e-06 9.70908e-06 9.43909e-06 3.93859e-05 1.9279 3.93814
365 8.75286e-06 9.99365e-06 9.43909e-06 3.93859e-05 1.9279 3.93814
366 8.81037e-06 9.58156e-06 9.43909e-06 3.93859e-05 1.9279 3.93814
367 8.74342e-06 1.40021e-05 9.43909e-06 3.93859e-05 1.9279 3.93814
368 8.72534e-06 1.05993e-05 9.43909e-06 3.93859e-05 1.9279 3.93814
369 8.82717e-06 9.68167e-06 9.43909e-06 3.93859e-05 1.9279 3.93814
370 8.77931e-06 1.04739e-05 9.43909e-06 3.93859e-05 1.9279 3.93814
371 8.80186e-06 1.18236e-05 9.43909e-06 3.93859e-05 1.9279 3.93814
372 8.82444e-06 9.62163e-06 9.43909e-06 3.93859e-05 1.9279 3.93814
373 8.79125e-06 9.44483e-06 9.43909e-06 3.93859e-05 1.9279 3.93814
374 8.77022e-06 9.4947e-06 9.44483e-06 3.90288e-05 1.92849 3.92024
375 8.8088e-06 9.59485e-06 9.44483e-06 3.90288e-05 1.92849 3.92024
376 8.83241e-06 9.82862e-06 9.44483e-06 3.90288e-05 1.92849 3.92024
377 8.85142e-06 1.00341e-05 9.44483e-06 3.90288e-05 1.92849 3.92024
378 8.77806e-06 1.03434e-05 9.44483e-06 3.90288e-05 1.92849 3.92024
379 8.87194e-06 1.1075e-05 9.44483e-06 3.90288e-05 1.92849 3.92024
380 8.81788e-06 9.45632e-06 9.44483e-06 3.90288e-05 1.92849 3.92024
381 8.82109e-06 1.01925e-05 9.45632e-06 3.88606e-05 1.92966 3.91179
382 8.82997e-06 1.06572e-05 9.45632e-06 3.88606e-05 1.92966 3.91179
383 8.85011e-06 9.51761e-06 9.45632e-06 3.88606e-05 1.92966 3.91179
384 8.87137e-06 9.44764e-06 9.45632e-06 3.88606e-05 1.92966 3.91179
385 8.84953e-06 9.59205e-06 9.44764e-06 3.87801e-05 1.92878 3.90773
386 8.84964e-06 9.95818e-06 9.44764e-06 3.87801e-05 1.92878 3.90773
387 8.83679e-06 9.84964e-06 9.44764e-06 3.87801e-05 1.92878 3.90773
388 8.89425e-06 1.16145e-05 9.44764e-06 3.87801e-05 1.92878 3.90773
389 8.85782e-06 1.03942e-05 9.44764e-06 3.87801e-05 1.92878 3.90773
390 8.87733e-06 1.03994e-05 9.44764e-06 3.87801e-05 1.92878 3.90773
391 8.85175e-06 1.34203e-05 9.44764e-06 3.87801e-05 1.92878 3.90773
392 8.88112e-06 9.56715e-06 9.44764e-06 3.87801e-05 1.92878 3.90773
393 8.91234e-06 9.95302e-06 9.44764e-06 3.87801e-05 1.92878 3.90773
394 8.82495e-06 9.98563e-06 9.44764e-06 3.87801e-05 1.92878 3.90773
395 8.89129e-06 1.01853e-05 9.44764e-06 3.87801e-05 1.92878 3.90773
396 8.94134e-06 1.30353e-05 9.44764e-06 3.87801e-05 1.92878 3.90773
397 8.90248e-06 1.03309e-05 9.44764e-06 3.87801e-05 1.92878 3.90773
398 8.89888e-06 9.87243e-06 9.44764e-06 3.87801e-05 1.92878 3.90773
399 8.92137e-06 9.99695e-06 9.44764e-06 3.87801e-05 1.92878 3.90773
400 8.902e-06 9.47188e-06 9.44764e-06 3.87801e-05 1.92878 3.90773
401 8.9406e-06 9.41529e-06 9.47188e-06 3.85771e-05 1.93125 3.89749
402 8.88463e-06 9.43871e-06 9.41529e-06 3.85695e-05 1.92547 3.89711
403 8.94053e-06 9.71145e-06 9.43871e-06 3.8469e-05 1.92786 3.89203
404 8.91199e-06 1.06108e-05 9.43871e-06 3.8469e-05 1.92786 3.89203
405 8.93091e-06 9.41924e-06 9.43871e-06 3.8469e-05 1.92786 3.89203
406 8.93465e-06 1.03162e-05 9.41924e-06 3.84519e-05 1.92588 3.89116
407 8.99038e-06 1.08147e-05 9.41924e-06 3.84519e-05 1.92588 3.89116
408 8.8885e-06 9.97733e-06 9.41924e-06 3.84519e-05 1.92588 3.89116
409 8.95085e-06 9.50321e-06 9.41924e-06 3.84519e-05 1.92588 3.89116
410 8.89974e-06 1.67967e-05 9.41924e-06 3.84519e-05 1.92588 3.89116
411 8.95638e-06 9.76351e-06 9.41924e-06 3.84519e-05 1.92588 3.89116
412 8.94704e-06 9.76185e-06 9.41924e-06 3.84519e-05 1.92588 3.89116
413 8.93821e-06 1.18101e-05 9.41924e-06 3.84519e-05 1.92588 3.89116
414 8.95293e-06 1.10203e-05 9.41924e-06 3.84519e-05 1.92588 3.89116
415 8.97123e-06 1.58298e-05 9.41924e-06 3.84519e-05 1.92588 3.89116
416 8.96356e-06 9.5484e-06 9.41924e-06 3.84519e-05 1.92588 3.89116
417 8.97183e-06 1.44385e-05 9.41924e-06 3.84519e-05 1.92588 3.89116
418 8.97311e-06 1.03708e-05 9.41924e-06 3.84519e-05 1.92588 3.89116
419 8.98971e-06 1.35707e-05 9.41924e-06 3.84519e-05 1.92588 3.89116
420 8.98588e-06 1.08741e-05 9.41924e-06 3.84519e-05 1.92588 3.89116
421 8.96585e-06 1.06683e-05 9.41924e-06 3.84519e-05 1.92588 3.89116
422 9.02894e-06 9.9429e-06 9.41924e-06 3.84519e-05 1.92588 3.89116
423 8.95176e-06 1.01359e-05 9.41924e-06 3.84519e-05 1.92588 3.89116
424 8.9512e-06 9.36667e-06 9.41924e-06 3.84519e-05 1.92588 3.89116
425 9.05297e-06 1.07085e-05 9.36667e-06 3.82662e-05 1.92049 3.88175
426 8.9486e-06 9.91006e-06 9.36667e-06 3.82662e-05 1.92049 3.88175
427 8.97113e-06 1.26321e-05 9.36667e-06 3.82662e-05 1.92049 3.88175
428 9.02316e-06 9.3719e-06 9.36667e-06 3.82662e-05 1.92049 3.88175
429 9.01692e-06 1.3265e-05 9.36667e-06 3.82662e-05 1.92049 3.88175
430 8.98797e-06 1.0224e-05 9.36667e-06 3.82662e-05 1.92049 3.88175
431 9.02768e-06 1.51093e-05 9.36667e-06 3.82662e-05 1.92049 3.88175
432 9.02298e-06 1.36571e-05 9.36667e-06 3.82662e-05 1.92049 3.88175
433 9.04442e-06 1.03779e-05 9.36667e-06 3.82662e-05 1.92049 3.88175
434 9.00831e-06 9.64836e-06 9.36667e-06 3.82662e-05 1.92049 3.88175
435 9.03652e-06 1.20724e-05 9.36667e-06 3.82662e-05 1.92049 3.88175
436 8.98591e-06 9.86502e-06 9.36667e-06 3.82662e-05 1.92049 3.88175
437 9.0328e-06 9.4845e-06 9.36667e-06 3.82662e-05 1.92049 3.88175
438 9.01729e-06 9.43013e-06 9.36667e-06 3.82662e-05 1.92049 3.88175
439 9.02555e-06 1.70912e-05 9.43013e-06 3.80872e-05 1.92699 3.87266
440 9.05047e-06 1.10278e-05 9.43013e-06 3.80872e-05 1.92699 3.87266
441 9.04318e-06 9.6694e-06 9.43013e-06 3.80872e-05 1.92699 3.87266
442 9.0334e-06 9.46703e-06 9.43013e-06 3.80872e-05 1.92699 3.87266
443 9.05998e-06 1.01862e-05 9.46703e-06 3.80104e-05 1.93076 3.86876
444 9.02596e-06 1.09728e-05 9.46703e-06 3.80104e-05 1.93076 3.86876
445 9.01838e-06 1.03907e-05 9.46703e-06 3.80104e-05 1.93076 3.86876
446 9.07037e-06 1.19593e-05 9.46703e-06 3.80104e-05 1.93076 3.86876
447 9.07204e-06 1.07963e-05 9.46703e-06 3.80104e-05 1.93076 3.86876
448 9.04322e-06 1.46849e-05 9.46703e-06 3.80104e-05 1.93076 3.86876
449 9.04588e-06 1.36989e-05 9.46703e-06 3.80104e-05 1.93076 3.86876
450 9.06763e-06 1.2456e-05 9.46703e-06 3.80104e-05 1.93076 3.86876
451 9.05773e-06 1.04195e-05 9.46703e-06 3.80104e-05 1.93076 3.86876
452 9.08155e-06 9.36239e-06 9.46703e-06 3.80104e-05 1.93076 3.86876
453 9.05822e-06 9.42782e-06 9.36239e-06 3.79806e-05 1.92005 3.86724
454 9.08096e-06 9.5102e-06 9.36239e-06 3.79806e-05 1.92005 3.86724
455 9.09818e-06 2.49528e-05 9.36239e-06 3.79806e-05 1.92005 3.86724
456 9.03557e-06 9.60307e-06 9.36239e-06 3.79806e-05 1.92005 3.86724
457 9.13434e-06 1.32224e-05 9.36239e-06 3.79806e-05 1.92005 3.86724
458 9.05819e-06 9.51653e-06 9.36239e-06 3.79806e-05 1.92005 3.86724
459 9.05894e-06 1.12937e-05 9.36239e-06 3.79806e-05 1.92005 3.86724
460 9.07799e-06 9.63104e-06 9.36239e-06 3.79806e-05 1.92005 3.86724
461 9.10027e-06 1.24258e-05 9.36239e-06 3.79806e-05 1.92005 3.86724
462 9.07777e-06 1.01412e-05 9.36239e-06 3.79806e-05 1.92005 3.86724
463 9.10875e-06 1.07558e-05 9.36239e-06 3.79806e-05 1.92005 3.86724
464 9.10199e-06 1.02389e-05 9.36239e-06 3.79806e-05 1.92005 3.86724
465 9.08556e-06 1.50138e-05 9.36239e-06 3.79806e-05 1.92005 3.86724
466 9.14112e-06 9.49643e-06 9.36239e-06 3.79806e-05 1.92005 3.86724
467 9.09222e-06 1.26557e-05 9.36239e-06 3.79806e-05 1.92005 3.86724
468 9.10977e-06 1.07592e-05 9.36239e-06 3.79806e-05 1.92005 3.86724
469 9.13413e-06 1.6713e-05 9.36239e-06 3.79806e-05 1.92005 3.86724
470 9.11124e-06 1.05432e-05 9.36239e-06 3.79806e-05 1.92005 3.86724
471 9.12328e-06 9.82851e-06 9.36239e-06 3.79806e-05 1.92005 3.86724
472 9.10446e-06 1.32945e-05 9.36239e-06 3.79806e-05 1.92005 3.86724
473 9.13907e-06 1.03304e-05 9.36239e-06 3.79806e-05 1.92005 3.86724
474 9.09416e-06 1.44997e-05 9.36239e-06 3.79806e-05 1.92005 3.86724
475 9.15249e-06 2.25318e-05 9.36239e-06 3.79806e-05 1.92005 3.86724
476 9.11511e-06 1.05682e-05 9.36239e-06 3.79806e-05 1.92005 3.86724
477 9.14008e-06 9.72477e-06 9.36239e-06 3.79806e-05 1.92005 3.86724
478 9.08785e-06 1.02729e-05 9.36239e-06 3.79806e-05 1.92005 3.86724
479 9.16454e-06 1.55123e-05 9.36239e-06 3.79806e-05 1.92005 3.86724
480 9.10801e-06 1.15403e-05 9.36239e-06 3.79806e-05 1.92005 3.86724
481 9.13844e-06 1.00693e-05 9.36239e-06 3.79806e-05 1.92005 3.86724
482 9.18822e-06 1.19453e-05 9.36239e-06 3.79806e-05 1.92005 3.86724
483 9.1009e-06 1.21804e-05 9.36239e-06 3.79806e-05 1.92005 3.86724
484 9.14493e-06 1.01908e-05 9.36239e-06 3.79806e-05 1.92005 3.86724
485 9.1544e-06 1.44129e-05 9.36239e-06 3.79806e-05 1.92005 3.86724
486 9.14091e-06 1.36827e-05 9.36239e-06 3.79806e-05 1.92005 3.86724
487 9.12897e-06 2.52341e-05 9.36239e-06 3.79806e-05 1.92005 3.86724
488 9.17749e-06 1.21152e-05 9.36239e-06 3.79806e-05 1.92005 3.86724
489 9.15782e-06 1.0299e-05 9.36239e-06 3.79806e-05 1.92005 3.86724
490 9.14712e-06 9.38213e-06 9.36239e-06 3.79806e-05 1.92005 3.86724
491 9.14318e-06 1.05154e-05 9.38213e-06 3.76922e-05 1.92208 3.85253
492 9.14344e-06 1.17665e-05 9.38213e-06 3.76922e-05 1.92208 3.85253
493 9.20884e-06 1.11308e-05 9.38213e-06 3.76922e-05 1.92208 3.85253
494 9.10452e-06 1.18875e-05 9.38213e-06 3.76922e-05 1.92208 3.85253
495 9.17405e-06 9.54168e-06 9.38213e-06 3.76922e-05 1.92208 3.85253
496 9.10977e-06 1.12373e-05 9.38213e-06 3.76922e-05 1.92208 3.85253
497 9.14784e-06 1.00165e-05 9.38213e-06 3.76922e-05 1.92208 3.85253
498 9.12866e-06 1.17906e-05 9.38213e-06 3.76922e-05 1.92208 3.85253
499 9.17361e-06 1.20777e-05 9.38213e-06 3.76922e-05 1.92208 3.85253
500 9.17394e-06 1.5274e-05 9.38213e-06 3.76922e-05 1.92208 3.85253
501 9.16489e-06 2.00053e-05 9.38213e-06 3.76922e-05 1.92208 3.85253
502 9.18682e-06 1.01073e-05 9.38213e-06 3.76922e-05 1.92208 3.85253
503 9.1599e-06 9.81314e-06 9.38213e-06 3.76922e-05 1.92208 3.85253
504 9.15128e-06 9.36762e-06 9.38213e-06 3.76922e-05 1.92208 3.85253
505 9.15991e-06 9.70586e-06 9.36762e-06 3.75251e-05 1.92059 3.84398
506 9.21377e-06 9.86697e-06 9.36762e-06 3.75251e-05 1.92059 3.84398
507 9.1228e-06 2.01455e-05 9.36762e-06 3.75251e-05 1.92059 3.84398
508 9.20552e-06 1.3611e-05 9.36762e-06 3.75251e-05 1.92059 3.84398
509 9.17667e-06 1.07151e-05 9.36762e-06 3.75251e-05 1.92059 3.84398
510 9.18813e-06 9.53189e-06 9.36762e-06 3.75251e-05 1.92059 3.84398
511 9.21288e-06 1.09065e-05 9.36762e-06 3.75251e-05 1.92059 3.84398
512 9.12368e-06 1.59613e-05 9.36762e-06 3.75251e-05 1.92059 3.84398
513 9.18353e-06 1.01405e-05 9.36762e-06 3.75251e-05 1.92059 3.84398
514 9.21393e-06 9.78823e-06 9.36762e-06 3.75251e-05 1.92059 3.84398
515 9.15769e-06 1.30927e-05 9.36762e-06 3.75251e-05 1.92059 3.84398
516 9.1836e-06 9.50227e-06 9.36762e-06 3.75251e-05 1.92059 3.84398
517 9.18229e-06 1.05457e-05 9.36762e-06 3.75251e-05 1.92059 3.84398
518 9.26626e-06 9.69212e-06 9.36762e-06 3.75251e-05 1.92059 3.84398
519 9.08965e-06 1.25114e-05 9.36762e-06 3.75251e-05 1.92059 3.84398
520 9.21318e-06 1.03393e-05 9.36762e-06 3.75251e-05 1.92059 3.84398
521 9.18034e-06 1.14089e-05 9.36762e-06 3.75251e-05 1.92059 3.84398
522 9.17658e-06 1.38032e-05 9.36762e-06 3.75251e-05 1.92059 3.84398
523 9.18224e-06 9.61868e-06 9.36762e-06 3.75251e-05 1.92059 3.84398
524 9.20807e-06 9.83451e-06 9.36762e-06 3.75251e-05 1.92059 3.84398
525 9.21195e-06 1.18432e-05 9.36762e-06 3.75251e-05 1.92059 3.84398
526 9.17506e-06 1.07196e-05 9.36762e-06 3.75251e-05 1.92059 3.84398
527 9.19698e-06 1.20876e-05 9.36762e-06 3.75251e-05 1.92059 3.84398
528 9.19604e-06 9.8738e-06 9.36762e-06 3.75251e-05 1.92059 3.84398
529 9.20324e-06 9.84466e-06 9.36762e-06 3.75251e-05 1.92059 3.84398
530 9.2421e-06 9.73795e-06 9.36762e-06 3.75251e-05 1.92059 3.84398
531 9.19909e-06 9.28761e-06 9.36762e-06 3.75251e-05 1.92059 3.84398
532 9.2186e-06 1.17997e-05 9.28761e-06 3.75281e-05 1.91237 3.84413
533 9.18546e-06 1.21834e-05 9.28761e-06 3.75281e-05 1.91237 3.84413
534 9.18668e-06 1.16124e-05 9.28761e-06 3.75281e-05 1.91237 3.84413
535 9.20606e-06 1.28557e-05 9.28761e-06 3.75281e-05 1.91237 3.84413
536 9.19791e-06 1.00492e-05 9.28761e-06 3.75281e-05 1.91237 3.84413
537 9.2037e-06 9.58218e-06 9.28761e-06 3.75281e-05 1.91237 3.84413
538 9.20875e-06 9.26106e-06 9.28761e-06 3.75281e-05 1.91237 3.84413
539 9.1817e-06 9.32823e-06 9.26106e-06 3.72572e-05 1.90964 3.83024
540 9.21174e-06 9.50109e-06 9.26106e-06 3.72572e-05 1.90964 3.83024
541 9.20533e-06 9.69177e-06 9.26106e-06 3.72572e-05 1.90964 3.83024
542 9.20645e-06 1.0156e-05 9.26106e-06 3.72572e-05 1.90964 3.83024
543 9.21877e-06 9.40865e-06 9.26106e-06 3.72572e-05 1.90964 3.83024
544 9.19946e-06 9.89883e-06 9.26106e-06 3.72572e-05 1.90964 3.83024
545 9.22403e-06 9.90055e-06 9.26106e-06 3.72572e-05 1.90964 3.83024
546 9.2341e-06 1.31845e-05 9.26106e-06 3.72572e-05 1.90964 3.83024
547 9.25195e-06 1.2404e-05 9.26106e-06 3.72572e-05 1.90964 3.83024
548 9.20553e-06 9.63001e-06 9.26106e-06 3.72572e-05 1.90964 3.83024
549 9.17598e-06 1.11987e-05 9.26106e-06 3.72572e-05 1.90964 3.83024
550 9.21431e-06 9.56896e-06 9.26106e-06 3.72572e-05 1.90964 3.83024
551 9.23696e-06 1.03036e-05 9.26106e-06 3.72572e-05 1.90964 3.83024
552 9.18594e-06 9.68025e-06 9.26106e-06 3.72572e-05 1.90964 3.83024
553 9.23527e-06 1.15983e-05 9.26106e-06 3.72572e-05 1.90964 3.83024
554 9.22578e-06 1.69431e-05 9.26106e-06 3.72572e-05 1.90964 3.83024
555 9.22029e-06 9.38983e-06 9.26106e-06 3.72572e-05 1.90964 3.83024
556 9.24069e-06 9.59385e-06 9.26106e-06 3.72572e-05 1.90964 3.83024
557 9.24619e-06 9.2002e-06 9.26106e-06 3.72572e-05 1.90964 3.83024
558 9.17452e-06 1.19386e-05 9.2002e-06 3.71059e-05 1.90335 3.82245
559 9.31137e-06 1.14894e-05 9.2002e-06 3.71059e-05 1.90335 3.82245
560 9.1027e-06 1.07159e-05 9.2002e-06 3.71059e-05 1.90335 3.82245
561 9.2374e-06 1.00265e-05 9.2002e-06 3.71059e-05 1.90335 3.82245
562 9.21336e-06 9.39737e-06 9.2002e-06 3.71059e-05 1.90335 3.82245
563 9.24747e-06 1.01008e-05 9.2002e-06 3.71059e-05 1.90335 3.82245
564 9.24696e-06 9.69461e-06 9.2002e-06 3.71059e-05 1.90335 3.82245
565 9.19042e-06 9.72298e-06 9.2002e-06 3.71059e-05 1.90335 3.82245
566 9.24846e-06 1.02633e-05 9.2002e-06 3.71059e-05 1.90335 3.82245
567 9.24497e-06 1.01661e-05 9.2002e-06 3.71059e-05 1.90335 3.82245
568 9.21936e-06 1.15999e-05 9.2002e-06 3.71059e-05 1.90335 3.82245
569 9.25085e-06 1.08672e-05 9.2002e-06 3.71059e-05 1.90335 3.82245
570 9.22456e-06 1.08462e-05 9.2002e-06 3.71059e-05 1.90335 3.82245
571 9.24343e-06 9.31869e-06 9.2002e-06 3.71059e-05 1.90335 3.82245
572 9.27542e-06 2.61575e-05 9.2002e-06 3.71059e-05 1.90335 3.82245
573 9.25406e-06 1.19936e-05 9.2002e-06 3.71059e-05 1.90335 3.82245
574 9.30204e-06 1.37033e-05 9.2002e-06 3.71059e-05 1.90335 3.82245
575 9.25252e-06 9.3902e-06 9.2002e-06 3.71059e-05 1.90335 3.82245
576 9.20885e-06 9.92109e-06 9.2002e-06 3.71059e-05 1.90335 3.82245
577 9.23113e-06 1.13424e-05 9.2002e-06 3.71059e-05 1.90335 3.82245
578 9.28113e-06 9.43471e-06 9.2002e-06 3.71059e-05 1.90335 3.82245
579 9.21282e-06 2.0932e-05 9.2002e-06 3.71059e-05 1.90335 3.82245
580 9.21745e-06 1.02619e-05 9.2002e-06 3.71059e-05 1.90335 3.82245
581 9.25081e-06 1.10245e-05 9.2002e-06 3.71059e-05 1.90335 3.82245
582 9.28119e-06 1.10024e-05 9.2002e-06 3.71059e-05 1.90335 3.82245
583 9.25757e-06 1.13631e-05 9.2002e-06 3.71059e-05 1.90335 3.82245
584 9.23834e-06 1.0173e-05 9.2002e-06 3.71059e-05 1.90335 3.82245
585 9.19879e-06 9.5637e-06 9.2002e-06 3.71059e-05 1.90335 3.82245
586 9.25739e-06 1.06518e-05 9.2002e-06 3.71059e-05 1.90335 3.82245
587 9.25923e-06 1.25725e-05 9.2002e-06 3.71059e-05 1.90335 3.82245
588 9.26168e-06 1.09988e-05 9.2002e-06 3.71059e-05 1.90335 3.82245
589 9.23837e-06 1.0063e-05 9.2002e-06 3.71059e-05 1.90335 3.82245
590 9.25823e-06 1.13206e-05 9.2002e-06 3.71059e-05 1.90335 3.82245
591 9.24985e-06 1.19999e-05 9.2002e-06 3.71059e-05 1.90335 3.82245
592 9.28087e-06 1.08935e-05 9.2002e-06 3.71059e-05 1.90335 3.82245
593 9.23432e-06 1.03413e-05 9.2002e-06 3.71059e-05 1.90335 3.82245
594 9.25702e-06 1.0163e-05 9.2002e-06 3.71059e-05 1.90335 3.82245
595 9.28489e-06 1.20354e-05 9.2002e-06 3.71059e-05 1.90335 3.82245
596 9.25945e-06 1.19916e-05 9.2002e-06 3.71059e-05 1.90335 3.82245
597 9.23085e-06 1.07014e-05 9.2002e-06 3.71059e-05 1.90335 3.82245
598 7.22863e-06 8.99627e-06 9.2002e-06 3.71059e-05 1.90335 3.82245
599 7.37886e-06 1.05428e-05 8.99627e-06 3.66319e-05 1.88214 3.79796
600 7.39412e-06 9.12323e-06 8.99627e-06 3.66319e-05 1.88214 3.79796
601 7.41837e-06 9.23311e-06 8.99627e-06 3.66319e-05 1.88214 3.79796
602 7.37992e-06 9.26515e-06 8.99627e-06 3.66319e-05 1.88214 3.79796
603 7.41198e-06 8.91935e-06 8.99627e-06 3.66319e-05 1.88214 3.79796
604 7.40572e-06 9.13117e-06 8.91935e-06 3.65024e-05 1.87407 3.79124
605 7.41607e-06 1.02563e-05 8.91935e-06 3.65024e-05 1.87407 3.79124
606 7.44058e-06 8.97657e-06 8.91935e-06 3.65024e-05 1.87407 3.79124
607 7.40516e-06 9.25078e-06 8.91935e-06 3.65024e-05 1.87407 3.79124
608 7.4121e-06 9.17134e-06 8.91935e-06 3.65024e-05 1.87407 3.79124
609 7.43387e-06 1.05924e-05 8.91935e-06 3.65024e-05 1.87407 3.79124
610 7.4325e-06 9.35072e-06 8.91935e-06 3.65024e-05 1.87407 3.79124
611 7.42529e-06 9.93719e-06 8.91935e-06 3.65024e-05 1.87407 3.79124
612 7.4334e-06 8.97095e-06 8.91935e-06 3.65024e-05 1.87407 3.79124
613 7.46391e-06 9.24721e-06 8.91935e-06 3.65024e-05 1.87407 3.79124
614 7.43751e-06 9.19611e-06 8.91935e-06 3.65024e-05 1.87407 3.79124
615 7.46062e-06 8.91948e-06 8.91935e-06 3.65024e-05 1.87407 3.79124
616 7.44815e-06 1.22055e-05 8.91948e-06 3.63988e-05 1.87409 3.78586
617 7.46584e-06 9.18714e-06 8.91948e-06 3.63988e-05 1.87409 3.78586
618 7.45054e-06 8.94702e-06 8.91948e-06 3.63988e-05 1.87409 3.78586
619 7.47112e-06 9.09434e-06 8.94702e-06 3.63196e-05 1.87698 3.78173
620 7.48448e-06 9.54643e-06 8.94702e-06 3.63196e-05 1.87698 3.78173
621 7.46583e-06 9.22764e-06 8.94702e-06 3.63196e-05 1.87698 3.78173
622 7.47127e-06 9.0388e-06 8.94702e-06 3.63196e-05 1.87698 3.78173
623 7.49971e-06 9.86215e-06 8.94702e-06 3.63196e-05 1.87698 3.78173
624 7.48249e-06 9.15693e-06 8.94702e-06 3.63196e-05 1.87698 3.78173
625 7.48723e-06 9.24056e-06 8.94702e-06 3.63196e-05 1.87698 3.78173
626 7.49257e-06 9.4513e-06 8.94702e-06 3.63196e-05 1.87698 3.78173
627 7.50312e-06 9.24154e-06 8.94702e-06 3.63196e-05 1.87698 3.78173
628 7.49576e-06 9.89422e-06 8.94702e-06 3.63196e-05 1.87698 3.78173
629 7.49166e-06 1.04835e-05 8.94702e-06 3.63196e-05 1.87698 3.78173
630 7.51219e-06 9.044e-06 8.94702e-06 3.63196e-05 1.87698 3.78173
631 7.48785e-06 1.21211e-05 8.94702e-06 3.63196e-05 1.87698 3.78173
632 7.50872e-06 1.77615e-05 8.94702e-06 3.63196e-05 1.87698 3.78173
633 7.54081e-06 9.63661e-06 8.94702e-06 3.63196e-05 1.87698 3.78173
634 7.50795e-06 1.06803e-05 8.94702e-06 3.63196e-05 1.87698 3.78173
635 7.51982e-06 9.97545e-06 8.94702e-06 3.63196e-05 1.87698 3.78173
636 7.56021e-06 9.36597e-06 8.94702e-06 3.63196e-05 1.87698 3.78173
637 7.53791e-06 1.18927e-05 8.94702e-06 3.63196e-05 1.87698 3.78173
638 7.5305e-06 1.12356e-05 8.94702e-06 3.63196e-05 1.87698 3.78173
639 7.53471e-06 9.58318e-06 8.94702e-06 3.63196e-05 1.87698 3.78173
640 7.53934e-06 9.03076e-06 8.94702e-06 3.63196e-05 1.87698 3.78173
641 7.53499e-06 9.52926e-06 9.03076e-06 3.61486e-05 1.88574 3.77282
642 7.5644e-06 1.31698e-05 9.03076e-06 3.61486e-05 1.88574 3.77282
643 7.52528e-06 9.29133e-06 9.03076e-06 3.61486e-05 1.88574 3.77282
644 7.54331e-06 1.11477e-05 9.03076e-06 3.61486e-05 1.88574 3.77282
645 7.55685e-06 9.53984e-06 9.03076e-06 3.61486e-05 1.88574 3.77282
646 7.53572e-06 9.93961e-06 9.03076e-06 3.61486e-05 1.88574 3.77282
647 7.56708e-06 8.91746e-06 9.03076e-06 3.61486e-05 1.88574 3.77282
648 7.56372e-06 9.33667e-06 8.91746e-06 3.60791e-05 1.87388 3.76919
649 7.56851e-06 9.39485e-06 8.91746e-06 3.60791e-05 1.87388 3.76919
650 7.57606e-06 8.8893e-06 8.91746e-06 3.60791e-05 1.87388 3.76919
651 7.55796e-06 9.01285e-06 8.8893e-06 3.60512e-05 1.87091 3.76773
652 7.57932e-06 9.93922e-06 8.8893e-06 3.60512e-05 1.87091 3.76773
653 7.58941e-06 9.39838e-06 8.8893e-06 3.60512e-05 1.87091 3.76773
654 7.5697e-06 9.7341e-06 8.8893e-06 3.60512e-05 1.87091 3.76773
655 7.59353e-06 1.23499e-05 8.8893e-06 3.60512e-05 1.87091 3.76773
656 7.61286e-06 9.62125e-06 8.8893e-06 3.60512e-05 1.87091 3.76773
657 7.58309e-06 1.09932e-05 8.8893e-06 3.60512e-05 1.87091 3.76773
658 7.58509e-06 9.41329e-06 8.8893e-06 3.60512e-05 1.87091 3.76773
659 7.60591e-06 1.3585e-05 8.8893e-06 3.60512e-05 1.87091 3.76773
660 7.60475e-06 9.6408e-06 8.8893e-06 3.60512e-05 1.87091 3.76773
661 7.60472e-06 9.46991e-06 8.8893e-06 3.60512e-05 1.87091 3.76773
662 7.59679e-06 9.77169e-06 8.8893e-06 3.60512e-05 1.87091 3.76773
663 7.60261e-06 9.04303e-06 8.8893e-06 3.60512e-05 1.87091 3.76773
664 7.61963e-06 1.277e-05 8.8893e-06 3.60512e-05 1.87091 3.76773
665 7.58631e-06 1.07303e-05 8.8893e-06 3.60512e-05 1.87091 3.76773
666 7.61751e-06 9.09176e-06 8.8893e-06 3.60512e-05 1.87091 3.76773
667 7.60172e-06 9.05844e-06 8.8893e-06 3.60512e-05 1.87091 3.76773
668 7.6113e-06 9.01809e-06 8.8893e-06 3.60512e-05 1.87091 3.76773
669 7.61519e-06 9.62061e-06 8.8893e-06 3.60512e-05 1.87091 3.76773
670 7.60459e-06 9.12373e-06 8.8893e-06 3.60512e-05 1.87091 3.76773
671 7.62652e-06 1.22744e-05 8.8893e-06 3.60512e-05 1.87091 3.76773
672 7.63847e-06 9.57998e-06 8.8893e-06 3.60512e-05 1.87091 3.76773
673 7.63035e-06 1.0781e-05 8.8893e-06 3.60512e-05 1.87091 3.76773
674 7.64159e-06 9.05748e-06 8.8893e-06 3.60512e-05 1.87091 3.76773
675 7.61658e-06 9.05265e-06 8.8893e-06 3.60512e-05 1.87091 3.76773
676 7.67502e-06 9.16374e-06 8.8893e-06 3.60512e-05 1.87091 3.76773
677 7.64402e-06 1.02888e-05 8.8893e-06 3.60512e-05 1.87091 3.76773
678 7.64476e-06 9.14136e-06 8.8893e-06 3.60512e-05 1.87091 3.76773
679 7.65396e-06 9.12509e-06 8.8893e-06 3.60512e-05 1.87091 3.76773
680 7.65746e-06 9.22549e-06 8.8893e-06 3.60512e-05 1.87091 3.76773
681 7.64034e-06 1.39921e-05 8.8893e-06 3.60512e-05 1.87091 3.76773
682 7.67856e-06 9.05092e-06 8.8893e-06 3.60512e-05 1.87091 3.76773
683 7.64966e-06 9.15487e-06 8.8893e-06 3.60512e-05 1.87091 3.76773
684 7.64789e-06 8.91018e-06 8.8893e-06 3.60512e-05 1.87091 3.76773
685 7.67778e-06 9.36747e-06 8.91018e-06 3.5861e-05 1.87311 3.75778
686 7.69326e-06 9.28405e-06 8.91018e-06 3.5861e-05 1.87311 3.75778
687 7.67279e-06 9.73552e-06 8.91018e-06 3.5861e-05 1.87311 3.75778
688 7.65464e-06 9.50795e-06 8.91018e-06 3.5861e-05 1.87311 3.75778
689 7.68105e-06 1.0099e-05 8.91018e-06 3.5861e-05 1.87311 3.75778
690 7.69144e-06 8.99612e-06 8.91018e-06 3.5861e-05 1.87311 3.75778
691 7.70081e-06 9.51563e-06 8.91018e-06 3.5861e-05 1.87311 3.75778
692 7.67264e-06 9.57788e-06 8.91018e-06 3.5861e-05 1.87311 3.75778
693 7.66732e-06 9.15995e-06 8.91018e-06 3.5861e-05 1.87311 3.75778
694 7.68503e-06 9.3181e-06 8.91018e-06 3.5861e-05 1.87311 3.75778
695 7.68687e-06 1.0091e-05 8.91018e-06 3.5861e-05 1.87311 3.75778
696 7.70952e-06 9.55987e-06 8.91018e-06 3.5861e-05 1.87311 3.75778
697 7.66182e-06 9.74173e-06 8.91018e-06 3.5861e-05 1.87311 3.75778
698 7.69864e-06 1.00142e-05 8.91018e-06 3.5861e-05 1.87311 3.75778
699 7.69921e-06 9.52258e-06 8.91018e-06 3.5861e-05 1.87311 3.75778
700 7.6878e-06 9.34483e-06 8.91018e-06 3.5861e-05 1.87311 3.75778
701 7.71036e-06 9.56767e-06 8.91018e-06 3.5861e-05 1.87311 3.75778
702 7.71309e-06 9.74661e-06 8.91018e-06 3.5861e-05 1.87311 3.75778
703 7.71677e-06 1.00042e-05 8.91018e-06 3.5861e-05 1.87311 3.75778
704 7.69973e-06 8.9618e-06 8.91018e-06 3.5861e-05 1.87311 3.75778
705 7.70428e-06 9.32048e-06 8.91018e-06 3.5861e-05 1.87311 3.75778
706 7.71973e-06 9.88242e-06 8.91018e-06 3.5861e-05 1.87311 3.75778
707 7.72593e-06 9.53226e-06 8.91018e-06 3.5861e-05 1.87311 3.75778
708 7.71483e-06 9.42359e-06 8.91018e-06 3.5861e-05 1.87311 3.75778
709 7.72241e-06 9.10627e-06 8.91018e-06 3.5861e-05 1.87311 3.75778
710 7.71829e-06 1.14548e-05 8.91018e-06 3.5861e-05 1.87311 3.75778
711 7.72753e-06 9.11799e-06 8.91018e-06 3.5861e-05 1.87311 3.75778
712 7.71942e-06 9.70023e-06 8.91018e-06 3.5861e-05 1.87311 3.75778
713 7.75853e-06 9.12055e-06 8.91018e-06 3.5861e-05 1.87311 3.75778
714 7.72296e-06 9.69752e-06 8.91018e-06 3.5861e-05 1.87311 3.75778
715 7.72924e-06 9.46935e-06 8.91018e-06 3.5861e-05 1.87311 3.75778
716 7.7541e-06 9.14867e-06 8.91018e-06 3.5861e-05 1.87311 3.75778
717 7.72724e-06 8.91323e-06 8.91018e-06 3.5861e-05 1.87311 3.75778
718 7.74061e-06 9.49168e-06 8.91323e-06 3.58e-05 1.87343 3.75458
719 7.75363e-06 9.07383e-06 8.91323e-06 3.58e-05 1.87343 3.75458
720 7.7294e-06 9.26117e-06 8.91323e-06 3.58e-05 1.87343 3.75458
721 7.74246e-06 9.25519e-06 8.91323e-06 3.58e-05 1.87343 3.75458
722 7.76e-06 1.00927e-05 8.91323e-06 3.58e-05 1.87343 3.75458
723 7.74577e-06 8.95373e-06 8.91323e-06 3.58e-05 1.87343 3.75458
724 7.74719e-06 1.03921e-05 8.91323e-06 3.58e-05 1.87343 3.75458
725 7.80084e-06 9.56906e-06 8.91323e-06 3.58e-05 1.87343 3.75458
726 7.76773e-06 8.92754e-06 8.91323e-06 3.58e-05 1.87343 3.75458
727 7.73135e-06 1.16052e-05 8.92754e-06 3.5714e-05 1.87494 3.75007
728 7.73913e-06 1.02463e-05 8.92754e-06 3.5714e-05 1.87494 3.75007
729 7.79824e-06 8.94632e-06 8.92754e-06 3.5714e-05 1.87494 3.75007
730 7.72051e-06 9.66759e-06 8.92754e-06 3.5714e-05 1.87494 3.75007
731 7.76614e-06 9.13341e-06 8.92754e-06 3.5714e-05 1.87494 3.75007
732 7.77377e-06 9.30984e-06 8.92754e-06 3.5714e-05 1.87494 3.75007
733 7.77097e-06 1.26201e-05 8.92754e-06 3.5714e-05 1.87494 3.75007
734 7.78521e-06 9.24272e-06 8.92754e-06 3.5714e-05 1.87494 3.75007
735 7.75586e-06 9.1659e-06 8.92754e-06 3.5714e-05 1.87494 3.75007
736 7.78896e-06 1.06937e-05 8.92754e-06 3.5714e-05 1.87494 3.75007
737 7.76422e-06 1.19259e-05 8.92754e-06 3.5714e-05 1.87494 3.75007
738 7.79057e-06 1.22398e-05 8.92754e-06 3.5714e-05 1.87494 3.75007
739 7.76438e-06 1.33834e-05 8.92754e-06 3.5714e-05 1.87494 3.75007
740 7.7821e-06 9.05481e-06 8.92754e-06 3.5714e-05 1.87494 3.75007
741 7.78384e-06 9.2156e-06 8.92754e-06 3.5714e-05 1.87494 3.75007
742 7.76728e-06 1.02447e-05 8.92754e-06 3.5714e-05 1.87494 3.75007
743 7.7894e-06 1.00857e-05 8.92754e-06 3.5714e-05 1.87494 3.75007
744 7.7839e-06 1.29047e-05 8.92754e-06 3.5714e-05 1.87494 3.75007
745 7.79181e-06 9.57491e-06 8.92754e-06 3.5714e-05 1.87494 3.75007
746 7.79784e-06 9.17729e-06 8.92754e-06 3.5714e-05 1.87494 3.75007
747 7.80116e-06 1.07668e-05 8.92754e-06 3.5714e-05 1.87494 3.75007
748 7.77645e-06 9.6005e-06 8.92754e-06 3.5714e-05 1.87494 3.75007
749 7.7939e-06 9.97569e-06 8.92754e-06 3.5714e-05 1.87494 3.75007
750 7.81883e-06 1.07987e-05 8.92754e-06 3.5714e-05 1.87494 3.75007
751 7.76081e-06 9.45771e-06 8.92754e-06 3.5714e-05 1.87494 3.75007
752 7.81176e-06 9.87643e-06 8.92754e-06 3.5714e-05 1.87494 3.75007
753 7.80321e-06 9.13018e-06 8.92754e-06 3.5714e-05 1.87494 3.75007
754 7.81084e-06 9.2009e-06 8.92754e-06 3.5714e-05 1.87494 3.75007
755 7.81897e-06 9.49587e-06 8.92754e-06 3.5714e-05 1.87494 3.75007
756 7.82375e-06 9.42192e-06 8.92754e-06 3.5714e-05 1.87494 3.75007
757 7.79046e-06 8.91379e-06 8.92754e-06 3.5714e-05 1.87494 3.75007
758 7.86353e-06 9.09225e-06 8.91379e-06 3.57011e-05 1.87349 3.74939
759 7.83135e-06 9.21199e-06 8.91379e-06 3.57011e-05 1.87349 3.74939
760 7.80501e-06 9.48696e-06 8.91379e-06 3.57011e-05 1.87349 3.74939
761 7.84295e-06 8.88546e-06 8.91379e-06 3.57011e-05 1.87349 3.74939
762 7.79481e-06 1.00655e-05 8.88546e-06 3.56434e-05 1.87051 3.74637
763 7.85559e-06 1.08473e-05 8.88546e-06 3.56434e-05 1.87051 3.74637
764 7.7798e-06 1.03988e-05 8.88546e-06 3.56434e-05 1.87051 3.74637
765 7.83311e-06 9.9384e-06 8.88546e-06 3.56434e-05 1.87051 3.74637
766 7.81297e-06 1.01852e-05 8.88546e-06 3.56434e-05 1.87051 3.74637
767 7.85514e-06 1.32854e-05 8.88546e-06 3.56434e-05 1.87051 3.74637
768 7.81404e-06 9.25635e-06 8.88546e-06 3.56434e-05 1.87051 3.74637
769 7.86101e-06 9.42267e-06 8.88546e-06 3.56434e-05 1.87051 3.74637
770 7.82838e-06 9.79125e-06 8.88546e-06 3.56434e-05 1.87051 3.74637
771 7.81933e-06 1.02113e-05 8.88546e-06 3.56434e-05 1.87051 3.74637
772 7.8491e-06 9.24575e-06 8.88546e-06 3.56434e-05 1.87051 3.74637
773 7.82152e-06 9.31072e-06 8.88546e-06 3.56434e-05 1.87051 3.74637
774 7.85956e-06 9.23712e-06 8.88546e-06 3.56434e-05 1.87051 3.74637
775 7.84504e-06 1.15419e-05 8.88546e-06 3.56434e-05 1.87051 3.74637
776 7.82163e-06 1.08348e-05 8.88546e-06 3.56434e-05 1.87051 3.74637
777 7.86004e-06 9.14712e-06 8.88546e-06 3.56434e-05 1.87051 3.74637
778 7.8573e-06 1.0189e-05 8.88546e-06 3.56434e-05 1.87051 3.74637
779 7.80992e-06 9.05614e-06 8.88546e-06 3.56434e-05 1.87051 3.74637
780 7.85587e-06 9.81561e-06 8.88546e-06 3.56434e-05 1.87051 3.74637
781 7.83344e-06 9.12488e-06 8.88546e-06 3.56434e-05 1.87051 3.74637
782 7.8397e-06 9.43684e-06 8.88546e-06 3.56434e-05 1.87051 3.74637
783 7.84532e-06 8.93353e-06 8.88546e-06 3.56434e-05 1.87051 3.74637
784 7.83656e-06 1.13935e-05 8.88546e-06 3.56434e-05 1.87051 3.74637
785 7.86718e-06 9.27582e-06 8.88546e-06 3.56434e-05 1.87051 3.74637
786 7.85475e-06 9.08934e-06 8.88546e-06 3.56434e-05 1.87051 3.74637
787 7.86805e-06 1.25321e-05 8.88546e-06 3.56434e-05 1.87051 3.74637
788 7.84855e-06 1.34243e-05 8.88546e-06 3.56434e-05 1.87051 3.74637
789 7.86804e-06 9.95835e-06 8.88546e-06 3.56434e-05 1.87051 3.74637
790 7.8719e-06 8.99207e-06 8.88546e-06 3.56434e-05 1.87051 3.74637
791 7.86073e-06 9.72727e-06 8.88546e-06 3.56434e-05 1.87051 3.74637
792 7.89305e-06 1.0947e-05 8.88546e-06 3.56434e-05 1.87051 3.74637
793 7.83643e-06 9.30629e-06 8.88546e-06 3.56434e-05 1.87051 3.74637
794 7.88509e-06 9.95218e-06 8.88546e-06 3.56434e-05 1.87051 3.74637
795 7.86142e-06 9.47645e-06 8.88546e-06 3.56434e-05 1.87051 3.74637
796 7.85833e-06 9.19803e-06 8.88546e-06 3.56434e-05 1.87051 3.74637
797 7.88118e-06 9.15128e-06 8.88546e-06 3.56434e-05 1.87051 3.74637
798 7.85711e-06 1.04696e-05 8.88546e-06 3.56434e-05 1.87051 3.74637
799 7.90124e-06 8.82109e-06 8.88546e-06 3.56434e-05 1.87051 3.74637
800 7.8621e-06 9.10024e-06 8.82109e-06 3.55546e-05 1.86372 3.7417
801 7.88181e-06 8.96918e-06 8.82109e-06 3.55546e-05 1.86372 3.7417
802 7.88947e-06 9.12478e-06 8.82109e-06 3.55546e-05 1.86372 3.7417
803 7.87131e-06 9.29262e-06 8.82109e-06 3.55546e-05 1.86372 3.7417
804 7.87211e-06 9.00304e-06 8.82109e-06 3.55546e-05 1.86372 3.7417
805 7.87718e-06 9.35782e-06 8.82109e-06 3.55546e-05 1.86372 3.7417
806 7.88955e-06 1.07063e-05 8.82109e-06 3.55546e-05 1.86372 3.7417
807 7.88419e-06 8.8077e-06 8.82109e-06 3.55546e-05 1.86372 3.7417
808 7.91004e-06 9.03034e-06 8.82109e-06 3.55546e-05 1.86372 3.7417
809 7.87682e-06 8.96833e-06 8.82109e-06 3.55546e-05 1.86372 3.7417
810 7.86059e-06 9.14921e-06 8.82109e-06 3.55546e-05 1.86372 3.7417
811 7.89089e-06 1.24655e-05 8.82109e-06 3.55546e-05 1.86372 3.7417
812 7.91646e-06 1.01903e-05 8.82109e-06 3.55546e-05 1.86372 3.7417
813 7.89587e-06 9.90364e-06 8.82109e-06 3.55546e-05 1.86372 3.7417
814 7.86026e-06 9.66396e-06 8.82109e-06 3.55546e-05 1.86372 3.7417
815 7.8977e-06 9.05316e-06 8.82109e-06 3.55546e-05 1.86372 3.7417
816 7.87384e-06 1.01453e-05 8.82109e-06 3.55546e-05 1.86372 3.7417
817 7.91017e-06 9.69556e-06 8.82109e-06 3.55546e-05 1.86372 3.7417
818 7.87771e-06 9.02322e-06 8.82109e-06 3.55546e-05 1.86372 3.7417
819 7.91799e-06 8.86784e-06 8.82109e-06 3.55546e-05 1.86372 3.7417
820 7.88566e-06 1.08707e-05 8.82109e-06 3.55546e-05 1.86372 3.7417
821 7.91921e-06 1.00397e-05 8.82109e-06 3.55546e-05 1.86372 3.7417
822 7.89751e-06 1.10865e-05 8.82109e-06 3.55546e-05 1.86372 3.7417
823 7.88267e-06 9.22019e-06 8.82109e-06 3.55546e-05 1.86372 3.7417
824 7.91316e-06 1.25027e-05 8.82109e-06 3.55546e-05 1.86372 3.7417
825 7.91748e-06 9.01024e-06 8.82109e-06 3.55546e-05 1.86372 3.7417
826 7.91791e-06 9.04448e-06 8.82109e-06 3.55546e-05 1.86372 3.7417
827 7.88498e-06 8.91719e-06 8.82109e-06 3.55546e-05 1.86372 3.7417
828 7.9292e-06 9.62086e-06 8.82109e-06 3.55546e-05 1.86372 3.7417
829 7.91897e-06 9.28585e-06 8.82109e-06 3.55546e-05 1.86372 3.7417
830 7.90032e-06 1.04709e-05 8.82109e-06 3.55546e-05 1.86372 3.7417
831 7.90912e-06 9.55479e-06 8.82109e-06 3.55546e-05 1.86372 3.7417
832 7.89902e-06 9.34138e-06 8.82109e-06 3.55546e-05 1.86372 3.7417
833 7.91939e-06 1.04783e-05 8.82109e-06 3.55546e-05 1.86372 3.7417
834 7.91858e-06 9.59297e-06 8.82109e-06 3.55546e-05 1.86372 3.7417
835 7.90517e-06 9.41502e-06 8.82109e-06 3.55546e-05 1.86372 3.7417
836 7.90004e-06 9.18097e-06 8.82109e-06 3.55546e-05 1.86372 3.7417
837 7.92688e-06 1.04929e-05 8.82109e-06 3.55546e-05 1.86372 3.7417
838 7.93943e-06 8.93361e-06 8.82109e-06 3.55546e-05 1.86372 3.7417
839 7.91465e-06 1.05324e-05 8.82109e-06 3.55546e-05 1.86372 3.7417
840 6.82622e-06 8.98365e-06 8.82109e-06 3.55546e-05 1.86372 3.7417
841 6.91783e-06 8.82999e-06 8.82109e-06 3.55546e-05 1.86372 3.7417
842 6.89759e-06 9.48478e-06 8.82999e-06 3.52528e-05 1.86466 3.72578
843 6.9301e-06 8.80419e-06 8.82999e-06 3.52528e-05 1.86466 3.72578
844 6.92807e-06 8.66827e-06 8.80419e-06 3.53038e-05 1.86194 3.72848
845 6.91301e-06 8.86163e-06 8.66827e-06 3.53143e-05 1.84751 3.72903
846 6.91357e-06 8.809e-06 8.66827e-06 3.53143e-05 1.84751 3.72903
847 6.93422e-06 9.2457e-06 8.66827e-06 3.53143e-05 1.84751 3.72903
848 6.91868e-06 1.06585e-05 8.66827e-06 3.53143e-05 1.84751 3.72903
849 6.93927e-06 9.03685e-06 8.66827e-06 3.53143e-05 1.84751 3.72903
850 6.93446e-06 8.66071e-06 8.66827e-06 3.53143e-05 1.84751 3.72903
851 6.95831e-06 8.70153e-06 8.66071e-06 3.52161e-05 1.8467 3.72384
852 6.93959e-06 8.69413e-06 8.66071e-06 3.52161e-05 1.8467 3.72384
853 6.94835e-06 8.74252e-06 8.66071e-06 3.52161e-05 1.8467 3.72384
854 6.95173e-06 8.71555e-06 8.66071e-06 3.52161e-05 1.8467 3.72384
855 6.96538e-06 8.9126e-06 8.66071e-06 3.52161e-05 1.8467 3.72384
856 6.95187e-06 8.67483e-06 8.66071e-06 3.52161e-05 1.8467 3.72384
857 6.97752e-06 8.89156e-06 8.67483e-06 3.51327e-05 1.84821 3.71943
858 6.97568e-06 8.64113e-06 8.67483e-06 3.51327e-05 1.84821 3.71943
859 6.95682e-06 8.88804e-06 8.67483e-06 3.51327e-05 1.84821 3.71943
860 6.9821e-06 9.23124e-06 8.67483e-06 3.51327e-05 1.84821 3.71943
861 6.95978e-06 9.08645e-06 8.67483e-06 3.51327e-05 1.84821 3.71943
862 6.98338e-06 8.99776e-06 8.67483e-06 3.51327e-05 1.84821 3.71943
863 6.97775e-06 1.00907e-05 8.67483e-06 3.51327e-05 1.84821 3.71943
864 7.00013e-06 9.42646e-06 8.67483e-06 3.51327e-05 1.84821 3.71943
865 6.97628e-06 8.7666e-06 8.67483e-06 3.51327e-05 1.84821 3.71943
866 6.99658e-06 8.75541e-06 8.67483e-06 3.51327e-05 1.84821 3.71943
867 6.98327e-06 8.68781e-06 8.67483e-06 3.51327e-05 1.84821 3.71943
868 6.98856e-06 8.95728e-06 8.68781e-06 3.50992e-05 1.84959 3.71765
869 6.99349e-06 8.68745e-06 8.68781e-06 3.50992e-05 1.84959 3.71765
870 7.02668e-06 8.66743e-06 8.68781e-06 3.50992e-05 1.84959 3.71765
871 7.01013e-06 8.84052e-06 8.68781e-06 3.50992e-05 1.84959 3.71765
872 7.01488e-06 8.87047e-06 8.68781e-06 3.50992e-05 1.84959 3.71765
873 7.01753e-06 8.6947e-06 8.68781e-06 3.50992e-05 1.84959 3.71765
874 7.01379e-06 9.04247e-06 8.68781e-06 3.50992e-05 1.84959 3.71765
875 7.02451e-06 8.70666e-06 8.68781e-06 3.50992e-05 1.84959 3.71765
876 7.00524e-06 8.82242e-06 8.68781e-06 3.50992e-05 1.84959 3.71765
877 7.03614e-06 1.03818e-05 8.68781e-06 3.50992e-05 1.84959 3.71765
878 7.02986e-06 8.9344e-06 8.68781e-06 3.50992e-05 1.84959 3.71765
879 7.03564e-06 8.64928e-06 8.68781e-06 3.50992e-05 1.84959 3.71765
880 7.03105e-06 9.16421e-06 8.64928e-06 3.51384e-05 1.84548 3.71973
881 7.03029e-06 9.26398e-06 8.64928e-06 3.51384e-05 1.84548 3.71973
882 7.03337e-06 8.76052e-06 8.64928e-06 3.51384e-05 1.84548 3.71973
883 7.03482e-06 8.94917e-06 8.64928e-06 3.51384e-05 1.84548 3.71973
884 7.05048e-06 8.74362e-06 8.64928e-06 3.51384e-05 1.84548 3.71973
885 7.04721e-06 9.26993e-06 8.64928e-06 3.51384e-05 1.84548 3.71973
886 7.05215e-06 8.84893e-06 8.64928e-06 3.51384e-05 1.84548 3.71973
887 7.05609e-06 9.15059e-06 8.64928e-06 3.51384e-05 1.84548 3.71973
888 7.06677e-06 1.33859e-05 8.64928e-06 3.51384e-05 1.84548 3.71973
889 7.06151e-06 1.07013e-05 8.64928e-06 3.51384e-05 1.84548 3.71973
890 7.05359e-06 9.9444e-06 8.64928e-06 3.51384e-05 1.84548 3.71973
891 7.07476e-06 8.81864e-06 8.64928e-06 3.51384e-05 1.84548 3.71973
892 7.05829e-06 8.93288e-06 8.64928e-06 3.51384e-05 1.84548 3.71973
893 7.06197e-06 9.40049e-06 8.64928e-06 3.51384e-05 1.84548 3.71973
894 7.09523e-06 8.68652e-06 8.64928e-06 3.51384e-05 1.84548 3.71973
895 7.06779e-06 9.32481e-06 8.64928e-06 3.51384e-05 1.84548 3.71973
896 7.0608e-06 8.91772e-06 8.64928e-06 3.51384e-05 1.84548 3.71973
897 7.08811e-06 9.11451e-06 8.64928e-06 3.51384e-05 1.84548 3.71973
898 7.08093e-06 1.05902e-05 8.64928e-06 3.51384e-05 1.84548 3.71973
899 7.09986e-06 8.67808e-06 8.64928e-06 3.51384e-05 1.84548 3.71973
900 7.07966e-06 9.78472e-06 8.64928e-06 3.51384e-05 1.84548 3.71973
901 7.10654e-06 8.97348e-06 8.64928e-06 3.51384e-05 1.84548 3.71973
902 7.09259e-06 1.05569e-05 8.64928e-06 3.51384e-05 1.84548 3.71973
903 7.10326e-06 8.77103e-06 8.64928e-06 3.51384e-05 1.84548 3.71973
904 7.10703e-06 8.91242e-06 8.64928e-06 3.51384e-05 1.84548 3.71973
905 7.12034e-06 9.03113e-06 8.64928e-06 3.51384e-05 1.84548 3.71973
906 7.10811e-06 1.12443e-05 8.64928e-06 3.51384e-05 1.84548 3.71973
907 7.11295e-06 8.77404e-06 8.64928e-06 3.51384e-05 1.84548 3.71973
908 7.11878e-06 1.06376e-05 8.64928e-06 3.51384e-05 1.84548 3.71973
909 7.10949e-06 8.89062e-06 8.64928e-06 3.51384e-05 1.84548 3.71973
910 7.11319e-06 9.29931e-06 8.64928e-06 3.51384e-05 1.84548 3.71973
911 7.13164e-06 9.66339e-06 8.64928e-06 3.51384e-05 1.84548 3.71973
912 7.13323e-06 8.72776e-06 8.64928e-06 3.51384e-05 1.84548 3.71973
913 7.12783e-06 8.95101e-06 8.64928e-06 3.51384e-05 1.84548 3.71973
914 7.13551e-06 8.91423e-06 8.64928e-06 3.51384e-05 1.84548 3.71973
915 7.12432e-06 8.87776e-06 8.64928e-06 3.51384e-05 1.84548 3.71973
916 7.13822e-06 9.02488e-06 8.64928e-06 3.51384e-05 1.84548 3.71973
917 7.13643e-06 8.94164e-06 8.64928e-06 3.51384e-05 1.84548 3.71973
918 7.13256e-06 9.4238e-06 8.64928e-06 3.51384e-05 1.84548 3.71973
919 7.16689e-06 9.09457e-06 8.64928e-06 3.51384e-05 1.84548 3.71973
920 6.626e-06 8.60375e-06 8.64928e-06 3.51384e-05 1.84548 3.71973
921 6.65771e-06 9.2164e-06 8.60375e-06 3.50068e-05 1.84062 3.71276
922 6.66614e-06 8.75965e-06 8.60375e-06 3.50068e-05 1.84062 3.71276
923 6.67032e-06 8.62973e-06 8.60375e-06 3.50068e-05 1.84062 3.71276
924 6.67055e-06 8.66019e-06 8.60375e-06 3.50068e-05 1.84062 3.71276
925 6.68592e-06 8.66932e-06 8.60375e-06 3.50068e-05 1.84062 3.71276
926 6.68543e-06 8.71494e-06 8.60375e-06 3.50068e-05 1.84062 3.71276
927 6.67152e-06 8.76429e-06 8.60375e-06 3.50068e-05 1.84062 3.71276
928 6.69874e-06 9.14214e-06 8.60375e-06 3.50068e-05 1.84062 3.71276
929 6.69468e-06 8.53477e-06 8.60375e-06 3.50068e-05 1.84062 3.71276
930 6.69516e-06 8.61623e-06 8.53477e-06 3.50287e-05 1.83323 3.71392
931 6.71035e-06 9.60967e-06 8.53477e-06 3.50287e-05 1.83323 3.71392
932 6.70306e-06 8.603e-06 8.53477e-06 3.50287e-05 1.83323 3.71392
933 6.7184e-06 8.68509e-06 8.53477e-06 3.50287e-05 1.83323 3.71392
934 6.71609e-06 8.76788e-06 8.53477e-06 3.50287e-05 1.83323 3.71392
935 6.71604e-06 8.9116e-06 8.53477e-06 3.50287e-05 1.83323 3.71392
936 6.73379e-06 9.76688e-06 8.53477e-06 3.50287e-05 1.83323 3.71392
937 6.71512e-06 8.66133e-06 8.53477e-06 3.50287e-05 1.83323 3.71392
938 6.73767e-06 8.64165e-06 8.53477e-06 3.50287e-05 1.83323 3.71392
939 6.73416e-06 8.78507e-06 8.53477e-06 3.50287e-05 1.83323 3.71392
940 6.73365e-06 8.61855e-06 8.53477e-06 3.50287e-05 1.83323 3.71392
941 6.75289e-06 8.67385e-06 8.53477e-06 3.50287e-05 1.83323 3.71392
942 6.73118e-06 8.71297e-06 8.53477e-06 3.50287e-05 1.83323 3.71392
943 6.75246e-06 8.61593e-06 8.53477e-06 3.50287e-05 1.83323 3.71392
944 6.75161e-06 8.70512e-06 8.53477e-06 3.50287e-05 1.83323 3.71392
945 6.75312e-06 8.81701e-06 8.53477e-06 3.50287e-05 1.83323 3.71392
946 6.75674e-06 8.56368e-06 8.53477e-06 3.50287e-05 1.83323 3.71392
947 6.76213e-06 9.47789e-06 8.53477e-06 3.50287e-05 1.83323 3.71392
948 6.7688e-06 9.06505e-06 8.53477e-06 3.50287e-05 1.83323 3.71392
949 6.77471e-06 8.64009e-06 8.53477e-06 3.50287e-05 1.83323 3.71392
950 6.76955e-06 9.80001e-06 8.53477e-06 3.50287e-05 1.83323 3.71392
951 6.77346e-06 8.84284e-06 8.53477e-06 3.50287e-05 1.83323 3.71392
952 6.76699e-06 9.27283e-06 8.53477e-06 3.50287e-05 1.83323 3.71392
953 6.80315e-06 9.38071e-06 8.53477e-06 3.50287e-05 1.83323 3.71392
954 6.78572e-06 8.81496e-06 8.53477e-06 3.50287e-05 1.83323 3.71392
955 6.8e-06 8.96916e-06 8.53477e-06 3.50287e-05 1.83323 3.71392
956 6.79273e-06 8.67169e-06 8.53477e-06 3.50287e-05 1.83323 3.71392
957 6.79395e-06 8.60098e-06 8.53477e-06 3.50287e-05 1.83323 3.71392
958 6.79467e-06 8.79998e-06 8.53477e-06 3.50287e-05 1.83323 3.71392
959 6.80597e-06 8.65542e-06 8.53477e-06 3.50287e-05 1.83323 3.71392
960 6.80615e-06 8.7574e-06 8.53477e-06 3.50287e-05 1.83323 3.71392
961 6.80478e-06 8.59825e-06 8.53477e-06 3.50287e-05 1.83323 3.71392
962 6.82243e-06 9.05047e-06 8.53477e-06 3.50287e-05 1.83323 3.71392
963 6.81232e-06 8.87693e-06 8.53477e-06 3.50287e-05 1.83323 3.71392
964 6.81818e-06 8.76555e-06 8.53477e-06 3.50287e-05 1.83323 3.71392
965 6.82235e-06 9.7768e-06 8.53477e-06 3.50287e-05 1.83323 3.71392
966 6.82304e-06 8.9841e-06 8.53477e-06 3.50287e-05 1.83323 3.71392
967 6.8217e-06 9.42211e-06 8.53477e-06 3.50287e-05 1.83323 3.71392
968 6.83617e-06 9.60059e-06 8.53477e-06 3.50287e-05 1.83323 3.71392
969 6.84425e-06 8.95972e-06 8.53477e-06 3.50287e-05 1.83323 3.71392
970 6.57491e-06 8.73939e-06 8.53477e-06 3.50287e-05 1.83323 3.71392
971 6.5914e-06 8.58218e-06 8.53477e-06 3.50287e-05 1.83323 3.71392
972 6.59802e-06 8.5293e-06 8.53477e-06 3.50287e-05 1.83323 3.71392
973 6.60227e-06 8.65087e-06 8.53477e-06 3.50287e-05 1.83323 3.71392
974 6.60915e-06 8.56962e-06 8.53477e-06 3.50287e-05 1.83323 3.71392
975 6.61284e-06 8.60909e-06 8.53477e-06 3.50287e-05 1.83323 3.71392
976 6.61679e-06 9.05684e-06 8.53477e-06 3.50287e-05 1.83323 3.71392
977 6.62699e-06 8.56556e-06 8.53477e-06 3.50287e-05 1.83323 3.71392
978 6.63409e-06 8.55465e-06 8.53477e-06 3.50287e-05 1.83323 3.71392
979 6.63196e-06 8.58121e-06 8.53477e-06 3.50287e-05 1.83323 3.71392
980 6.64057e-06 8.6462e-06 8.53477e-06 3.50287e-05 1.83323 3.71392
981 6.65158e-06 8.97506e-06 8.53477e-06 3.50287e-05 1.83323 3.71392
982 6.64562e-06 8.59845e-06 8.53477e-06 3.50287e-05 1.83323 3.71392
983 6.66258e-06 8.7264e-06 8.53477e-06 3.50287e-05 1.83323 3.71392
984 6.65881e-06 8.66466e-06 8.53477e-06 3.50287e-05 1.83323 3.71392
985 6.66929e-06 8.63941e-06 8.53477e-06 3.50287e-05 1.83323 3.71392
986 6.66495e-06 8.70799e-06 8.53477e-06 3.50287e-05 1.83323 3.71392
987 6.68248e-06 8.62192e-06 8.53477e-06 3.50287e-05 1.83323 3.71392
988 6.67603e-06 8.62791e-06 8.53477e-06 3.50287e-05 1.83323 3.71392
989 6.68681e-06 8.70036e-06 8.53477e-06 3.50287e-05 1.83323 3.71392
990 6.69085e-06 8.67433e-06 8.53477e-06 3.50287e-05 1.83323 3.71392
991 6.69796e-06 8.80902e-06 8.53477e-06 3.50287e-05 1.83323 3.71392
992 6.70143e-06 8.68378e-06 8.53477e-06 3.50287e-05 1.83323 3.71392
993 6.70627e-06 8.78456e-06 8.53477e-06 3.50287e-05 1.83323 3.71392
994 6.71449e-06 8.64727e-06 8.53477e-06 3.50287e-05 1.83323 3.71392
995 6.70589e-06 8.79068e-06 8.53477e-06 3.50287e-05 1.83323 3.71392
996 6.71432e-06 8.62362e-06 8.53477e-06 3.50287e-05 1.83323 3.71392
997 6.72051e-06 8.68657e-06 8.53477e-06 3.50287e-05 1.83323 3.71392
998 6.7303e-06 8.66088e-06 8.53477e-06 3.50287e-05 1.83323 3.71392
999 6.73264e-06 8.63112e-06 8.53477e-06 3.50287e-05 1.83323 3.71392
1000 6.73721e-06 9.0921e-06 8.53477e-06 3.50287e-05 1.83323 3.71392
1001 6.73969e-06 8.80234e-06 8.53477e-06 3.50287e-05 1.83323 3.71392
1002 6.74929e-06 8.69429e-06 8.53477e-06 3.50287e-05 1.83323 3.71392
1003 6.75291e-06 8.67224e-06 8.53477e-06 3.50287e-05 1.83323 3.71392
1004 6.75139e-06 8.70253e-06 8.53477e-06 3.50287e-05 1.83323 3.71392
1005 6.75521e-06 8.70994e-06 8.53477e-06 3.50287e-05 1.83323 3.71392
1006 6.77257e-06 8.74637e-06 8.53477e-06 3.50287e-05 1.83323 3.71392
1007 6.77143e-06 8.69007e-06 8.53477e-06 3.50287e-05 1.83323 3.71392
1008 6.7782e-06 8.71028e-06 8.53477e-06 3.50287e-05 1.83323 3.71392
1009 6.78139e-06 9.22564e-06 8.53477e-06 3.50287e-05 1.83323 3.71392
