1 100
2 100
3 100
4 100
5 99
6 99
7 98
8 98
9 97
10 97
11 96
12 95
13 95
14 95
15 94
16 93
17 93
18 93
19 92
20 91
21 91
22 90
23 90
24 90
25 100
26 100
27 99
28 99
29 98
30 98
31 97
32 97
33 96
34 95
35 95
36 95
37 94
38 93
39 93
40 93
41 92
42 91
43 100
44 100
45 99
46 99
47 98
48 98
49 97
50 97
51 96
52 95
53 95
54 95
55 94
56 93
57 93
58 93
59 92
60 91
61 91
62 90
63 90
64 90
65 89
66 89
67 88
68 88
69 87
70 86
71 86
72 85
73 85
74 85
75 84
76 83
77 83
78 82
79 82
80 82
81 81
82 80
83 80
84 80
85 100
86 100
87 99
88 99
89 98
90 98
91 97
92 97
93 96
94 95
95 95
96 95
97 94
98 93
99 93
100 93
101 92
102 91
103 91
104 90
105 90
106 90
107 89
108 89
109 88
110 88
111 87
112 86
113 86
114 85
115 85
116 85
117 84
118 83
119 83
120 82
121 82
122 82
123 81
124 80
125 80
126 80
127 79
128 100
129 100
130 99
131 99
132 98
133 98
134 97
135 97
136 96
137 95
138 95
139 95
140 94
141 93
142 93
143 93
144 92
145 91
146 91
147 90
148 90
149 90
150 89
151 89
152 88
153 88
154 87
155 86
156 86
157 85
158 85
159 100
160 100
161 99
162 99
163 98
164 98
165 97
166 97
167 96
168 95
169 95
170 95
171 94
172 93
173 93
174 93
175 92
176 91
177 91
178 90
179 90
180 90
181 89
182 89
183 88
184 88
185 87
186 86
187 86
188 85
189 85
190 85
191 84
192 83
193 83
194 82
195 82
196 82
197 81
198 80
199 80
200 80
201 79
202 79
203 78
204 77
205 77
206 77
207 76
208 75
209 75
210 75
211 74
212 73
213 73
214 72
215 72
216 72
217 71
218 70
219 70
220 69
221 69
222 69
223 68
224 67
225 67
226 66
227 66
228 66
229 65
230 64
231 64
232 63
233 63
234 63
235 62
236 62
237 61
238 60
239 60
240 60
241 59
242 59
243 58
244 57
245 57
246 57
247 56
248 56
249 55
250 54
251 54
252 54
253 53
254 53
255 52
256 51
257 51
258 50
259 50
260 50
261 49
262 49
263 48
264 48
265 47
266 46
267 46
268 45
269 45
270 44
271 44
272 44
273 43
274 43
275 42
276 42
277 41
278 40
279 40
280 39
281 39
282 38
283 38
284 38
285 37
286 37
287 36
288 36
289 35
290 34
291 34
292 33
293 33
294 32
295 32
296 32
297 31
298 31
299 30
300 30
301 100
302 100
303 99
304 99
305 98
306 98
307 97
308 97
309 96
310 95
311 95
312 95
313 94
314 93
315 93
316 93
317 92
318 91
319 91
320 90
321 90
322 90
323 89
324 89
325 88
326 88
327 87
328 86
329 86
330 85
331 85
332 85
333 100
334 100
335 99
336 99
337 98
338 98
339 97
340 97
341 96
342 95
343 95
344 95
345 94
346 93
347 93
348 93
349 92
350 91
351 91
352 90
353 90
354 90
355 89
356 89
357 88
358 88
359 87
360 86
361 86
362 85
363 85
364 85
365 84
366 83
367 83
368 82
369 82
370 82
371 81
372 80
373 80
374 80
375 79
376 79
377 78
378 77
379 77
380 77
381 76
382 75
383 75
384 75
385 74
386 73
387 73
388 72
389 72
390 72
391 71
392 70
393 70
394 69
395 69
396 69
397 68
398 67
399 67
400 66
401 66
402 66
403 65
404 64
405 64
406 63
407 63
408 63
409 62
410 62
411 61
412 60
413 60
414 60
415 59
416 59
417 58
418 57
419 57
420 57
421 56
422 56
423 55
424 54
425 54
426 54
427 53
428 53
429 52
430 51
431 51
432 50
433 50
434 50
435 49
436 49
437 48
438 48
439 47
440 46
441 46
442 45
443 45
444 44
445 44
446 44
447 43
448 43
449 42
450 100
451 100
452 99
453 99
454 98
455 98
456 97
457 97
458 96
459 95
460 95
461 95
462 94
463 100
464 100
465 99
466 99
467 98
468 98
469 97
470 97
471 96
472 95
473 95
474 95
475 94
476 93
477 93
478 93
479 92
480 91
481 91
482 90
483 90
484 90
485 89
486 89
487 88
488 88
489 87
490 86
491 86
492 85
493 85
494 85
495 84
496 83
497 83
498 82
499 82
500 82
501 81
502 80
503 80
504 80
505 79
506 79
507 78
508 77
509 77
510 77
511 76
512 75
513 75
514 75
515 74
516 73
517 73
518 72
519 72
520 72
521 71
522 70
523 70
524 69
525 69
526 69
527 68
528 67
529 67
530 66
531 66
532 66
533 65
534 64
535 64
536 63
537 63
538 63
539 62
540 62
541 61
542 60
543 60
544 60
545 59
546 59
547 58
548 57
549 57
550 57
551 56
552 56
553 55
554 54
555 54
556 54
557 53
558 53
559 52
560 51
561 51
562 50
563 50
564 50
565 49
566 49
567 48
568 48
569 47
570 46
571 46
572 45
573 45
574 44
575 44
576 44
577 43
578 43
579 42
580 42
581 41
582 40
583 40
584 39
585 39
586 38
587 38
588 38
589 37
590 37
591 36
592 36
593 35
594 34
595 34
596 33
597 33
598 32
599 32
600 32
601 31
602 31
603 30
604 30
605 29
606 28
607 28
608 27
609 27
610 26
611 26
612 25
613 25
614 25
615 24
616 24
617 23
618 23
619 22
620 21
621 21
622 20
623 20
624 19
625 19
626 19
627 18
628 18
629 17
630 17
631 16
632 15
633 15
634 14
635 14
636 13
637 13
638 13
639 12
640 12
641 11
642 11
643 10
644 9
645 9
646 8
647 8
648 7
649 7
650 7
651 6
652 6
653 5
654 5
655 4
656 3
657 3
658 2
659 2
660 1
661 1
662 0
663 100
664 100
665 99
666 99
667 98
668 98
669 97
670 100
671 100
672 99
673 99
674 98
675 98
676 97
677 97
678 96
679 95
680 95
681 95
682 94
683 93
684 93
685 93
686 92
687 91
688 91
689 90
690 90
691 100
692 100
693 99
694 99
695 98
696 98
697 97
698 97
699 96
700 95
701 95
702 95
703 94
704 93
705 93
706 93
707 92
708 91
709 91
710 90
711 90
712 90
713 89
714 89
715 88
716 88
717 87
718 86
719 86
720 85
721 85
722 85
723 84
724 83
725 83
726 82
727 82
728 82
729 81
730 80
731 80
732 80
733 79
734 79
735 78
736 77
737 77
738 77
739 76
740 75
741 75
742 75
743 74
744 73
745 73
746 72
747 72
748 72
749 71
750 70
751 70
752 69
753 69
754 69
755 68
756 67
757 67
758 66
759 66
760 66
761 65
762 64
763 64
764 63
765 63
766 63
767 62
768 62
769 61
770 60
771 60
772 60
773 59
774 59
775 58
776 57
777 57
778 57
779 56
780 56
781 55
782 54
783 54
784 54
785 53
786 53
787 52
788 51
789 51
790 50
791 50
792 50
793 49
794 49
795 100
796 100
797 99
798 99
799 98
800 98
801 97
802 97
803 96
804 95
805 95
806 95
807 94
808 93
809 93
810 93
811 92
812 91
813 91
814 90
815 90
816 90
817 89
818 89
819 88
820 88
821 87
822 86
823 86
824 85
825 85
826 85
827 84
828 83
829 83
830 82
831 82
832 82
833 81
834 80
835 80
836 80
837 79
838 79
839 78
840 77
841 77
842 77
843 76
844 75
845 75
846 75
847 74
848 73
849 73
850 72
851 72
852 72
853 71
854 70
855 70
856 69
857 69
858 69
859 68
860 67
861 67
862 66
863 66
864 66
865 65
866 64
867 64
868 63
869 63
870 63
871 62
872 62
873 61
874 60
875 60
876 60
877 59
878 59
879 58
880 57
881 57
882 57
883 56
884 56
885 55
886 54
887 54
888 54
889 53
890 53
891 52
892 51
893 51
894 50
895 50
896 50
897 49
898 49
899 48
900 48
901 47
902 100
903 100
904 99
905 99
906 98
907 98
908 97
909 97
910 96
911 95
912 95
913 95
914 94
915 93
916 93
917 93
918 92
919 91
920 91
921 90
922 90
923 90
924 89
925 89
926 88
927 88
928 87
929 86
930 86
931 85
932 85
933 85
934 84
935 83
936 83
937 82
938 82
939 82
940 81
941 80
942 80
943 80
944 100
945 100
946 99
947 99
948 98
949 98
950 97
951 97
952 96
953 95
954 95
955 95
956 94
957 93
958 93
959 93
960 92
961 91
962 91
963 90
964 90
965 90
966 89
967 89
968 88
969 88
970 87
971 86
972 86
973 85
974 85
975 85
976 84
977 83
978 83
979 82
980 82
981 82
982 81
983 80
984 80
985 80
986 79
987 79
988 78
989 77
990 77
991 77
992 76
993 75
994 75
995 75
996 74
997 73
998 73
999 72
1000 72
1001 72
1002 71
1003 70
1004 70
1005 69
1006 69
1007 69
1008 68
1009 67
1010 67
1011 66
1012 66
1013 66
1014 65
1015 64
1016 64
1017 63
1018 63
1019 63
1020 62
1021 62
1022 61
1023 60
1024 60
1025 60
1026 59
1027 59
1028 58
1029 57
1030 57
1031 57
1032 56
1033 56
1034 55
1035 54
1036 54
1037 54
1038 53
1039 53
1040 52
1041 51
1042 51
1043 50
1044 50
1045 50
1046 49
1047 49
1048 48
1049 48
1050 47
1051 46
1052 46
1053 45
1054 45
1055 44
1056 44
1057 44
1058 43
1059 43
1060 42
1061 42
1062 41
1063 40
1064 40
1065 39
1066 39
1067 38
1068 38
1069 38
1070 37
1071 37
1072 36
1073 36
1074 35
1075 34
1076 34
1077 33
1078 33
1079 32
1080 32
1081 32
1082 31
1083 31
1084 30
1085 30
1086 29
1087 28
1088 28
1089 27
1090 27
1091 26
1092 26
1093 25
1094 25
1095 25
1096 24
1097 24
1098 23
1099 23
1100 22
1101 21
1102 21
1103 20
1104 20
1105 19
1106 19
1107 19
1108 18
1109 18
1110 17
1111 17
1112 16
1113 15
1114 15
1115 14
1116 14
1117 13
1118 13
1119 13
1120 12
1121 12
1122 11
1123 11
1124 10
1125 9
1126 9
1127 8
1128 8
1129 7
1130 7
1131 7
1132 6
1133 6
1134 5
1135 5
1136 4
1137 3
1138 3
1139 2
1140 2
1141 1
1142 1
1143 0
1144 100
1145 100
1146 99
1147 99
1148 100
1149 100
1150 99
1151 99
1152 98
1153 98
1154 97
1155 97
1156 96
1157 95
1158 95
1159 95
1160 94
1161 93
1162 93
1163 93
1164 92
1165 91
1166 91
1167 90
1168 90
1169 90
1170 89
1171 89
1172 88
1173 88
1174 87
1175 86
1176 86
1177 85
1178 85
1179 85
1180 84
1181 83
1182 83
1183 82
1184 82
1185 82
1186 100
1187 100
1188 99
1189 99
1190 98
1191 98
1192 97
1193 97
1194 96
1195 95
1196 95
1197 95
1198 94
1199 93
1200 93
1201 93
1202 92
1203 91
1204 91
1205 90
1206 90
1207 90
1208 89
1209 89
1210 88
1211 88
1212 87
1213 86
1214 86
1215 85
1216 85
1217 85
1218 84
1219 83
1220 83
1221 82
1222 82
1223 82
1224 81
1225 80
1226 80
1227 80
1228 79
1229 79
1230 78
1231 77
1232 77
1233 77
1234 76
1235 75
1236 75
1237 75
1238 74
1239 100
1240 100
1241 99
1242 99
1243 98
1244 98
1245 97
1246 97
1247 96
1248 95
1249 95
1250 95
1251 94
1252 93
1253 93
1254 93
1255 92
1256 91
1257 91
1258 90
1259 90
1260 90
1261 89
1262 89
1263 100
1264 100
1265 99
1266 99
1267 98
1268 98
1269 97
1270 97
1271 96
1272 95
1273 95
1274 95
1275 94
1276 93
1277 93
1278 93
1279 92
1280 91
1281 91
1282 90
1283 90
1284 90
1285 89
1286 89
1287 88
1288 88
1289 87
1290 86
1291 86
1292 85
1293 85
1294 85
1295 84
1296 83
1297 83
1298 82
1299 82
1300 82
1301 81
1302 80
1303 80
1304 80
1305 79
1306 79
1307 78
1308 77
1309 77
1310 77
1311 76
1312 75
1313 75
1314 75
1315 74
1316 73
1317 73
1318 72
1319 72
1320 72
1321 71
1322 70
1323 70
1324 69
1325 69
1326 69
1327 68
1328 67
1329 67
1330 66
1331 66
1332 66
1333 65
1334 100
1335 100
1336 99
1337 99
1338 98
1339 98
1340 97
1341 97
1342 96
1343 95
1344 95
1345 95
1346 94
1347 93
1348 93
1349 93
1350 92
1351 91
1352 91
1353 90
1354 90
1355 90
1356 89
1357 89
1358 88
1359 88
1360 87
1361 86
1362 86
1363 85
1364 85
1365 85
1366 84
1367 83
1368 83
1369 82
1370 82
1371 82
1372 81
1373 80
1374 80
1375 80
1376 79
1377 79
1378 78
1379 77
1380 77
1381 77
1382 76
1383 75
1384 75
1385 75
1386 74
1387 73
1388 73
1389 72
1390 72
1391 72
1392 71
1393 70
1394 70
1395 69
1396 69
1397 69
1398 68
1399 67
1400 67
1401 66
1402 66
1403 66
1404 65
1405 64
1406 64
1407 63
1408 63
1409 63
1410 62
1411 62
1412 61
1413 60
1414 60
1415 60
1416 59
1417 59
1418 58
1419 57
1420 57
1421 57
1422 56
1423 56
1424 55
1425 54
1426 54
1427 54
1428 53
1429 53
1430 52
1431 51
1432 51
1433 50
1434 50
1435 50
1436 49
1437 49
1438 48
1439 48
1440 47
1441 46
1442 46
1443 45
1444 45
1445 44
1446 44
1447 44
1448 43
1449 43
1450 42
1451 42
1452 41
1453 40
1454 40
1455 39
1456 39
1457 38
1458 38
1459 38
1460 37
1461 37
1462 36
1463 36
1464 35
1465 34
1466 34
1467 33
1468 33
1469 32
1470 32
1471 32
1472 31
1473 31
1474 30
1475 30
1476 29
1477 28
1478 28
1479 27
1480 27
1481 26
1482 26
1483 25
1484 25
1485 25
1486 24
1487 24
1488 23
1489 23
1490 22
1491 21
1492 21
1493 20
1494 20
1495 19
1496 19
1497 19
1498 18
1499 18
1500 17
1501 17
1502 16
1503 15
1504 15
1505 14
1506 14
1507 13
1508 13
1509 13
1510 12
1511 12
1512 11
1513 11
1514 10
1515 9
1516 9
1517 8
1518 8
1519 7
1520 7
1521 7
1522 6
1523 6
1524 5
1525 5
1526 4
1527 3
1528 3
1529 2
1530 2
1531 1
1532 1
1533 0
1534 100
1535 100
1536 99
1537 99
1538 98
1539 98
1540 100
1541 100
1542 99
1543 99
1544 98
1545 98
1546 97
1547 97
1548 96
1549 95
1550 95
1551 95
1552 94
1553 93
1554 93
1555 93
1556 92
1557 91
1558 91
1559 90
1560 90
1561 90
1562 89
1563 89
1564 88
1565 88
1566 87
1567 86
1568 86
1569 85
1570 85
1571 85
1572 84
1573 83
1574 83
1575 82
1576 82
1577 82
1578 81
1579 80
1580 80
1581 80
1582 79
1583 79
1584 78
1585 77
1586 77
1587 77
1588 76
1589 75
1590 75
1591 75
1592 74
1593 73
1594 73
1595 72
1596 72
1597 72
1598 71
1599 70
1600 70
1601 69
1602 69
1603 69
1604 68
1605 67
1606 67
1607 66
1608 66
1609 66
1610 65
1611 64
1612 64
1613 63
1614 63
1615 63
1616 62
1617 62
1618 61
1619 60
1620 60
1621 60
1622 59
1623 59
1624 58
1625 57
1626 57
1627 57
1628 56
1629 56
1630 55
1631 54
1632 54
1633 54
1634 53
1635 53
1636 52
1637 51
1638 51
1639 50
1640 50
1641 50
1642 49
1643 49
1644 48
1645 48
1646 47
1647 46
1648 46
1649 45
1650 45
1651 44
1652 44
1653 44
1654 43
1655 43
1656 42
1657 42
1658 41
1659 40
1660 40
1661 39
1662 39
1663 38
1664 38
1665 38
1666 37
1667 37
1668 36
1669 36
1670 35
1671 34
1672 34
1673 33
1674 33
1675 32
1676 32
1677 32
1678 31
1679 31
1680 30
1681 30
1682 29
1683 28
1684 28
1685 27
1686 27
1687 26
1688 26
1689 25
1690 25
1691 25
1692 24
1693 24
1694 23
1695 23
1696 22
1697 21
1698 21
1699 20
1700 20
1701 19
1702 19
1703 19
1704 18
1705 18
1706 17
1707 17
1708 16
1709 15
1710 15
1711 14
1712 100
1713 100
1714 99
1715 99
1716 98
1717 98
1718 97
1719 97
1720 96
1721 95
1722 95
1723 95
1724 94
1725 93
1726 93
1727 93
1728 92
1729 91
1730 91
1731 90
1732 90
1733 90
1734 89
1735 89
1736 88
1737 88
1738 87
1739 86
1740 86
1741 85
1742 85
1743 85
1744 84
1745 83
1746 83
1747 82
1748 82
1749 82
1750 81
1751 80
1752 80
1753 80
1754 79
1755 79
1756 78
1757 77
1758 77
1759 77
1760 76
1761 75
1762 75
1763 75
1764 74
1765 73
1766 73
1767 72
1768 72
1769 72
1770 71
1771 70
1772 70
1773 69
1774 69
1775 69
1776 68
1777 67
1778 67
1779 66
1780 66
1781 66
1782 65
1783 64
1784 64
1785 63
1786 63
1787 63
1788 62
1789 62
1790 61
1791 60
1792 60
1793 60
1794 59
1795 59
1796 58
1797 57
1798 57
1799 57
1800 56
1801 56
1802 55
1803 54
1804 54
1805 54
1806 53
1807 53
1808 52
1809 51
1810 51
1811 50
1812 50
1813 50
1814 49
1815 49
1816 48
1817 48
1818 47
1819 46
1820 46
1821 45
1822 45
1823 44
1824 44
1825 44
1826 43
1827 43
1828 42
1829 42
1830 41
1831 40
1832 40
1833 39
1834 39
1835 38
1836 38
1837 38
1838 37
1839 37
1840 36
1841 36
1842 35
1843 34
1844 34
1845 33
1846 33
1847 32
1848 32
1849 32
1850 31
1851 31
1852 30
1853 30
1854 29
1855 28
1856 28
1857 27
1858 27
1859 26
1860 26
1861 25
1862 25
1863 25
1864 24
1865 24
1866 23
1867 23
1868 22
1869 21
1870 21
1871 20
1872 20
1873 19
1874 19
1875 19
1876 18
1877 18
1878 17
1879 17
1880 16
1881 15
1882 15
1883 14
1884 14
1885 13
1886 13
1887 13
1888 12
1889 12
1890 11
1891 11
1892 10
1893 9
1894 9
1895 8
1896 8
1897 7
1898 7
1899 7
1900 6
1901 6
1902 5
1903 5
1904 4
1905 3
1906 3
1907 2
1908 2
1909 1
1910 1
1911 0
1912 100
1913 100
1914 99
1915 99
1916 100
1917 100
1918 99
1919 99
1920 98
1921 100
1922 100
1923 99
1924 99
1925 98
1926 98
1927 97
1928 97
1929 96
1930 95
1931 95
1932 95
1933 94
1934 93
1935 93
1936 93
1937 92
1938 91
1939 91
1940 90
1941 90
1942 90
1943 89
1944 89
1945 88
1946 88
1947 87
1948 86
1949 86
1950 85
1951 85
1952 85
1953 84
1954 83
1955 83
1956 82
1957 82
1958 82
1959 81
1960 80
1961 80
1962 80
1963 79
1964 79
1965 78
1966 77
1967 77
1968 77
1969 76
1970 75
1971 75
1972 75
1973 74
1974 73
1975 73
1976 72
1977 72
1978 72
1979 71
1980 70
1981 70
1982 69
1983 69
1984 69
1985 68
1986 67
1987 67
1988 66
1989 66
1990 100
1991 100
1992 99
1993 99
1994 98
1995 98
1996 97
1997 97
1998 96
1999 95
2000 95
2001 95
2002 94
2003 93
2004 93
2005 93
2006 92
2007 91
2008 91
2009 90
2010 90
2011 90
2012 89
2013 89
2014 88
2015 88
2016 87
2017 86
2018 86
2019 85
2020 85
2021 85
2022 84
2023 83
2024 83
2025 82
2026 82
2027 82
2028 81
2029 80
2030 80
2031 80
2032 79
2033 79
2034 78
2035 77
2036 77
2037 77
2038 76
2039 75
2040 75
2041 75
2042 74
2043 73
2044 73
2045 72
2046 72
2047 72
2048 71
2049 70
2050 70
2051 69
2052 69
2053 69
2054 68
2055 67
2056 67
2057 66
2058 66
2059 66
2060 65
2061 64
2062 64
2063 63
2064 63
2065 63
2066 62
2067 62
2068 61
2069 60
2070 60
2071 60
2072 59
2073 59
2074 58
2075 57
2076 57
2077 57
2078 56
2079 56
2080 55
2081 54
2082 54
2083 54
2084 53
2085 53
2086 52
2087 51
2088 51
2089 50
2090 50
2091 50
2092 49
2093 49
2094 48
2095 48
2096 47
2097 46
2098 46
2099 45
2100 45
2101 44
2102 44
2103 44
2104 43
2105 43
2106 42
2107 42
2108 41
2109 40
2110 40
2111 39
2112 39
2113 38
2114 38
2115 38
2116 37
2117 37
2118 36
2119 36
2120 35
2121 34
2122 34
2123 33
2124 33
2125 32
2126 32
2127 32
2128 31
2129 31
2130 30
2131 30
2132 29
2133 28
2134 28
2135 27
2136 27
2137 26
2138 26
2139 25
2140 25
2141 25
2142 24
2143 24
2144 23
2145 23
2146 22
2147 21
2148 21
2149 20
2150 20
2151 19
2152 19
2153 19
2154 18
2155 18
2156 17
2157 17
2158 16
2159 15
2160 15
2161 14
2162 14
2163 13
2164 13
2165 13
2166 12
2167 12
2168 11
2169 11
2170 10
2171 9
2172 9
2173 8
2174 8
2175 7
2176 7
2177 7
2178 6
2179 6
2180 5
2181 5
2182 4
2183 3
2184 3
2185 2
2186 2
2187 1
2188 1
2189 0
2190 100
2191 100
2192 99
2193 100
2194 100
2195 99
2196 99
2197 98
2198 98
2199 97
2200 97
2201 96
2202 95
2203 95
2204 95
2205 94
2206 93
2207 93
2208 93
2209 92
2210 91
2211 91
2212 90
2213 100
2214 100
2215 99
2216 99
2217 98
2218 98
2219 97
2220 97
2221 96
2222 95
2223 95
2224 95
2225 94
2226 93
2227 93
2228 93
2229 92
2230 91
2231 91
2232 90
2233 90
2234 90
2235 89
2236 89
2237 88
2238 88
2239 87
2240 86
2241 86
2242 85
2243 85
2244 85
2245 84
2246 83
2247 83
2248 82
2249 82
2250 82
2251 81
2252 80
2253 80
2254 80
2255 79
2256 79
2257 78
2258 77
2259 77
2260 77
2261 76
2262 75
2263 75
2264 75
2265 74
2266 73
2267 73
2268 72
2269 72
2270 72
2271 71
2272 70
2273 70
2274 69
2275 69
2276 69
2277 68
2278 67
2279 67
2280 66
2281 66
2282 66
2283 65
2284 64
2285 64
2286 63
2287 63
2288 63
2289 62
2290 62
2291 61
2292 60
2293 60
2294 60
2295 59
2296 59
2297 58
2298 57
2299 57
2300 57
2301 56
2302 56
2303 55
2304 54
2305 54
2306 54
2307 53
2308 53
2309 52
2310 51
2311 51
2312 50
2313 50
2314 50
2315 49
2316 49
2317 48
2318 48
2319 47
2320 46
2321 46
2322 45
2323 45
2324 44
2325 44
2326 44
2327 43
2328 43
2329 42
2330 42
2331 41
2332 40
2333 40
2334 39
2335 39
2336 38
2337 38
2338 38
2339 37
2340 37
2341 36
2342 36
2343 35
2344 34
2345 34
2346 33
2347 33
2348 32
2349 32
2350 32
2351 31
2352 31
2353 30
2354 30
2355 29
2356 28
2357 28
2358 27
2359 27
2360 26
2361 26
2362 25
2363 25
2364 25
2365 24
2366 24
2367 23
2368 23
2369 22
2370 21
2371 21
2372 20
2373 20
2374 19
2375 19
2376 19
2377 18
2378 18
2379 17
2380 17
2381 16
2382 15
2383 15
2384 14
2385 14
2386 13
2387 13
2388 13
2389 12
2390 12
2391 11
2392 11
2393 10
2394 9
2395 9
2396 8
2397 8
2398 7
2399 7
2400 7
2401 6
2402 6
2403 5
2404 5
2405 4
2406 3
2407 3
2408 2
2409 2
2410 1
2411 1
2412 0
2413 100
2414 100
2415 99
2416 99
2417 98
2418 98
2419 97
2420 97
2421 96
2422 95
2423 95
2424 95
2425 94
2426 93
2427 100
2428 100
2429 99
2430 99
2431 98
2432 98
2433 97
2434 97
2435 96
2436 95
2437 95
2438 95
2439 94
2440 93
2441 93
2442 93
2443 92
2444 91
2445 91
2446 90
2447 90
2448 90
2449 89
2450 89
2451 88
2452 88
2453 87
2454 86
2455 100
2456 100
2457 99
2458 99
2459 98
2460 98
2461 97
2462 97
2463 96
2464 95
2465 95
2466 95
2467 94
2468 93
2469 93
2470 93
2471 92
2472 91
2473 91
2474 90
2475 90
2476 90
2477 89
2478 89
2479 88
2480 88
2481 87
2482 86
2483 86
2484 85
2485 85
2486 85
2487 84
2488 83
2489 83
2490 82
2491 82
2492 82
2493 81
2494 80
2495 80
2496 80
2497 79
2498 79
2499 78
2500 77
2501 77
2502 77
2503 76
2504 75
2505 75
2506 75
2507 74
2508 73
2509 73
2510 72
2511 72
2512 72
2513 71
2514 70
2515 70
2516 69
2517 69
2518 69
2519 68
2520 67
2521 67
2522 66
2523 66
2524 66
2525 65
2526 64
2527 64
2528 63
2529 63
2530 63
2531 62
2532 62
2533 61
2534 60
2535 60
2536 60
2537 59
2538 59
2539 58
2540 57
2541 100
2542 100
2543 99
2544 99
2545 98
2546 98
2547 97
2548 97
2549 96
2550 95
2551 95
2552 95
2553 94
2554 93
2555 93
2556 93
2557 92
2558 91
2559 91
2560 90
2561 90
2562 90
2563 89
2564 89
2565 88
2566 88
2567 87
2568 86
2569 86
2570 85
2571 85
2572 85
2573 84
2574 83
2575 83
2576 82
2577 82
2578 82
2579 81
2580 80
2581 80
2582 80
2583 79
2584 79
2585 78
2586 77
2587 77
2588 77
2589 76
2590 75
2591 75
2592 75
2593 74
2594 73
2595 73
2596 72
2597 72
2598 72
2599 71
2600 70
2601 70
2602 69
2603 69
2604 69
2605 68
2606 67
2607 67
2608 66
2609 66
2610 66
2611 65
2612 64
2613 64
2614 63
2615 63
2616 63
2617 62
2618 62
2619 61
2620 60
2621 60
2622 60
2623 59
2624 59
2625 58
2626 57
2627 57
2628 57
2629 56
2630 56
2631 55
2632 54
2633 54
2634 54
2635 53
2636 53
2637 52
2638 51
2639 51
2640 50
2641 50
2642 50
2643 49
2644 49
2645 48
2646 48
2647 47
2648 46
2649 46
2650 45
2651 45
2652 44
2653 44
2654 44
2655 43
2656 43
2657 42
2658 42
2659 41
2660 40
2661 40
2662 39
2663 39
2664 38
2665 38
2666 38
2667 37
2668 37
2669 36
2670 36
2671 35
2672 34
2673 34
2674 33
2675 33
2676 32
2677 32
2678 32
2679 31
2680 31
2681 30
2682 30
2683 29
2684 28
2685 28
2686 27
2687 27
2688 26
2689 26
2690 25
2691 25
2692 25
2693 24
2694 24
2695 23
2696 23
2697 22
2698 21
2699 21
2700 20
2701 20
2702 19
2703 19
2704 19
2705 18
2706 18
2707 17
2708 17
2709 16
2710 15
2711 15
2712 14
2713 14
2714 13
2715 13
2716 13
2717 12
2718 12
2719 11
2720 11
2721 10
2722 9
2723 9
2724 8
2725 8
2726 7
2727 7
2728 7
2729 6
2730 6
2731 100
2732 100
2733 99
2734 99
2735 98
2736 98
2737 97
2738 97
2739 96
2740 95
2741 95
2742 95
2743 94
2744 93
2745 93
2746 93
2747 92
2748 91
2749 91
2750 90
2751 90
2752 90
2753 89
2754 89
2755 88
2756 88
2757 87
2758 86
2759 86
2760 85
2761 85
2762 85
2763 84
2764 83
2765 83
2766 82
2767 82
2768 82
2769 81
2770 80
2771 80
2772 80
2773 79
2774 79
2775 78
2776 77
2777 77
2778 77
2779 76
2780 75
2781 75
2782 75
2783 74
2784 73
2785 73
2786 72
2787 72
2788 72
2789 71
2790 70
2791 70
2792 69
2793 69
2794 69
2795 68
2796 67
2797 67
2798 66
2799 66
2800 66
2801 65
2802 64
2803 64
2804 63
2805 63
2806 63
2807 62
2808 62
2809 61
2810 60
2811 60
2812 60
2813 59
2814 59
2815 58
2816 57
2817 57
2818 57
2819 56
2820 56
2821 55
2822 54
2823 54
2824 54
2825 53
2826 53
2827 52
2828 51
2829 51
2830 50
2831 50
2832 50
2833 49
2834 49
2835 48
2836 48
2837 47
2838 46
2839 46
2840 45
2841 45
2842 44
2843 44
2844 44
2845 43
2846 43
2847 42
2848 42
2849 41
2850 40
2851 40
2852 39
2853 39
2854 38
2855 38
2856 38
2857 37
2858 37
2859 36
2860 36
2861 35
2862 34
2863 34
2864 33
2865 33
2866 32
2867 32
2868 32
2869 31
2870 31
2871 30
2872 30
2873 29
2874 28
2875 28
2876 27
2877 27
2878 26
2879 26
2880 25
2881 25
2882 25
2883 24
2884 24
2885 23
2886 23
2887 22
2888 21
2889 21
2890 20
2891 20
2892 19
2893 19
2894 19
2895 18
2896 18
2897 17
2898 17
2899 16
2900 15
2901 15
2902 14
2903 14
2904 13
2905 13
2906 13
2907 12
2908 12
2909 11
2910 11
2911 10
2912 9
2913 9
2914 8
2915 8
2916 7
2917 7
2918 7
2919 6
2920 6
2921 5
2922 5
2923 4
2924 3
2925 3
2926 2
2927 2
2928 1
2929 1
2930 0
2931 100
2932 100
2933 99
2934 99
2935 98
2936 98
2937 97
2938 97
2939 96
2940 95
2941 95
2942 95
2943 94
2944 93
2945 93
2946 93
2947 92
2948 91
2949 91
2950 90
2951 90
2952 90
2953 89
2954 89
2955 88
2956 88
2957 87
2958 86
2959 86
2960 85
2961 85
2962 85
2963 84
2964 83
2965 83
2966 82
2967 82
2968 82
2969 81
2970 80
2971 80
2972 80
2973 79
2974 79
2975 78
2976 77
2977 77
2978 77
2979 76
2980 75
2981 75
2982 75
2983 74
2984 73
2985 73
2986 72
2987 72
2988 72
2989 71
2990 70
2991 70
2992 69
2993 69
2994 69
2995 68
2996 67
2997 67
2998 66
2999 66
3000 66
3001 65
3002 64
3003 64
3004 63
3005 63
3006 63
3007 62
3008 62
3009 61
3010 60
3011 60
3012 60
3013 59
3014 59
3015 58
3016 57
3017 57
3018 57
3019 56
3020 56
3021 55
3022 54
3023 54
3024 54
3025 53
3026 53
3027 52
3028 51
3029 51
3030 50
3031 50
3032 50
3033 49
3034 49
3035 48
3036 48
3037 47
3038 46
3039 46
3040 45
3041 45
3042 44
3043 44
3044 44
3045 43
3046 43
3047 42
3048 42
3049 41
3050 40
3051 40
3052 39
3053 39
3054 38
3055 38
3056 38
3057 37
3058 37
3059 36
3060 36
3061 35
3062 34
3063 34
3064 33
3065 33
3066 32
3067 32
3068 32
3069 31
3070 31
3071 30
3072 30
3073 29
3074 28
3075 28
3076 27
3077 27
3078 26
3079 26
3080 25
3081 25
3082 25
3083 24
3084 24
3085 23
3086 23
3087 22
3088 21
3089 21
3090 20
3091 20
3092 19
3093 19
3094 19
3095 18
3096 18
3097 17
3098 17
3099 16
3100 15
3101 15
3102 14
3103 14
3104 13
3105 13
3106 13
3107 12
3108 12
3109 11
3110 11
3111 10
3112 9
3113 9
3114 8
3115 8
3116 7
3117 7
3118 7
3119 6
3120 6
3121 5
3122 5
3123 4
3124 3
3125 3
3126 2
3127 2
3128 1
3129 1
3130 0
3131 100
3132 100
3133 99
3134 99
3135 98
3136 98
3137 97
3138 97
3139 96
3140 95
3141 95
3142 95
3143 94
3144 93
3145 93
3146 93
3147 92
3148 91
3149 91
3150 90
3151 90
3152 90
3153 89
3154 89
3155 88
3156 88
3157 87
3158 86
3159 86
3160 85
3161 85
3162 85
3163 84
3164 83
3165 83
3166 82
3167 82
3168 82
3169 81
3170 80
3171 80
3172 80
3173 79
3174 79
3175 78
3176 77
3177 77
3178 77
3179 76
3180 75
3181 75
3182 75
3183 74
3184 73
3185 73
3186 72
3187 72
3188 72
3189 71
3190 70
3191 70
3192 69
3193 69
3194 69
3195 68
3196 67
3197 67
3198 66
3199 66
3200 66
3201 65
3202 64
3203 64
3204 63
3205 63
3206 63
3207 62
3208 62
3209 61
3210 60
3211 60
3212 60
3213 59
3214 59
3215 58
3216 57
3217 57
3218 57
3219 56
3220 56
3221 55
3222 54
3223 54
3224 54
3225 53
3226 53
3227 52
3228 51
3229 51
3230 50
3231 50
3232 50
3233 49
3234 49
3235 48
3236 48
3237 47
3238 46
3239 46
3240 45
3241 45
3242 44
3243 44
3244 44
3245 43
3246 43
3247 42
3248 42
3249 41
3250 40
3251 40
3252 39
3253 39
3254 38
3255 38
3256 38
3257 37
3258 37
3259 36
3260 36
3261 35
3262 34
3263 34
3264 33
3265 33
3266 32
3267 32
3268 32
3269 31
3270 31
3271 30
3272 30
3273 29
3274 28
3275 28
3276 27
3277 27
3278 26
3279 26
3280 25
3281 25
3282 25
3283 24
3284 24
3285 23
3286 23
3287 22
3288 21
3289 21
3290 20
3291 20
3292 19
3293 19
3294 19
3295 18
3296 18
3297 17
3298 17
3299 16
3300 15
3301 15
3302 14
3303 14
3304 13
3305 13
3306 13
3307 12
3308 12
3309 11
3310 11
3311 10
3312 9
3313 9
3314 8
3315 8
3316 7
3317 7
3318 7
3319 6
3320 6
3321 5
3322 5
3323 4
3324 3
3325 3
3326 2
3327 2
3328 1
3329 1
3330 0
3331 100
3332 100
3333 99
3334 99
3335 98
3336 98
3337 97
3338 97
3339 96
3340 95
3341 95
3342 95
3343 94
3344 93
3345 93
3346 93
3347 92
3348 91
3349 91
3350 90
3351 90
3352 90
3353 89
3354 89
3355 88
3356 88
3357 87
3358 86
3359 86
3360 85
3361 85
3362 85
3363 84
3364 83
3365 83
3366 82
3367 82
3368 82
3369 81
3370 80
3371 80
3372 80
3373 79
3374 79
3375 78
3376 77
3377 77
3378 77
3379 76
3380 75
3381 75
3382 75
3383 74
3384 73
3385 73
3386 72
3387 72
3388 72
3389 71
3390 70
3391 70
3392 69
3393 69
3394 69
3395 68
3396 67
3397 67
3398 66
3399 66
3400 66
3401 65
3402 64
3403 64
3404 63
3405 63
3406 63
3407 62
3408 62
3409 61
3410 60
3411 60
3412 60
3413 59
3414 59
3415 58
3416 57
3417 57
3418 57
3419 56
3420 56
3421 55
3422 54
3423 54
3424 54
3425 53
3426 53
3427 52
3428 51
3429 51
3430 50
3431 50
3432 50
3433 49
3434 49
3435 48
3436 48
3437 47
3438 46
3439 46
3440 45
3441 45
3442 44
3443 44
3444 44
3445 43
3446 43
3447 42
3448 42
3449 41
3450 40
3451 40
3452 39
3453 39
3454 38
3455 38
3456 38
3457 37
3458 37
3459 36
3460 36
3461 35
3462 34
3463 34
3464 33
3465 33
3466 32
3467 32
3468 32
3469 31
3470 31
3471 30
3472 30
3473 29
3474 28
3475 28
3476 27
3477 27
3478 26
3479 26
3480 25
3481 25
3482 25
3483 24
3484 24
3485 23
3486 23
3487 22
3488 21
3489 21
3490 20
3491 20
3492 19
3493 19
3494 19
3495 18
3496 18
3497 17
3498 17
3499 16
3500 15
3501 15
3502 14
3503 14
3504 13
3505 13
3506 13
3507 12
3508 12
3509 11
3510 11
3511 10
3512 9
3513 9
3514 8
3515 8
3516 7
3517 7
3518 7
3519 6
3520 6
3521 5
3522 5
3523 4
3524 3
3525 3
3526 2
3527 2
3528 1
3529 1
3530 0
