1 0.00522834 0.000167837 1.79769e+308 1.79769e+308 inf inf
2 0.00018561 9.09588e-05 1.79769e+308 1.79769e+308 inf inf
3 0.0157516 0.00024698 9.09588e-05 0.000326497 5.9847 11.3386
4 0.000417343 0.000183088 9.09588e-05 0.000326497 5.9847 11.3386
5 0.00420965 0.000355009 9.09588e-05 0.000326497 5.9847 11.3386
6 0.000255287 0.00011002 9.09588e-05 0.000326497 5.9847 11.3386
7 0.000212257 0.000215678 9.09588e-05 0.000326497 5.9847 11.3386
8 0.000140857 5.5339e-05 9.09588e-05 0.000326497 5.9847 11.3386
9 0.000139732 4.97517e-05 5.5339e-05 0.000221038 4.66805 9.32939
10 9.15171e-05 7.01375e-05 4.97517e-05 0.000191665 4.42613 8.68744
11 0.000114673 3.55637e-05 4.97517e-05 0.000191665 4.42613 8.68744
12 9.34657e-05 5.48231e-05 3.55637e-05 0.000141896 3.74217 7.4749
13 7.45478e-05 6.83138e-05 3.55637e-05 0.000141896 3.74217 7.4749
14 0.000113433 4.4885e-05 3.55637e-05 0.000141896 3.74217 7.4749
15 6.74438e-05 3.09375e-05 3.55637e-05 0.000141896 3.74217 7.4749
16 7.4312e-05 2.52397e-05 3.09375e-05 0.000121972 3.4903 6.93027
17 5.8468e-05 2.41203e-05 2.52397e-05 0.000110796 3.15255 6.60514
18 8.55237e-05 3.55376e-05 2.41203e-05 0.000101281 3.08185 6.31517
19 5.22953e-05 2.90651e-05 2.41203e-05 0.000101281 3.08185 6.31517
20 5.331e-05 3.40845e-05 2.41203e-05 0.000101281 3.08185 6.31517
21 4.86309e-05 2.21835e-05 2.41203e-05 0.000101281 3.08185 6.31517
22 6.92644e-05 2.07832e-05 2.21835e-05 8.70455e-05 2.95553 5.85455
23 4.5967e-05 2.74133e-05 2.07832e-05 8.5811e-05 2.86073 5.81289
24 4.96718e-05 2.38755e-05 2.07832e-05 8.5811e-05 2.86073 5.81289
25 5.04561e-05 0.000159157 2.07832e-05 8.5811e-05 2.86073 5.81289
26 8.69752e-05 3.00027e-05 2.07832e-05 8.5811e-05 2.86073 5.81289
27 3.68898e-05 4.50093e-05 2.07832e-05 8.5811e-05 2.86073 5.81289
28 6.1702e-05 2.08568e-05 2.07832e-05 8.5811e-05 2.86073 5.81289
29 3.44444e-05 1.96136e-05 2.07832e-05 8.5811e-05 2.86073 5.81289
30 7.02587e-05 2.18674e-05 1.96136e-05 7.60913e-05 2.77907 5.47378
31 3.84023e-05 2.14172e-05 1.96136e-05 7.60913e-05 2.77907 5.47378
32 0.000133743 2.65993e-05 1.96136e-05 7.60913e-05 2.77907 5.47378
33 4.0286e-05 2.7442e-05 1.96136e-05 7.60913e-05 2.77907 5.47378
34 3.93895e-05 2.06079e-05 1.96136e-05 7.60913e-05 2.77907 5.47378
35 3.93903e-05 1.69464e-05 2.06079e-05 7.13337e-05 2.84864 5.2999
36 6.74307e-05 5.03395e-05 1.69464e-05 6.92777e-05 2.58321 5.22296
37 3.77803e-05 3.49628e-05 1.69464e-05 6.92777e-05 2.58321 5.22296
38 7.84914e-05 2.15433e-05 1.69464e-05 6.92777e-05 2.58321 5.22296
39 3.75518e-05 1.6651e-05 1.69464e-05 6.92777e-05 2.58321 5.22296
40 4.07534e-05 1.82939e-05 1.69464e-05 6.92777e-05 2.58321 5.22296
41 5.93064e-05 2.11695e-05 1.69464e-05 6.92777e-05 2.58321 5.22296
42 3.52145e-05 3.06768e-05 1.69464e-05 6.92777e-05 2.58321 5.22296
43 4.41246e-05 2.47765e-05 1.69464e-05 6.92777e-05 2.58321 5.22296
44 4.65676e-05 1.8866e-05 1.69464e-05 6.92777e-05 2.58321 5.22296
45 2.81244e-05 6.58357e-05 1.69464e-05 6.92777e-05 2.58321 5.22296
46 6.66264e-05 2.10879e-05 1.69464e-05 6.92777e-05 2.58321 5.22296
47 3.4647e-05 1.61905e-05 1.69464e-05 6.92777e-05 2.58321 5.22296
48 4.45064e-05 2.439e-05 1.61905e-05 6.72035e-05 2.52493 5.14418
49 3.17649e-05 4.02911e-05 1.61905e-05 6.72035e-05 2.52493 5.14418
50 3.31493e-05 2.55781e-05 1.61905e-05 6.72035e-05 2.52493 5.14418
51 3.76803e-05 2.27961e-05 1.61905e-05 6.72035e-05 2.52493 5.14418
52 4.76549e-05 1.60595e-05 1.61905e-05 6.72035e-05 2.52493 5.14418
53 3.11306e-05 3.58126e-05 1.60595e-05 6.45027e-05 2.5147 5.03975
54 7.76917e-05 1.85432e-05 1.60595e-05 6.45027e-05 2.5147 5.03975
55 2.30439e-05 4.7815e-05 1.60595e-05 6.45027e-05 2.5147 5.03975
56 5.7714e-05 3.13456e-05 1.60595e-05 6.45027e-05 2.5147 5.03975
57 2.3099e-05 1.48942e-05 1.60595e-05 6.45027e-05 2.5147 5.03975
58 3.04507e-05 2.20097e-05 1.48942e-05 6.01877e-05 2.42175 4.86826
59 4.45744e-05 1.72313e-05 1.48942e-05 6.01877e-05 2.42175 4.86826
60 4.47889e-05 1.33176e-05 1.48942e-05 6.01877e-05 2.42175 4.86826
61 2.67795e-05 6.22197e-05 1.33176e-05 5.96679e-05 2.28999 4.8472
62 3.50194e-05 1.53326e-05 1.33176e-05 5.96679e-05 2.28999 4.8472
63 5.60725e-05 1.72109e-05 1.33176e-05 5.96679e-05 2.28999 4.8472
64 2.71451e-05 1.50748e-05 1.33176e-05 5.96679e-05 2.28999 4.8472
65 3.24089e-05 1.33705e-05 1.33176e-05 5.96679e-05 2.28999 4.8472
66 7.08357e-05 1.77732e-05 1.33705e-05 5.72512e-05 2.29454 4.74802
67 2.61845e-05 4.19822e-05 1.33705e-05 5.72512e-05 2.29454 4.74802
68 2.95769e-05 1.70666e-05 1.33705e-05 5.72512e-05 2.29454 4.74802
69 5.18921e-05 2.73192e-05 1.33705e-05 5.72512e-05 2.29454 4.74802
70 2.99332e-05 1.32315e-05 1.33705e-05 5.72512e-05 2.29454 4.74802
71 2.8407e-05 2.35611e-05 1.32315e-05 5.72876e-05 2.28257 4.74953
72 6.39116e-05 2.94289e-05 1.32315e-05 5.72876e-05 2.28257 4.74953
73 3.00162e-05 8.43576e-05 1.32315e-05 5.72876e-05 2.28257 4.74953
74 4.72109e-05 7.24236e-05 1.32315e-05 5.72876e-05 2.28257 4.74953
75 2.82963e-05 4.21113e-05 1.32315e-05 5.72876e-05 2.28257 4.74953
76 5.40558e-05 1.30462e-05 1.32315e-05 5.72876e-05 2.28257 4.74953
77 2.42173e-05 1.5226e-05 1.32315e-05 5.72876e-05 2.28257 4.74953
78 4.66508e-05 1.38197e-05 1.32315e-05 5.72876e-05 2.28257 4.74953
79 2.46658e-05 1.71172e-05 1.32315e-05 5.72876e-05 2.28257 4.74953
80 9.30285e-05 2.10412e-05 1.32315e-05 5.72876e-05 2.28257 4.74953
81 2.75778e-05 4.51493e-05 1.32315e-05 5.72876e-05 2.28257 4.74953
82 9.94219e-05 3.83532e-05 1.32315e-05 5.72876e-05 2.28257 4.74953
83 2.5723e-05 2.37299e-05 1.32315e-05 5.72876e-05 2.28257 4.74953
84 2.88261e-05 1.6076e-05 1.32315e-05 5.72876e-05 2.28257 4.74953
85 5.38535e-05 4.38605e-05 1.32315e-05 5.72876e-05 2.28257 4.74953
86 2.80417e-05 1.28448e-05 1.32315e-05 5.72876e-05 2.28257 4.74953
87 3.9443e-05 1.35339e-05 1.28448e-05 5.49222e-05 2.24897 4.65044
88 2.74372e-05 1.26759e-05 1.28448e-05 5.49222e-05 2.24897 4.65044
89 5.10627e-05 2.17381e-05 1.26759e-05 5.49712e-05 2.23413 4.65251
90 2.3448e-05 1.59327e-05 1.26759e-05 5.49712e-05 2.23413 4.65251
91 7.30201e-05 2.21799e-05 1.26759e-05 5.49712e-05 2.23413 4.65251
92 2.79777e-05 1.71197e-05 1.26759e-05 5.49712e-05 2.23413 4.65251
93 3.91585e-05 1.39661e-05 1.26759e-05 5.49712e-05 2.23413 4.65251
94 2.32562e-05 3.0815e-05 1.26759e-05 5.49712e-05 2.23413 4.65251
95 5.71986e-05 1.52757e-05 1.26759e-05 5.49712e-05 2.23413 4.65251
96 2.62213e-05 1.66184e-05 1.26759e-05 5.49712e-05 2.23413 4.65251
97 0.000105582 1.46888e-05 1.26759e-05 5.49712e-05 2.23413 4.65251
98 2.67775e-05 1.6886e-05 1.26759e-05 5.49712e-05 2.23413 4.65251
99 5.36697e-05 1.64703e-05 1.26759e-05 5.49712e-05 2.23413 4.65251
100 2.0844e-05 0.000243936 1.26759e-05 5.49712e-05 2.23413 4.65251
101 3.49718e-05 3.32526e-05 1.26759e-05 5.49712e-05 2.23413 4.65251
102 2.60302e-05 3.9492e-05 1.26759e-05 5.49712e-05 2.23413 4.65251
103 0.000105877 1.78015e-05 1.26759e-05 5.49712e-05 2.23413 4.65251
104 2.69549e-05 1.9971e-05 1.26759e-05 5.49712e-05 2.23413 4.65251
105 3.91588e-05 0.000106947 1.26759e-05 5.49712e-05 2.23413 4.65251
106 3.84542e-05 1.30484e-05 1.26759e-05 5.49712e-05 2.23413 4.65251
107 2.18453e-05 1.48045e-05 1.26759e-05 5.49712e-05 2.23413 4.65251
108 2.66548e-05 6.85998e-05 1.26759e-05 5.49712e-05 2.23413 4.65251
109 3.14206e-05 1.22298e-05 1.26759e-05 5.49712e-05 2.23413 4.65251
110 3.99922e-05 1.59012e-05 1.22298e-05 5.24328e-05 2.19448 4.54383
111 2.04188e-05 2.76565e-05 1.22298e-05 5.24328e-05 2.19448 4.54383
112 3.01476e-05 1.15736e-05 1.22298e-05 5.24328e-05 2.19448 4.54383
113 3.19709e-05 1.2291e-05 1.15736e-05 5.17408e-05 2.13479 4.51374
114 2.21524e-05 1.50309e-05 1.15736e-05 5.17408e-05 2.13479 4.51374
115 4.17437e-05 1.31623e-05 1.15736e-05 5.17408e-05 2.13479 4.51374
116 2.40906e-05 1.55152e-05 1.15736e-05 5.17408e-05 2.13479 4.51374
117 3.79646e-05 1.19916e-05 1.15736e-05 5.17408e-05 2.13479 4.51374
118 2.37603e-05 1.55255e-05 1.15736e-05 5.17408e-05 2.13479 4.51374
119 4.21047e-05 1.25576e-05 1.15736e-05 5.17408e-05 2.13479 4.51374
120 2.42541e-05 1.21419e-05 1.15736e-05 5.17408e-05 2.13479 4.51374
121 8.53625e-05 1.52483e-05 1.15736e-05 5.17408e-05 2.13479 4.51374
122 2.40706e-05 1.21031e-05 1.15736e-05 5.17408e-05 2.13479 4.51374
123 2.58995e-05 3.44525e-05 1.15736e-05 5.17408e-05 2.13479 4.51374
124 3.72465e-05 1.17698e-05 1.15736e-05 5.17408e-05 2.13479 4.51374
125 2.14413e-05 1.31912e-05 1.15736e-05 5.17408e-05 2.13479 4.51374
126 3.47812e-05 1.20223e-05 1.15736e-05 5.17408e-05 2.13479 4.51374
127 2.32986e-05 3.91704e-05 1.15736e-05 5.17408e-05 2.13479 4.51374
128 2.57547e-05 5.03001e-05 1.15736e-05 5.17408e-05 2.13479 4.51374
129 3.87951e-05 1.61015e-05 1.15736e-05 5.17408e-05 2.13479 4.51374
130 3.95818e-05 1.40463e-05 1.15736e-05 5.17408e-05 2.13479 4.51374
131 2.05377e-05 1.52902e-05 1.15736e-05 5.17408e-05 2.13479 4.51374
132 2.58964e-05 2.12306e-05 1.15736e-05 5.17408e-05 2.13479 4.51374
133 0.00010883 6.58941e-05 1.15736e-05 5.17408e-05 2.13479 4.51374
134 2.92578e-05 2.79604e-05 1.15736e-05 5.17408e-05 2.13479 4.51374
135 0.000111146 2.89627e-05 1.15736e-05 5.17408e-05 2.13479 4.51374
136 2.55593e-05 1.31863e-05 1.15736e-05 5.17408e-05 2.13479 4.51374
137 2.59315e-05 1.49452e-05 1.15736e-05 5.17408e-05 2.13479 4.51374
138 6.50845e-05 1.42957e-05 1.15736e-05 5.17408e-05 2.13479 4.51374
139 2.3124e-05 3.01791e-05 1.15736e-05 5.17408e-05 2.13479 4.51374
140 3.38428e-05 1.34996e-05 1.15736e-05 5.17408e-05 2.13479 4.51374
141 2.35022e-05 2.02383e-05 1.15736e-05 5.17408e-05 2.13479 4.51374
142 4.1611e-05 1.45275e-05 1.15736e-05 5.17408e-05 2.13479 4.51374
143 6.87452e-05 1.79104e-05 1.15736e-05 5.17408e-05 2.13479 4.51374
144 1.87976e-05 3.33793e-05 1.15736e-05 5.17408e-05 2.13479 4.51374
145 2.41588e-05 2.67554e-05 1.15736e-05 5.17408e-05 2.13479 4.51374
146 3.58005e-05 1.46756e-05 1.15736e-05 5.17408e-05 2.13479 4.51374
147 3.31589e-05 1.13835e-05 1.15736e-05 5.17408e-05 2.13479 4.51374
148 2.22322e-05 3.81397e-05 1.13835e-05 4.96831e-05 2.11718 4.42308
149 2.78057e-05 5.96226e-05 1.13835e-05 4.96831e-05 2.11718 4.42308
150 5.20176e-05 1.50688e-05 1.13835e-05 4.96831e-05 2.11718 4.42308
151 2.33028e-05 6.73383e-05 1.13835e-05 4.96831e-05 2.11718 4.42308
152 4.80872e-05 1.27009e-05 1.13835e-05 4.96831e-05 2.11718 4.42308
153 2.15541e-05 1.41245e-05 1.13835e-05 4.96831e-05 2.11718 4.42308
154 4.31722e-05 1.21562e-05 1.13835e-05 4.96831e-05 2.11718 4.42308
155 2.11936e-05 1.92718e-05 1.13835e-05 4.96831e-05 2.11718 4.42308
156 2.72687e-05 1.15264e-05 1.13835e-05 4.96831e-05 2.11718 4.42308
157 2.68284e-05 3.5933e-05 1.15264e-05 4.88283e-05 2.13043 4.38486
158 2.33467e-05 2.39361e-05 1.15264e-05 4.88283e-05 2.13043 4.38486
159 9.86445e-05 8.80755e-05 1.15264e-05 4.88283e-05 2.13043 4.38486
160 2.35834e-05 1.99667e-05 1.15264e-05 4.88283e-05 2.13043 4.38486
161 3.99984e-05 1.17305e-05 1.15264e-05 4.88283e-05 2.13043 4.38486
162 2.17908e-05 1.54285e-05 1.15264e-05 4.88283e-05 2.13043 4.38486
163 2.40173e-05 4.32734e-05 1.15264e-05 4.88283e-05 2.13043 4.38486
164 2.37538e-05 3.10126e-05 1.15264e-05 4.88283e-05 2.13043 4.38486
165 4.59137e-05 1.26308e-05 1.15264e-05 4.88283e-05 2.13043 4.38486
166 2.3022e-05 2.01082e-05 1.15264e-05 4.88283e-05 2.13043 4.38486
167 0.000137963 1.47519e-05 1.15264e-05 4.88283e-05 2.13043 4.38486
168 2.41731e-05 1.68462e-05 1.15264e-05 4.88283e-05 2.13043 4.38486
169 5.77053e-05 1.68804e-05 1.15264e-05 4.88283e-05 2.13043 4.38486
170 1.98788e-05 1.82563e-05 1.15264e-05 4.88283e-05 2.13043 4.38486
171 5.74244e-05 1.6816e-05 1.15264e-05 4.88283e-05 2.13043 4.38486
172 2.37353e-05 1.29675e-05 1.15264e-05 4.88283e-05 2.13043 4.38486
173 3.07883e-05 1.11115e-05 1.15264e-05 4.88283e-05 2.13043 4.38486
174 2.02346e-05 7.27428e-05 1.15264e-05 4.88283e-05 2.13043 4.38486
175 4.74043e-05 4.22476e-05 1.15264e-05 4.88283e-05 2.13043 4.38486
176 2.27757e-05 1.62581e-05 1.15264e-05 4.88283e-05 2.13043 4.38486
177 0.000114078 3.15613e-05 1.15264e-05 4.88283e-05 2.13043 4.38486
178 2.20827e-05 7.97923e-05 1.15264e-05 4.88283e-05 2.13043 4.38486
179 0.000117534 1.79115e-05 1.15264e-05 4.88283e-05 2.13043 4.38486
180 2.13299e-05 1.30057e-05 1.15264e-05 4.88283e-05 2.13043 4.38486
181 2.29958e-05 2.69074e-05 1.15264e-05 4.88283e-05 2.13043 4.38486
182 8.22957e-05 1.922e-05 1.15264e-05 4.88283e-05 2.13043 4.38486
183 2.2448e-05 1.41674e-05 1.15264e-05 4.88283e-05 2.13043 4.38486
184 4.21695e-05 1.2867e-05 1.15264e-05 4.88283e-05 2.13043 4.38486
185 2.15584e-05 5.33687e-05 1.15264e-05 4.88283e-05 2.13043 4.38486
186 0.000105834 1.41706e-05 1.15264e-05 4.88283e-05 2.13043 4.38486
187 2.05712e-05 3.61822e-05 1.15264e-05 4.88283e-05 2.13043 4.38486
188 2.28037e-05 7.26834e-05 1.15264e-05 4.88283e-05 2.13043 4.38486
189 4.80506e-05 1.22254e-05 1.15264e-05 4.88283e-05 2.13043 4.38486
190 2.25962e-05 2.55769e-05 1.15264e-05 4.88283e-05 2.13043 4.38486
191 2.6926e-05 1.73316e-05 1.15264e-05 4.88283e-05 2.13043 4.38486
192 7.5083e-05 4.3817e-05 1.15264e-05 4.88283e-05 2.13043 4.38486
193 1.97824e-05 5.38565e-05 1.15264e-05 4.88283e-05 2.13043 4.38486
194 2.31105e-05 1.17492e-05 1.15264e-05 4.88283e-05 2.13043 4.38486
195 5.44319e-05 1.4754e-05 1.15264e-05 4.88283e-05 2.13043 4.38486
196 2.20664e-05 3.92114e-05 1.15264e-05 4.88283e-05 2.13043 4.38486
197 1.13309e-05 1.08754e-05 1.15264e-05 4.88283e-05 2.13043 4.38486
198 1.23555e-05 1.26496e-05 1.08754e-05 4.68517e-05 2.06939 4.29519
199 1.23878e-05 2.70414e-05 1.08754e-05 4.68517e-05 2.06939 4.29519
200 1.23326e-05 1.0448e-05 1.08754e-05 4.68517e-05 2.06939 4.29519
201 1.22712e-05 1.03314e-05 1.0448e-05 4.57275e-05 2.02832 4.24335
202 1.22674e-05 1.65533e-05 1.03314e-05 4.54548e-05 2.01697 4.23068
203 1.22893e-05 1.12302e-05 1.03314e-05 4.54548e-05 2.01697 4.23068
204 1.22653e-05 1.30338e-05 1.03314e-05 4.54548e-05 2.01697 4.23068
205 1.23753e-05 1.21055e-05 1.03314e-05 4.54548e-05 2.01697 4.23068
206 1.23408e-05 1.28849e-05 1.03314e-05 4.54548e-05 2.01697 4.23068
207 1.21642e-05 1.23125e-05 1.03314e-05 4.54548e-05 2.01697 4.23068
208 1.27577e-05 1.00009e-05 1.03314e-05 4.54548e-05 2.01697 4.23068
209 1.19116e-05 1.22949e-05 1.00009e-05 4.46346e-05 1.98445 4.19234
210 1.232e-05 1.4175e-05 1.00009e-05 4.46346e-05 1.98445 4.19234
211 1.24469e-05 1.47989e-05 1.00009e-05 4.46346e-05 1.98445 4.19234
212 1.20183e-05 1.04376e-05 1.00009e-05 4.46346e-05 1.98445 4.19234
213 1.23201e-05 1.03493e-05 1.00009e-05 4.46346e-05 1.98445 4.19234
214 1.23439e-05 1.53491e-05 1.00009e-05 4.46346e-05 1.98445 4.19234
215 1.24371e-05 1.26013e-05 1.00009e-05 4.46346e-05 1.98445 4.19234
216 1.20865e-05 1.09967e-05 1.00009e-05 4.46346e-05 1.98445 4.19234
217 1.22523e-05 1.06209e-05 1.00009e-05 4.46346e-05 1.98445 4.19234
218 1.22262e-05 1.08766e-05 1.00009e-05 4.46346e-05 1.98445 4.19234
219 1.2298e-05 1.42893e-05 1.00009e-05 4.46346e-05 1.98445 4.19234
220 1.21796e-05 1.17499e-05 1.00009e-05 4.46346e-05 1.98445 4.19234
221 1.22603e-05 1.01364e-05 1.00009e-05 4.46346e-05 1.98445 4.19234
222 1.22776e-05 1.0249e-05 1.01364e-05 4.35326e-05 1.99785 4.14026
223 1.21756e-05 1.24838e-05 1.0249e-05 4.32609e-05 2.00892 4.12732
224 1.23346e-05 1.11664e-05 1.0249e-05 4.32609e-05 2.00892 4.12732
225 1.23138e-05 1.03654e-05 1.0249e-05 4.32609e-05 2.00892 4.12732
226 1.2386e-05 9.95037e-06 1.0249e-05 4.32609e-05 2.00892 4.12732
227 1.20924e-05 1.21574e-05 9.95037e-06 4.30344e-05 1.97943 4.1165
228 1.22571e-05 2.64389e-05 9.95037e-06 4.30344e-05 1.97943 4.1165
229 1.22911e-05 3.58721e-05 9.95037e-06 4.30344e-05 1.97943 4.1165
230 1.24138e-05 1.08381e-05 9.95037e-06 4.30344e-05 1.97943 4.1165
231 1.21875e-05 9.98627e-06 9.95037e-06 4.30344e-05 1.97943 4.1165
232 1.22529e-05 1.24338e-05 9.98627e-06 4.28591e-05 1.983 4.10811
233 1.22342e-05 1.17576e-05 9.98627e-06 4.28591e-05 1.983 4.10811
234 1.23207e-05 1.04448e-05 9.98627e-06 4.28591e-05 1.983 4.10811
235 1.22569e-05 1.2564e-05 9.98627e-06 4.28591e-05 1.983 4.10811
236 1.22489e-05 1.01995e-05 9.98627e-06 4.28591e-05 1.983 4.10811
237 1.22816e-05 2.25917e-05 9.98627e-06 4.28591e-05 1.983 4.10811
238 1.22939e-05 1.0479e-05 9.98627e-06 4.28591e-05 1.983 4.10811
239 1.22299e-05 1.27675e-05 9.98627e-06 4.28591e-05 1.983 4.10811
240 1.21404e-05 1.10622e-05 9.98627e-06 4.28591e-05 1.983 4.10811
241 1.23126e-05 1.1031e-05 9.98627e-06 4.28591e-05 1.983 4.10811
242 1.21617e-05 2.05392e-05 9.98627e-06 4.28591e-05 1.983 4.10811
243 1.25921e-05 2.51117e-05 9.98627e-06 4.28591e-05 1.983 4.10811
244 1.21141e-05 2.09692e-05 9.98627e-06 4.28591e-05 1.983 4.10811
245 1.2216e-05 1.01265e-05 9.98627e-06 4.28591e-05 1.983 4.10811
246 1.2252e-05 1.17205e-05 1.01265e-05 4.21502e-05 1.99687 4.07399
247 1.25782e-05 9.84017e-06 1.01265e-05 4.21502e-05 1.99687 4.07399
248 1.21579e-05 1.03168e-05 9.84017e-06 4.2e-05 1.96844 4.06673
249 1.23365e-05 1.08694e-05 9.84017e-06 4.2e-05 1.96844 4.06673
250 1.22486e-05 9.63798e-06 9.84017e-06 4.2e-05 1.96844 4.06673
251 1.22233e-05 1.02414e-05 9.63798e-06 4.18269e-05 1.94811 4.05834
252 1.22214e-05 1.33721e-05 9.63798e-06 4.18269e-05 1.94811 4.05834
253 1.30502e-05 9.6155e-06 9.63798e-06 4.18269e-05 1.94811 4.05834
254 1.1789e-05 9.96022e-06 9.63798e-06 4.18269e-05 1.94811 4.05834
255 1.21281e-05 1.02849e-05 9.63798e-06 4.18269e-05 1.94811 4.05834
256 1.22897e-05 1.10468e-05 9.63798e-06 4.18269e-05 1.94811 4.05834
257 1.23025e-05 1.04372e-05 9.63798e-06 4.18269e-05 1.94811 4.05834
258 1.22386e-05 1.09869e-05 9.63798e-06 4.18269e-05 1.94811 4.05834
259 1.22046e-05 1.03635e-05 9.63798e-06 4.18269e-05 1.94811 4.05834
260 1.22058e-05 9.47606e-06 9.63798e-06 4.18269e-05 1.94811 4.05834
261 1.24197e-05 1.08601e-05 9.47606e-06 4.15593e-05 1.93168 4.04533
262 1.25047e-05 1.04716e-05 9.47606e-06 4.15593e-05 1.93168 4.04533
263 1.22735e-05 2.0233e-05 9.47606e-06 4.15593e-05 1.93168 4.04533
264 1.21915e-05 9.7864e-06 9.47606e-06 4.15593e-05 1.93168 4.04533
265 1.22815e-05 2.33407e-05 9.47606e-06 4.15593e-05 1.93168 4.04533
266 1.22305e-05 1.66621e-05 9.47606e-06 4.15593e-05 1.93168 4.04533
267 1.23095e-05 1.03095e-05 9.47606e-06 4.15593e-05 1.93168 4.04533
268 1.2216e-05 1.02896e-05 9.47606e-06 4.15593e-05 1.93168 4.04533
269 1.22949e-05 1.14822e-05 9.47606e-06 4.15593e-05 1.93168 4.04533
270 1.22584e-05 1.13468e-05 9.47606e-06 4.15593e-05 1.93168 4.04533
271 1.22393e-05 1.03464e-05 9.47606e-06 4.15593e-05 1.93168 4.04533
272 1.23242e-05 9.50106e-06 9.47606e-06 4.15593e-05 1.93168 4.04533
273 1.22561e-05 1.12141e-05 9.50106e-06 4.12741e-05 1.93422 4.03143
274 1.26504e-05 9.534e-06 9.50106e-06 4.12741e-05 1.93422 4.03143
275 1.20018e-05 1.2992e-05 9.534e-06 4.10702e-05 1.93757 4.02146
276 1.22981e-05 9.8638e-06 9.534e-06 4.10702e-05 1.93757 4.02146
277 1.22481e-05 1.65369e-05 9.534e-06 4.10702e-05 1.93757 4.02146
278 1.22532e-05 1.12424e-05 9.534e-06 4.10702e-05 1.93757 4.02146
279 1.24524e-05 1.14304e-05 9.534e-06 4.10702e-05 1.93757 4.02146
280 1.22826e-05 9.72304e-06 9.534e-06 4.10702e-05 1.93757 4.02146
281 1.22375e-05 1.22592e-05 9.534e-06 4.10702e-05 1.93757 4.02146
282 1.23347e-05 1.2092e-05 9.534e-06 4.10702e-05 1.93757 4.02146
283 1.22224e-05 1.59747e-05 9.534e-06 4.10702e-05 1.93757 4.02146
284 1.2331e-05 1.09017e-05 9.534e-06 4.10702e-05 1.93757 4.02146
285 1.22515e-05 1.31668e-05 9.534e-06 4.10702e-05 1.93757 4.02146
286 1.22756e-05 1.22993e-05 9.534e-06 4.10702e-05 1.93757 4.02146
287 1.23666e-05 1.29394e-05 9.534e-06 4.10702e-05 1.93757 4.02146
288 1.22552e-05 1.00487e-05 9.534e-06 4.10702e-05 1.93757 4.02146
289 1.23775e-05 1.00217e-05 9.534e-06 4.10702e-05 1.93757 4.02146
290 1.24375e-05 1.36365e-05 9.534e-06 4.10702e-05 1.93757 4.02146
291 1.22646e-05 2.24691e-05 9.534e-06 4.10702e-05 1.93757 4.02146
292 1.25011e-05 1.01993e-05 9.534e-06 4.10702e-05 1.93757 4.02146
293 1.21814e-05 1.30777e-05 9.534e-06 4.10702e-05 1.93757 4.02146
294 1.22935e-05 2.64385e-05 9.534e-06 4.10702e-05 1.93757 4.02146
295 1.23547e-05 1.05387e-05 9.534e-06 4.10702e-05 1.93757 4.02146
296 1.2957e-05 2.42547e-05 9.534e-06 4.10702e-05 1.93757 4.02146
297 1.21999e-05 1.51177e-05 9.534e-06 4.10702e-05 1.93757 4.02146
298 1.22919e-05 3.74851e-05 9.534e-06 4.10702e-05 1.93757 4.02146
299 1.23141e-05 1.01666e-05 9.534e-06 4.10702e-05 1.93757 4.02146
300 1.24349e-05 1.32055e-05 9.534e-06 4.10702e-05 1.93757 4.02146
301 1.22462e-05 1.11628e-05 9.534e-06 4.10702e-05 1.93757 4.02146
302 1.23817e-05 3.44615e-05 9.534e-06 4.10702e-05 1.93757 4.02146
303 1.24542e-05 1.08276e-05 9.534e-06 4.10702e-05 1.93757 4.02146
304 1.21184e-05 1.02458e-05 9.534e-06 4.10702e-05 1.93757 4.02146
305 1.22752e-05 1.033e-05 9.534e-06 4.10702e-05 1.93757 4.02146
306 1.22896e-05 1.0148e-05 9.534e-06 4.10702e-05 1.93757 4.02146
307 1.22612e-05 1.04923e-05 9.534e-06 4.10702e-05 1.93757 4.02146
308 1.22299e-05 1.00155e-05 9.534e-06 4.10702e-05 1.93757 4.02146
309 1.22936e-05 1.01547e-05 9.534e-06 4.10702e-05 1.93757 4.02146
310 1.24035e-05 1.33806e-05 9.534e-06 4.10702e-05 1.93757 4.02146
311 1.22941e-05 1.01768e-05 9.534e-06 4.10702e-05 1.93757 4.02146
312 1.23129e-05 1.04011e-05 9.534e-06 4.10702e-05 1.93757 4.02146
313 1.25806e-05 2.00964e-05 9.534e-06 4.10702e-05 1.93757 4.02146
314 1.22849e-05 1.55759e-05 9.534e-06 4.10702e-05 1.93757 4.02146
315 8.35381e-06 9.28839e-06 9.534e-06 4.10702e-05 1.93757 4.02146
316 8.64598e-06 9.18767e-06 9.28839e-06 4.00526e-05 1.91245 3.97133
317 8.64701e-06 9.18315e-06 9.18767e-06 3.96283e-05 1.90205 3.95024
318 8.67714e-06 9.50999e-06 9.18315e-06 3.96055e-05 1.90159 3.9491
319 8.67345e-06 1.24627e-05 9.18315e-06 3.96055e-05 1.90159 3.9491
320 8.67692e-06 9.1649e-06 9.18315e-06 3.96055e-05 1.90159 3.9491
321 8.68527e-06 1.19802e-05 9.1649e-06 3.94671e-05 1.8997 3.94219
322 8.66387e-06 9.32962e-06 9.1649e-06 3.94671e-05 1.8997 3.94219
323 8.67647e-06 1.13555e-05 9.1649e-06 3.94671e-05 1.8997 3.94219
324 8.70021e-06 9.92024e-06 9.1649e-06 3.94671e-05 1.8997 3.94219
325 8.66795e-06 9.66325e-06 9.1649e-06 3.94671e-05 1.8997 3.94219
326 8.72778e-06 9.56115e-06 9.1649e-06 3.94671e-05 1.8997 3.94219
327 8.71518e-06 9.8594e-06 9.1649e-06 3.94671e-05 1.8997 3.94219
328 8.68921e-06 1.34688e-05 9.1649e-06 3.94671e-05 1.8997 3.94219
329 8.71143e-06 1.37182e-05 9.1649e-06 3.94671e-05 1.8997 3.94219
330 8.70577e-06 9.99388e-06 9.1649e-06 3.94671e-05 1.8997 3.94219
331 8.75955e-06 9.52628e-06 9.1649e-06 3.94671e-05 1.8997 3.94219
332 8.69968e-06 9.33316e-06 9.1649e-06 3.94671e-05 1.8997 3.94219
333 8.74959e-06 9.12606e-06 9.33316e-06 3.89928e-05 1.91706 3.91843
334 8.71651e-06 9.11125e-06 9.12606e-06 3.90968e-05 1.89567 3.92366
335 8.7463e-06 9.27108e-06 9.11125e-06 3.88111e-05 1.89413 3.9093
336 8.76614e-06 9.17445e-06 9.11125e-06 3.88111e-05 1.89413 3.9093
337 8.74399e-06 9.68461e-06 9.11125e-06 3.88111e-05 1.89413 3.9093
338 8.73219e-06 1.02086e-05 9.11125e-06 3.88111e-05 1.89413 3.9093
339 8.75746e-06 1.01748e-05 9.11125e-06 3.88111e-05 1.89413 3.9093
340 8.7553e-06 1.14896e-05 9.11125e-06 3.88111e-05 1.89413 3.9093
341 8.75836e-06 9.21322e-06 9.11125e-06 3.88111e-05 1.89413 3.9093
342 8.77455e-06 1.67982e-05 9.11125e-06 3.88111e-05 1.89413 3.9093
343 8.76177e-06 9.18013e-06 9.11125e-06 3.88111e-05 1.89413 3.9093
344 8.77314e-06 1.33176e-05 9.11125e-06 3.88111e-05 1.89413 3.9093
345 8.74174e-06 1.488e-05 9.11125e-06 3.88111e-05 1.89413 3.9093
346 8.76864e-06 9.09821e-06 9.11125e-06 3.88111e-05 1.89413 3.9093
347 8.79454e-06 9.93964e-06 9.09821e-06 3.86083e-05 1.89277 3.89907
348 8.76996e-06 9.46297e-06 9.09821e-06 3.86083e-05 1.89277 3.89907
349 8.78686e-06 9.22721e-06 9.09821e-06 3.86083e-05 1.89277 3.89907
350 8.81809e-06 1.08578e-05 9.09821e-06 3.86083e-05 1.89277 3.89907
351 8.77338e-06 9.19039e-06 9.09821e-06 3.86083e-05 1.89277 3.89907
352 8.79093e-06 1.07872e-05 9.19039e-06 3.84012e-05 1.90234 3.8886
353 8.82499e-06 9.5347e-06 9.19039e-06 3.84012e-05 1.90234 3.8886
354 8.79999e-06 9.4935e-06 9.19039e-06 3.84012e-05 1.90234 3.8886
355 8.84701e-06 8.89032e-06 9.19039e-06 3.84012e-05 1.90234 3.8886
356 8.82695e-06 1.07515e-05 8.89032e-06 3.84639e-05 1.87102 3.89177
357 8.81269e-06 9.57575e-06 8.89032e-06 3.84639e-05 1.87102 3.89177
358 8.79977e-06 9.04893e-06 8.89032e-06 3.84639e-05 1.87102 3.89177
359 8.85739e-06 9.23544e-06 8.89032e-06 3.84639e-05 1.87102 3.89177
360 8.83236e-06 9.73671e-06 8.89032e-06 3.84639e-05 1.87102 3.89177
361 8.84571e-06 9.01294e-06 8.89032e-06 3.84639e-05 1.87102 3.89177
362 8.82292e-06 9.00663e-06 9.01294e-06 3.82008e-05 1.88388 3.87844
363 8.86202e-06 1.18031e-05 9.01294e-06 3.82008e-05 1.88388 3.87844
364 8.83858e-06 9.20249e-06 9.01294e-06 3.82008e-05 1.88388 3.87844
365 8.83667e-06 9.08199e-06 9.01294e-06 3.82008e-05 1.88388 3.87844
366 8.86166e-06 1.04409e-05 9.01294e-06 3.82008e-05 1.88388 3.87844
367 8.87992e-06 9.05216e-06 9.01294e-06 3.82008e-05 1.88388 3.87844
368 8.84434e-06 9.9968e-06 9.05216e-06 3.80671e-05 1.88798 3.87164
369 8.87391e-06 9.97949e-06 9.05216e-06 3.80671e-05 1.88798 3.87164
370 8.86993e-06 9.07637e-06 9.05216e-06 3.80671e-05 1.88798 3.87164
371 8.90852e-06 1.79625e-05 9.05216e-06 3.80671e-05 1.88798 3.87164
372 8.86032e-06 9.02648e-06 9.05216e-06 3.80671e-05 1.88798 3.87164
373 8.86632e-06 8.93067e-06 9.05216e-06 3.80671e-05 1.88798 3.87164
374 8.88552e-06 8.82286e-06 8.93067e-06 3.81882e-05 1.87526 3.8778
375 8.87727e-06 1.01247e-05 8.82286e-06 3.80148e-05 1.86391 3.86898
376 8.90824e-06 9.62972e-06 8.82286e-06 3.80148e-05 1.86391 3.86898
377 8.9082e-06 1.10518e-05 8.82286e-06 3.80148e-05 1.86391 3.86898
378 8.85408e-06 9.12707e-06 8.82286e-06 3.80148e-05 1.86391 3.86898
379 8.94184e-06 9.06182e-06 8.82286e-06 3.80148e-05 1.86391 3.86898
380 8.85953e-06 1.18212e-05 8.82286e-06 3.80148e-05 1.86391 3.86898
381 8.89445e-06 9.82009e-06 8.82286e-06 3.80148e-05 1.86391 3.86898
382 8.91169e-06 1.06324e-05 8.82286e-06 3.80148e-05 1.86391 3.86898
383 8.91126e-06 1.59838e-05 8.82286e-06 3.80148e-05 1.86391 3.86898
384 8.91153e-06 8.88431e-06 8.82286e-06 3.80148e-05 1.86391 3.86898
385 8.92643e-06 9.66055e-06 8.88431e-06 3.78664e-05 1.87039 3.86142
386 8.92471e-06 1.25619e-05 8.88431e-06 3.78664e-05 1.87039 3.86142
387 8.90546e-06 9.06398e-06 8.88431e-06 3.78664e-05 1.87039 3.86142
388 8.9374e-06 1.14884e-05 8.88431e-06 3.78664e-05 1.87039 3.86142
389 8.89997e-06 1.09179e-05 8.88431e-06 3.78664e-05 1.87039 3.86142
390 8.91494e-06 1.01148e-05 8.88431e-06 3.78664e-05 1.87039 3.86142
391 8.93038e-06 9.69276e-06 8.88431e-06 3.78664e-05 1.87039 3.86142
392 8.94065e-06 9.06368e-06 8.88431e-06 3.78664e-05 1.87039 3.86142
393 8.91288e-06 1.18001e-05 8.88431e-06 3.78664e-05 1.87039 3.86142
394 8.95171e-06 1.07195e-05 8.88431e-06 3.78664e-05 1.87039 3.86142
395 8.95076e-06 8.90573e-06 8.88431e-06 3.78664e-05 1.87039 3.86142
396 8.91671e-06 9.91157e-06 8.88431e-06 3.78664e-05 1.87039 3.86142
397 8.96935e-06 1.76202e-05 8.88431e-06 3.78664e-05 1.87039 3.86142
398 8.93522e-06 1.0666e-05 8.88431e-06 3.78664e-05 1.87039 3.86142
399 8.95019e-06 1.04437e-05 8.88431e-06 3.78664e-05 1.87039 3.86142
400 8.93606e-06 1.41426e-05 8.88431e-06 3.78664e-05 1.87039 3.86142
401 8.96679e-06 9.65749e-06 8.88431e-06 3.78664e-05 1.87039 3.86142
402 8.92487e-06 9.36766e-06 8.88431e-06 3.78664e-05 1.87039 3.86142
403 8.98586e-06 9.07207e-06 8.88431e-06 3.78664e-05 1.87039 3.86142
404 8.96292e-06 1.13689e-05 8.88431e-06 3.78664e-05 1.87039 3.86142
405 8.97834e-06 9.27259e-06 8.88431e-06 3.78664e-05 1.87039 3.86142
406 8.94988e-06 9.93413e-06 8.88431e-06 3.78664e-05 1.87039 3.86142
407 8.98936e-06 9.56044e-06 8.88431e-06 3.78664e-05 1.87039 3.86142
408 8.98193e-06 9.43072e-06 8.88431e-06 3.78664e-05 1.87039 3.86142
409 8.9423e-06 1.50813e-05 8.88431e-06 3.78664e-05 1.87039 3.86142
410 9.00654e-06 1.19392e-05 8.88431e-06 3.78664e-05 1.87039 3.86142
411 8.92305e-06 1.59532e-05 8.88431e-06 3.78664e-05 1.87039 3.86142
412 8.96639e-06 9.83539e-06 8.88431e-06 3.78664e-05 1.87039 3.86142
413 9.00736e-06 9.12015e-06 8.88431e-06 3.78664e-05 1.87039 3.86142
414 8.95361e-06 8.85458e-06 8.88431e-06 3.78664e-05 1.87039 3.86142
415 8.99942e-06 1.05506e-05 8.85458e-06 3.75588e-05 1.86726 3.84571
416 8.97286e-06 9.12959e-06 8.85458e-06 3.75588e-05 1.86726 3.84571
417 8.96979e-06 9.34907e-06 8.85458e-06 3.75588e-05 1.86726 3.84571
418 9.03774e-06 9.15248e-06 8.85458e-06 3.75588e-05 1.86726 3.84571
419 8.99743e-06 1.01753e-05 8.85458e-06 3.75588e-05 1.86726 3.84571
420 9.01281e-06 1.21066e-05 8.85458e-06 3.75588e-05 1.86726 3.84571
421 8.98917e-06 8.93286e-06 8.85458e-06 3.75588e-05 1.86726 3.84571
422 9.03322e-06 1.12025e-05 8.85458e-06 3.75588e-05 1.86726 3.84571
423 8.99849e-06 1.10351e-05 8.85458e-06 3.75588e-05 1.86726 3.84571
424 8.9867e-06 1.10498e-05 8.85458e-06 3.75588e-05 1.86726 3.84571
425 9.03235e-06 9.53626e-06 8.85458e-06 3.75588e-05 1.86726 3.84571
426 9.04435e-06 1.47378e-05 8.85458e-06 3.75588e-05 1.86726 3.84571
427 8.98911e-06 1.16986e-05 8.85458e-06 3.75588e-05 1.86726 3.84571
428 9.02926e-06 1.39493e-05 8.85458e-06 3.75588e-05 1.86726 3.84571
429 9.01267e-06 1.25428e-05 8.85458e-06 3.75588e-05 1.86726 3.84571
430 9.05982e-06 9.54471e-06 8.85458e-06 3.75588e-05 1.86726 3.84571
431 9.01529e-06 8.91296e-06 8.85458e-06 3.75588e-05 1.86726 3.84571
432 9.03276e-06 9.41047e-06 8.91296e-06 3.74036e-05 1.8734 3.83775
433 9.01624e-06 1.2102e-05 8.91296e-06 3.74036e-05 1.8734 3.83775
434 9.06553e-06 9.12121e-06 8.91296e-06 3.74036e-05 1.8734 3.83775
435 9.01025e-06 9.1902e-06 8.91296e-06 3.74036e-05 1.8734 3.83775
436 9.05356e-06 1.0156e-05 8.91296e-06 3.74036e-05 1.8734 3.83775
437 9.03164e-06 9.9776e-06 8.91296e-06 3.74036e-05 1.8734 3.83775
438 9.02785e-06 9.09328e-06 8.91296e-06 3.74036e-05 1.8734 3.83775
439 9.04032e-06 9.73712e-06 8.91296e-06 3.74036e-05 1.8734 3.83775
440 9.05198e-06 9.55055e-06 8.91296e-06 3.74036e-05 1.8734 3.83775
441 9.07845e-06 1.06858e-05 8.91296e-06 3.74036e-05 1.8734 3.83775
442 9.04014e-06 1.50825e-05 8.91296e-06 3.74036e-05 1.8734 3.83775
443 9.06805e-06 9.23038e-06 8.91296e-06 3.74036e-05 1.8734 3.83775
444 9.04594e-06 9.15277e-06 8.91296e-06 3.74036e-05 1.8734 3.83775
445 9.05389e-06 9.91638e-06 8.91296e-06 3.74036e-05 1.8734 3.83775
446 9.05585e-06 8.98333e-06 8.91296e-06 3.74036e-05 1.8734 3.83775
447 9.05639e-06 9.59101e-06 8.91296e-06 3.74036e-05 1.8734 3.83775
448 9.08817e-06 1.15885e-05 8.91296e-06 3.74036e-05 1.8734 3.83775
449 9.0662e-06 9.25003e-06 8.91296e-06 3.74036e-05 1.8734 3.83775
450 9.08021e-06 1.37926e-05 8.91296e-06 3.74036e-05 1.8734 3.83775
451 9.07142e-06 9.07176e-06 8.91296e-06 3.74036e-05 1.8734 3.83775
452 9.06279e-06 8.99709e-06 8.91296e-06 3.74036e-05 1.8734 3.83775
453 9.10001e-06 9.7079e-06 8.91296e-06 3.74036e-05 1.8734 3.83775
454 9.03636e-06 1.81265e-05 8.91296e-06 3.74036e-05 1.8734 3.83775
455 9.09051e-06 9.8251e-06 8.91296e-06 3.74036e-05 1.8734 3.83775
456 9.15274e-06 9.11725e-06 8.91296e-06 3.74036e-05 1.8734 3.83775
457 9.08792e-06 1.2949e-05 8.91296e-06 3.74036e-05 1.8734 3.83775
458 9.00463e-06 1.31415e-05 8.91296e-06 3.74036e-05 1.8734 3.83775
459 9.12959e-06 9.08894e-06 8.91296e-06 3.74036e-05 1.8734 3.83775
460 9.06539e-06 1.27823e-05 8.91296e-06 3.74036e-05 1.8734 3.83775
461 9.09896e-06 8.92946e-06 8.91296e-06 3.74036e-05 1.8734 3.83775
462 9.09777e-06 8.94828e-06 8.92946e-06 3.7306e-05 1.87514 3.83274
463 9.07017e-06 1.13517e-05 8.94828e-06 3.71451e-05 1.87711 3.82447
464 9.10297e-06 1.7519e-05 8.94828e-06 3.71451e-05 1.87711 3.82447
465 9.10023e-06 9.01491e-06 8.94828e-06 3.71451e-05 1.87711 3.82447
466 9.10734e-06 1.11665e-05 8.94828e-06 3.71451e-05 1.87711 3.82447
467 9.09665e-06 1.1348e-05 8.94828e-06 3.71451e-05 1.87711 3.82447
468 9.13079e-06 9.58778e-06 8.94828e-06 3.71451e-05 1.87711 3.82447
469 9.11691e-06 8.95988e-06 8.94828e-06 3.71451e-05 1.87711 3.82447
470 9.1057e-06 9.00465e-06 8.94828e-06 3.71451e-05 1.87711 3.82447
471 9.07371e-06 1.59529e-05 8.94828e-06 3.71451e-05 1.87711 3.82447
472 9.10068e-06 1.06354e-05 8.94828e-06 3.71451e-05 1.87711 3.82447
473 9.14444e-06 1.16639e-05 8.94828e-06 3.71451e-05 1.87711 3.82447
474 9.13985e-06 8.76744e-06 8.94828e-06 3.71451e-05 1.87711 3.82447
475 9.13948e-06 1.06613e-05 8.76744e-06 3.70949e-05 1.85805 3.82188
476 9.13167e-06 9.13231e-06 8.76744e-06 3.70949e-05 1.85805 3.82188
477 9.12802e-06 9.70658e-06 8.76744e-06 3.70949e-05 1.85805 3.82188
478 9.07272e-06 9.61207e-06 8.76744e-06 3.70949e-05 1.85805 3.82188
479 9.1084e-06 9.34829e-06 8.76744e-06 3.70949e-05 1.85805 3.82188
480 9.14029e-06 9.74127e-06 8.76744e-06 3.70949e-05 1.85805 3.82188
481 9.11187e-06 9.96518e-06 8.76744e-06 3.70949e-05 1.85805 3.82188
482 9.1192e-06 9.46767e-06 8.76744e-06 3.70949e-05 1.85805 3.82188
483 9.18055e-06 9.068e-06 8.76744e-06 3.70949e-05 1.85805 3.82188
484 9.06066e-06 1.1815e-05 8.76744e-06 3.70949e-05 1.85805 3.82188
485 9.15749e-06 9.17185e-06 8.76744e-06 3.70949e-05 1.85805 3.82188
486 9.09868e-06 9.1776e-06 8.76744e-06 3.70949e-05 1.85805 3.82188
487 9.13702e-06 1.26632e-05 8.76744e-06 3.70949e-05 1.85805 3.82188
488 9.12448e-06 1.58685e-05 8.76744e-06 3.70949e-05 1.85805 3.82188
489 9.21029e-06 9.15385e-06 8.76744e-06 3.70949e-05 1.85805 3.82188
490 9.09565e-06 1.06064e-05 8.76744e-06 3.70949e-05 1.85805 3.82188
491 9.12349e-06 1.17258e-05 8.76744e-06 3.70949e-05 1.85805 3.82188
492 9.11817e-06 8.92448e-06 8.76744e-06 3.70949e-05 1.85805 3.82188
493 9.14549e-06 8.83724e-06 8.76744e-06 3.70949e-05 1.85805 3.82188
494 9.16455e-06 8.7303e-06 8.83724e-06 3.68482e-05 1.86543 3.80915
495 9.12476e-06 9.92257e-06 8.7303e-06 3.69867e-05 1.85411 3.81631
496 9.1599e-06 9.02733e-06 8.7303e-06 3.69867e-05 1.85411 3.81631
497 9.19369e-06 8.93268e-06 8.7303e-06 3.69867e-05 1.85411 3.81631
498 9.11684e-06 1.42664e-05 8.7303e-06 3.69867e-05 1.85411 3.81631
499 9.18487e-06 1.01025e-05 8.7303e-06 3.69867e-05 1.85411 3.81631
500 9.17801e-06 9.15639e-06 8.7303e-06 3.69867e-05 1.85411 3.81631
501 9.11198e-06 9.4445e-06 8.7303e-06 3.69867e-05 1.85411 3.81631
502 9.16511e-06 1.14912e-05 8.7303e-06 3.69867e-05 1.85411 3.81631
503 9.15288e-06 9.14651e-06 8.7303e-06 3.69867e-05 1.85411 3.81631
504 9.15427e-06 1.39829e-05 8.7303e-06 3.69867e-05 1.85411 3.81631
505 9.14739e-06 9.88372e-06 8.7303e-06 3.69867e-05 1.85411 3.81631
506 9.18435e-06 1.30776e-05 8.7303e-06 3.69867e-05 1.85411 3.81631
507 9.13985e-06 9.1752e-06 8.7303e-06 3.69867e-05 1.85411 3.81631
508 9.19994e-06 9.81261e-06 8.7303e-06 3.69867e-05 1.85411 3.81631
509 9.12495e-06 9.08168e-06 8.7303e-06 3.69867e-05 1.85411 3.81631
510 9.16034e-06 8.97722e-06 8.7303e-06 3.69867e-05 1.85411 3.81631
511 9.17087e-06 9.61526e-06 8.7303e-06 3.69867e-05 1.85411 3.81631
512 9.16368e-06 1.48177e-05 8.7303e-06 3.69867e-05 1.85411 3.81631
513 9.14368e-06 9.81635e-06 8.7303e-06 3.69867e-05 1.85411 3.81631
514 9.14995e-06 8.88637e-06 8.7303e-06 3.69867e-05 1.85411 3.81631
515 9.15345e-06 1.24517e-05 8.7303e-06 3.69867e-05 1.85411 3.81631
516 9.20562e-06 1.13782e-05 8.7303e-06 3.69867e-05 1.85411 3.81631
517 9.19299e-06 1.12463e-05 8.7303e-06 3.69867e-05 1.85411 3.81631
518 9.13527e-06 9.60664e-06 8.7303e-06 3.69867e-05 1.85411 3.81631
519 9.16636e-06 8.90663e-06 8.7303e-06 3.69867e-05 1.85411 3.81631
520 9.17979e-06 9.46766e-06 8.7303e-06 3.69867e-05 1.85411 3.81631
521 9.15826e-06 9.73348e-06 8.7303e-06 3.69867e-05 1.85411 3.81631
522 9.15785e-06 9.04751e-06 8.7303e-06 3.69867e-05 1.85411 3.81631
523 9.18962e-06 8.83836e-06 8.7303e-06 3.69867e-05 1.85411 3.81631
524 9.16589e-06 1.08878e-05 8.7303e-06 3.69867e-05 1.85411 3.81631
525 9.15374e-06 1.9223e-05 8.7303e-06 3.69867e-05 1.85411 3.81631
526 9.17978e-06 1.22121e-05 8.7303e-06 3.69867e-05 1.85411 3.81631
527 9.19249e-06 1.1891e-05 8.7303e-06 3.69867e-05 1.85411 3.81631
528 9.20679e-06 8.85631e-06 8.7303e-06 3.69867e-05 1.85411 3.81631
529 9.18934e-06 9.48437e-06 8.85631e-06 3.66864e-05 1.86744 3.80078
530 9.14469e-06 9.3253e-06 8.85631e-06 3.66864e-05 1.86744 3.80078
531 9.17411e-06 8.84476e-06 8.85631e-06 3.66864e-05 1.86744 3.80078
532 9.17812e-06 1.4978e-05 8.85631e-06 3.66864e-05 1.86744 3.80078
533 9.21363e-06 9.84925e-06 8.85631e-06 3.66864e-05 1.86744 3.80078
534 9.17631e-06 9.29512e-06 8.85631e-06 3.66864e-05 1.86744 3.80078
535 9.19436e-06 1.21564e-05 8.85631e-06 3.66864e-05 1.86744 3.80078
536 9.20861e-06 8.98721e-06 8.85631e-06 3.66864e-05 1.86744 3.80078
537 9.20426e-06 1.01883e-05 8.85631e-06 3.66864e-05 1.86744 3.80078
538 9.19098e-06 1.19174e-05 8.85631e-06 3.66864e-05 1.86744 3.80078
539 9.10744e-06 9.23326e-06 8.85631e-06 3.66864e-05 1.86744 3.80078
540 9.22247e-06 1.37042e-05 8.85631e-06 3.66864e-05 1.86744 3.80078
541 9.29715e-06 9.5082e-06 8.85631e-06 3.66864e-05 1.86744 3.80078
542 9.11817e-06 1.61877e-05 8.85631e-06 3.66864e-05 1.86744 3.80078
543 9.21463e-06 9.0722e-06 8.85631e-06 3.66864e-05 1.86744 3.80078
544 9.1436e-06 8.83272e-06 8.85631e-06 3.66864e-05 1.86744 3.80078
545 9.17759e-06 1.69462e-05 8.85631e-06 3.66864e-05 1.86744 3.80078
546 9.23754e-06 1.27563e-05 8.85631e-06 3.66864e-05 1.86744 3.80078
547 9.1842e-06 9.15606e-06 8.85631e-06 3.66864e-05 1.86744 3.80078
548 9.17116e-06 8.80149e-06 8.85631e-06 3.66864e-05 1.86744 3.80078
549 9.25547e-06 1.0801e-05 8.80149e-06 3.6628e-05 1.86165 3.79775
550 9.1887e-06 9.16933e-06 8.80149e-06 3.6628e-05 1.86165 3.79775
551 9.20957e-06 9.41158e-06 8.80149e-06 3.6628e-05 1.86165 3.79775
552 9.2285e-06 9.20925e-06 8.80149e-06 3.6628e-05 1.86165 3.79775
553 9.14255e-06 8.82315e-06 8.80149e-06 3.6628e-05 1.86165 3.79775
554 9.22842e-06 1.07778e-05 8.82315e-06 3.65722e-05 1.86394 3.79486
555 9.15977e-06 1.03198e-05 8.82315e-06 3.65722e-05 1.86394 3.79486
556 9.21947e-06 9.60979e-06 8.82315e-06 3.65722e-05 1.86394 3.79486
557 9.20258e-06 9.40744e-06 8.82315e-06 3.65722e-05 1.86394 3.79486
558 9.17292e-06 1.54093e-05 8.82315e-06 3.65722e-05 1.86394 3.79486
559 9.21695e-06 9.29811e-06 8.82315e-06 3.65722e-05 1.86394 3.79486
560 9.20389e-06 8.77139e-06 8.82315e-06 3.65722e-05 1.86394 3.79486
561 9.23289e-06 9.42775e-06 8.77139e-06 3.65819e-05 1.85847 3.79536
562 9.22112e-06 9.54816e-06 8.77139e-06 3.65819e-05 1.85847 3.79536
563 9.20958e-06 8.90502e-06 8.77139e-06 3.65819e-05 1.85847 3.79536
564 9.21225e-06 8.93702e-06 8.77139e-06 3.65819e-05 1.85847 3.79536
565 9.1929e-06 8.90582e-06 8.77139e-06 3.65819e-05 1.85847 3.79536
566 9.22527e-06 1.41062e-05 8.77139e-06 3.65819e-05 1.85847 3.79536
567 9.23953e-06 8.83279e-06 8.77139e-06 3.65819e-05 1.85847 3.79536
568 9.22772e-06 1.11557e-05 8.77139e-06 3.65819e-05 1.85847 3.79536
569 9.21192e-06 1.09303e-05 8.77139e-06 3.65819e-05 1.85847 3.79536
570 9.19868e-06 8.79069e-06 8.77139e-06 3.65819e-05 1.85847 3.79536
571 9.23133e-06 1.08338e-05 8.79069e-06 3.65114e-05 1.86051 3.7917
572 9.20366e-06 9.82984e-06 8.79069e-06 3.65114e-05 1.86051 3.7917
573 9.20125e-06 1.06163e-05 8.79069e-06 3.65114e-05 1.86051 3.7917
574 9.26142e-06 2.11519e-05 8.79069e-06 3.65114e-05 1.86051 3.7917
575 9.20172e-06 1.13954e-05 8.79069e-06 3.65114e-05 1.86051 3.7917
576 9.18747e-06 9.08967e-06 8.79069e-06 3.65114e-05 1.86051 3.7917
577 9.21857e-06 8.70328e-06 8.79069e-06 3.65114e-05 1.86051 3.7917
578 9.23932e-06 8.80495e-06 8.70328e-06 3.64749e-05 1.85124 3.78981
579 9.18472e-06 1.03402e-05 8.70328e-06 3.64749e-05 1.85124 3.78981
580 9.24813e-06 9.0528e-06 8.70328e-06 3.64749e-05 1.85124 3.78981
581 9.20379e-06 2.21561e-05 8.70328e-06 3.64749e-05 1.85124 3.78981
582 9.2043e-06 1.79689e-05 8.70328e-06 3.64749e-05 1.85124 3.78981
583 9.27063e-06 9.1452e-06 8.70328e-06 3.64749e-05 1.85124 3.78981
584 9.17142e-06 1.21949e-05 8.70328e-06 3.64749e-05 1.85124 3.78981
585 9.21959e-06 8.70608e-06 8.70328e-06 3.64749e-05 1.85124 3.78981
586 9.21359e-06 9.32777e-06 8.70328e-06 3.64749e-05 1.85124 3.78981
587 9.20305e-06 8.99565e-06 8.70328e-06 3.64749e-05 1.85124 3.78981
588 9.23456e-06 9.90482e-06 8.70328e-06 3.64749e-05 1.85124 3.78981
589 9.24904e-06 8.96801e-06 8.70328e-06 3.64749e-05 1.85124 3.78981
590 9.19895e-06 9.39105e-06 8.70328e-06 3.64749e-05 1.85124 3.78981
591 9.22188e-06 9.23057e-06 8.70328e-06 3.64749e-05 1.85124 3.78981
592 9.22844e-06 1.41016e-05 8.70328e-06 3.64749e-05 1.85124 3.78981
593 9.21742e-06 9.29433e-06 8.70328e-06 3.64749e-05 1.85124 3.78981
594 9.20225e-06 9.65262e-06 8.70328e-06 3.64749e-05 1.85124 3.78981
595 9.27859e-06 8.66199e-06 8.70328e-06 3.64749e-05 1.85124 3.78981
596 9.21563e-06 1.05759e-05 8.66199e-06 3.64888e-05 1.84684 3.79053
597 9.20954e-06 1.20948e-05 8.66199e-06 3.64888e-05 1.84684 3.79053
598 9.28594e-06 8.93987e-06 8.66199e-06 3.64888e-05 1.84684 3.79053
599 9.22754e-06 9.77173e-06 8.66199e-06 3.64888e-05 1.84684 3.79053
600 9.20756e-06 1.25962e-05 8.66199e-06 3.64888e-05 1.84684 3.79053
601 9.2291e-06 8.86774e-06 8.66199e-06 3.64888e-05 1.84684 3.79053
602 9.23668e-06 1.11686e-05 8.66199e-06 3.64888e-05 1.84684 3.79053
603 9.21562e-06 9.07205e-06 8.66199e-06 3.64888e-05 1.84684 3.79053
604 9.23043e-06 2.07841e-05 8.66199e-06 3.64888e-05 1.84684 3.79053
605 9.23888e-06 9.50034e-06 8.66199e-06 3.64888e-05 1.84684 3.79053
606 9.22552e-06 9.87957e-06 8.66199e-06 3.64888e-05 1.84684 3.79053
607 9.24014e-06 1.02471e-05 8.66199e-06 3.64888e-05 1.84684 3.79053
608 9.21178e-06 1.01687e-05 8.66199e-06 3.64888e-05 1.84684 3.79053
609 9.24713e-06 9.60614e-06 8.66199e-06 3.64888e-05 1.84684 3.79053
610 9.22525e-06 9.87629e-06 8.66199e-06 3.64888e-05 1.84684 3.79053
611 9.24893e-06 9.11176e-06 8.66199e-06 3.64888e-05 1.84684 3.79053
612 9.19384e-06 1.02269e-05 8.66199e-06 3.64888e-05 1.84684 3.79053
613 9.23062e-06 1.06307e-05 8.66199e-06 3.64888e-05 1.84684 3.79053
614 9.24159e-06 9.40903e-06 8.66199e-06 3.64888e-05 1.84684 3.79053
615 9.24741e-06 9.19537e-06 8.66199e-06 3.64888e-05 1.84684 3.79053
616 9.21276e-06 1.89653e-05 8.66199e-06 3.64888e-05 1.84684 3.79053
617 9.25528e-06 9.65061e-06 8.66199e-06 3.64888e-05 1.84684 3.79053
618 9.195e-06 8.91126e-06 8.66199e-06 3.64888e-05 1.84684 3.79053
619 9.29077e-06 9.8183e-06 8.66199e-06 3.64888e-05 1.84684 3.79053
620 9.19147e-06 1.1774e-05 8.66199e-06 3.64888e-05 1.84684 3.79053
621 9.25831e-06 1.17847e-05 8.66199e-06 3.64888e-05 1.84684 3.79053
622 9.22547e-06 1.06231e-05 8.66199e-06 3.64888e-05 1.84684 3.79053
623 9.28274e-06 9.61519e-06 8.66199e-06 3.64888e-05 1.84684 3.79053
624 9.21561e-06 1.18605e-05 8.66199e-06 3.64888e-05 1.84684 3.79053
625 9.23818e-06 9.42183e-06 8.66199e-06 3.64888e-05 1.84684 3.79053
626 9.25154e-06 9.44586e-06 8.66199e-06 3.64888e-05 1.84684 3.79053
627 9.25109e-06 2.09587e-05 8.66199e-06 3.64888e-05 1.84684 3.79053
628 9.19457e-06 9.35414e-06 8.66199e-06 3.64888e-05 1.84684 3.79053
629 9.2105e-06 9.54965e-06 8.66199e-06 3.64888e-05 1.84684 3.79053
630 9.24631e-06 8.69447e-06 8.66199e-06 3.64888e-05 1.84684 3.79053
631 9.2384e-06 1.04482e-05 8.66199e-06 3.64888e-05 1.84684 3.79053
632 9.23354e-06 2.35574e-05 8.66199e-06 3.64888e-05 1.84684 3.79053
633 9.27342e-06 9.35545e-06 8.66199e-06 3.64888e-05 1.84684 3.79053
634 9.21127e-06 9.63648e-06 8.66199e-06 3.64888e-05 1.84684 3.79053
635 9.28268e-06 1.49078e-05 8.66199e-06 3.64888e-05 1.84684 3.79053
636 7.21265e-06 8.51716e-06 8.66199e-06 3.64888e-05 1.84684 3.79053
637 7.39394e-06 9.1561e-06 8.51716e-06 3.60064e-05 1.83133 3.76539
638 7.37887e-06 8.64137e-06 8.51716e-06 3.60064e-05 1.83133 3.76539
639 7.40831e-06 8.90519e-06 8.51716e-06 3.60064e-05 1.83133 3.76539
640 7.39443e-06 8.92033e-06 8.51716e-06 3.60064e-05 1.83133 3.76539
641 7.40715e-06 8.43531e-06 8.51716e-06 3.60064e-05 1.83133 3.76539
642 7.42656e-06 1.04653e-05 8.43531e-06 3.59395e-05 1.82251 3.76189
643 7.40478e-06 9.22791e-06 8.43531e-06 3.59395e-05 1.82251 3.76189
644 7.41064e-06 8.66482e-06 8.43531e-06 3.59395e-05 1.82251 3.76189
645 7.4298e-06 9.3885e-06 8.43531e-06 3.59395e-05 1.82251 3.76189
646 7.43723e-06 9.05226e-06 8.43531e-06 3.59395e-05 1.82251 3.76189
647 7.41025e-06 9.69337e-06 8.43531e-06 3.59395e-05 1.82251 3.76189
648 7.46392e-06 8.48396e-06 8.43531e-06 3.59395e-05 1.82251 3.76189
649 7.42961e-06 8.41609e-06 8.48396e-06 3.57417e-05 1.82776 3.75153
650 7.41764e-06 8.68581e-06 8.41609e-06 3.57859e-05 1.82044 3.75384
651 7.43124e-06 8.42927e-06 8.41609e-06 3.57859e-05 1.82044 3.75384
652 7.43944e-06 8.61138e-06 8.42927e-06 3.56591e-05 1.82186 3.74719
653 7.45568e-06 8.54297e-06 8.42927e-06 3.56591e-05 1.82186 3.74719
654 7.44313e-06 9.69743e-06 8.42927e-06 3.56591e-05 1.82186 3.74719
655 7.45212e-06 9.54856e-06 8.42927e-06 3.56591e-05 1.82186 3.74719
656 7.44653e-06 9.00437e-06 8.42927e-06 3.56591e-05 1.82186 3.74719
657 7.48324e-06 8.57487e-06 8.42927e-06 3.56591e-05 1.82186 3.74719
658 7.48042e-06 9.12709e-06 8.42927e-06 3.56591e-05 1.82186 3.74719
659 7.48563e-06 8.4178e-06 8.42927e-06 3.56591e-05 1.82186 3.74719
660 7.49642e-06 8.50538e-06 8.4178e-06 3.56623e-05 1.82062 3.74735
661 7.48356e-06 8.66171e-06 8.4178e-06 3.56623e-05 1.82062 3.74735
662 7.51896e-06 8.59023e-06 8.4178e-06 3.56623e-05 1.82062 3.74735
663 7.47846e-06 8.58064e-06 8.4178e-06 3.56623e-05 1.82062 3.74735
664 7.48593e-06 8.49751e-06 8.4178e-06 3.56623e-05 1.82062 3.74735
665 7.50244e-06 8.50566e-06 8.4178e-06 3.56623e-05 1.82062 3.74735
666 7.49933e-06 9.29222e-06 8.4178e-06 3.56623e-05 1.82062 3.74735
667 7.50136e-06 9.44966e-06 8.4178e-06 3.56623e-05 1.82062 3.74735
668 7.50457e-06 8.9813e-06 8.4178e-06 3.56623e-05 1.82062 3.74735
669 7.50577e-06 8.39355e-06 8.4178e-06 3.56623e-05 1.82062 3.74735
670 7.52128e-06 8.53331e-06 8.39355e-06 3.56282e-05 1.818 3.74557
671 7.5108e-06 8.54933e-06 8.39355e-06 3.56282e-05 1.818 3.74557
672 7.51827e-06 1.15569e-05 8.39355e-06 3.56282e-05 1.818 3.74557
673 7.54712e-06 9.6762e-06 8.39355e-06 3.56282e-05 1.818 3.74557
674 7.53047e-06 8.65503e-06 8.39355e-06 3.56282e-05 1.818 3.74557
675 7.52008e-06 9.61637e-06 8.39355e-06 3.56282e-05 1.818 3.74557
676 7.55692e-06 8.50921e-06 8.39355e-06 3.56282e-05 1.818 3.74557
677 7.54292e-06 9.83819e-06 8.39355e-06 3.56282e-05 1.818 3.74557
678 7.53078e-06 8.6311e-06 8.39355e-06 3.56282e-05 1.818 3.74557
679 7.53407e-06 8.64606e-06 8.39355e-06 3.56282e-05 1.818 3.74557
680 7.53639e-06 8.55097e-06 8.39355e-06 3.56282e-05 1.818 3.74557
681 7.58968e-06 9.48777e-06 8.39355e-06 3.56282e-05 1.818 3.74557
682 7.55858e-06 8.49696e-06 8.39355e-06 3.56282e-05 1.818 3.74557
683 7.56159e-06 9.01897e-06 8.39355e-06 3.56282e-05 1.818 3.74557
684 7.55356e-06 1.08955e-05 8.39355e-06 3.56282e-05 1.818 3.74557
685 7.55619e-06 8.6055e-06 8.39355e-06 3.56282e-05 1.818 3.74557
686 7.59858e-06 8.65358e-06 8.39355e-06 3.56282e-05 1.818 3.74557
687 7.5675e-06 9.67949e-06 8.39355e-06 3.56282e-05 1.818 3.74557
688 7.56054e-06 8.61282e-06 8.39355e-06 3.56282e-05 1.818 3.74557
689 7.60351e-06 1.10621e-05 8.39355e-06 3.56282e-05 1.818 3.74557
690 7.5563e-06 9.90567e-06 8.39355e-06 3.56282e-05 1.818 3.74557
691 7.5785e-06 1.1879e-05 8.39355e-06 3.56282e-05 1.818 3.74557
692 7.60189e-06 9.11246e-06 8.39355e-06 3.56282e-05 1.818 3.74557
693 7.6004e-06 1.04767e-05 8.39355e-06 3.56282e-05 1.818 3.74557
694 7.59799e-06 8.69676e-06 8.39355e-06 3.56282e-05 1.818 3.74557
695 7.57876e-06 8.52908e-06 8.39355e-06 3.56282e-05 1.818 3.74557
696 7.62067e-06 8.90431e-06 8.39355e-06 3.56282e-05 1.818 3.74557
697 7.58515e-06 9.55815e-06 8.39355e-06 3.56282e-05 1.818 3.74557
698 7.61837e-06 8.92901e-06 8.39355e-06 3.56282e-05 1.818 3.74557
699 7.59079e-06 8.85854e-06 8.39355e-06 3.56282e-05 1.818 3.74557
700 7.60706e-06 8.44687e-06 8.39355e-06 3.56282e-05 1.818 3.74557
701 7.64066e-06 8.61831e-06 8.44687e-06 3.54517e-05 1.82376 3.73627
702 7.63273e-06 8.61545e-06 8.44687e-06 3.54517e-05 1.82376 3.73627
703 7.59821e-06 8.40303e-06 8.44687e-06 3.54517e-05 1.82376 3.73627
704 7.63076e-06 8.82379e-06 8.40303e-06 3.54635e-05 1.81902 3.7369
705 7.61018e-06 8.47119e-06 8.40303e-06 3.54635e-05 1.81902 3.7369
706 7.62744e-06 8.4583e-06 8.40303e-06 3.54635e-05 1.81902 3.7369
707 7.63641e-06 9.33593e-06 8.40303e-06 3.54635e-05 1.81902 3.7369
708 7.62406e-06 9.13189e-06 8.40303e-06 3.54635e-05 1.81902 3.7369
709 7.64107e-06 9.0328e-06 8.40303e-06 3.54635e-05 1.81902 3.7369
710 7.63931e-06 8.76579e-06 8.40303e-06 3.54635e-05 1.81902 3.7369
711 7.66621e-06 1.00175e-05 8.40303e-06 3.54635e-05 1.81902 3.7369
712 7.63921e-06 8.7624e-06 8.40303e-06 3.54635e-05 1.81902 3.7369
713 7.6477e-06 8.86198e-06 8.40303e-06 3.54635e-05 1.81902 3.7369
714 7.66143e-06 8.55793e-06 8.40303e-06 3.54635e-05 1.81902 3.7369
715 7.65473e-06 8.71514e-06 8.40303e-06 3.54635e-05 1.81902 3.7369
716 7.6386e-06 8.66486e-06 8.40303e-06 3.54635e-05 1.81902 3.7369
717 7.65964e-06 8.58976e-06 8.40303e-06 3.54635e-05 1.81902 3.7369
718 7.67982e-06 1.3884e-05 8.40303e-06 3.54635e-05 1.81902 3.7369
719 7.66364e-06 8.60092e-06 8.40303e-06 3.54635e-05 1.81902 3.7369
720 7.67939e-06 1.49325e-05 8.40303e-06 3.54635e-05 1.81902 3.7369
721 7.6762e-06 8.60589e-06 8.40303e-06 3.54635e-05 1.81902 3.7369
722 7.65744e-06 8.46922e-06 8.40303e-06 3.54635e-05 1.81902 3.7369
723 7.68711e-06 8.63128e-06 8.46922e-06 3.5327e-05 1.82617 3.7297
724 7.66924e-06 8.94647e-06 8.46922e-06 3.5327e-05 1.82617 3.7297
725 7.6937e-06 1.2414e-05 8.46922e-06 3.5327e-05 1.82617 3.7297
726 7.66137e-06 9.73659e-06 8.46922e-06 3.5327e-05 1.82617 3.7297
727 7.67154e-06 1.27134e-05 8.46922e-06 3.5327e-05 1.82617 3.7297
728 7.69762e-06 8.57824e-06 8.46922e-06 3.5327e-05 1.82617 3.7297
729 7.71742e-06 8.96176e-06 8.46922e-06 3.5327e-05 1.82617 3.7297
730 7.6869e-06 1.05742e-05 8.46922e-06 3.5327e-05 1.82617 3.7297
731 7.68808e-06 1.00177e-05 8.46922e-06 3.5327e-05 1.82617 3.7297
732 7.70085e-06 9.13092e-06 8.46922e-06 3.5327e-05 1.82617 3.7297
733 7.72396e-06 8.87919e-06 8.46922e-06 3.5327e-05 1.82617 3.7297
734 7.684e-06 8.78834e-06 8.46922e-06 3.5327e-05 1.82617 3.7297
735 7.70841e-06 9.42054e-06 8.46922e-06 3.5327e-05 1.82617 3.7297
736 7.71677e-06 8.48676e-06 8.46922e-06 3.5327e-05 1.82617 3.7297
737 7.70836e-06 8.83573e-06 8.46922e-06 3.5327e-05 1.82617 3.7297
738 7.711e-06 8.54117e-06 8.46922e-06 3.5327e-05 1.82617 3.7297
739 7.73103e-06 8.55231e-06 8.46922e-06 3.5327e-05 1.82617 3.7297
740 7.69164e-06 8.63599e-06 8.46922e-06 3.5327e-05 1.82617 3.7297
741 7.71477e-06 8.79443e-06 8.46922e-06 3.5327e-05 1.82617 3.7297
742 7.7127e-06 8.52565e-06 8.46922e-06 3.5327e-05 1.82617 3.7297
743 7.73909e-06 9.05267e-06 8.46922e-06 3.5327e-05 1.82617 3.7297
744 7.72394e-06 8.5712e-06 8.46922e-06 3.5327e-05 1.82617 3.7297
745 7.74659e-06 8.47254e-06 8.46922e-06 3.5327e-05 1.82617 3.7297
746 7.70372e-06 8.93672e-06 8.47254e-06 3.5275e-05 1.82653 3.72695
747 7.73742e-06 8.40896e-06 8.47254e-06 3.5275e-05 1.82653 3.72695
748 7.73802e-06 9.99913e-06 8.40896e-06 3.52247e-05 1.81966 3.7243
749 7.74639e-06 9.20773e-06 8.40896e-06 3.52247e-05 1.81966 3.7243
750 7.72709e-06 8.3432e-06 8.40896e-06 3.52247e-05 1.81966 3.7243
751 7.75605e-06 8.58608e-06 8.3432e-06 3.51609e-05 1.81254 3.72092
752 7.78004e-06 9.8987e-06 8.3432e-06 3.51609e-05 1.81254 3.72092
753 7.71143e-06 9.27999e-06 8.3432e-06 3.51609e-05 1.81254 3.72092
754 7.7701e-06 1.00479e-05 8.3432e-06 3.51609e-05 1.81254 3.72092
755 7.76465e-06 9.32122e-06 8.3432e-06 3.51609e-05 1.81254 3.72092
756 7.77735e-06 8.79989e-06 8.3432e-06 3.51609e-05 1.81254 3.72092
757 7.77666e-06 1.1241e-05 8.3432e-06 3.51609e-05 1.81254 3.72092
758 7.7463e-06 9.74944e-06 8.3432e-06 3.51609e-05 1.81254 3.72092
759 7.76063e-06 9.1499e-06 8.3432e-06 3.51609e-05 1.81254 3.72092
760 7.77228e-06 8.57808e-06 8.3432e-06 3.51609e-05 1.81254 3.72092
761 7.76317e-06 8.72084e-06 8.3432e-06 3.51609e-05 1.81254 3.72092
762 7.77577e-06 8.70704e-06 8.3432e-06 3.51609e-05 1.81254 3.72092
763 7.76285e-06 9.24516e-06 8.3432e-06 3.51609e-05 1.81254 3.72092
764 7.7696e-06 8.99925e-06 8.3432e-06 3.51609e-05 1.81254 3.72092
765 7.76102e-06 8.67108e-06 8.3432e-06 3.51609e-05 1.81254 3.72092
766 7.78965e-06 9.81927e-06 8.3432e-06 3.51609e-05 1.81254 3.72092
767 7.79254e-06 9.05623e-06 8.3432e-06 3.51609e-05 1.81254 3.72092
768 7.75023e-06 8.47543e-06 8.3432e-06 3.51609e-05 1.81254 3.72092
769 7.77985e-06 8.56193e-06 8.3432e-06 3.51609e-05 1.81254 3.72092
770 7.79837e-06 1.28536e-05 8.3432e-06 3.51609e-05 1.81254 3.72092
771 7.76558e-06 8.7986e-06 8.3432e-06 3.51609e-05 1.81254 3.72092
772 7.77567e-06 9.49429e-06 8.3432e-06 3.51609e-05 1.81254 3.72092
773 7.80499e-06 8.63375e-06 8.3432e-06 3.51609e-05 1.81254 3.72092
774 7.77141e-06 9.39832e-06 8.3432e-06 3.51609e-05 1.81254 3.72092
775 7.78167e-06 8.63081e-06 8.3432e-06 3.51609e-05 1.81254 3.72092
776 7.77455e-06 9.00571e-06 8.3432e-06 3.51609e-05 1.81254 3.72092
777 7.79802e-06 1.09697e-05 8.3432e-06 3.51609e-05 1.81254 3.72092
778 7.79961e-06 1.11999e-05 8.3432e-06 3.51609e-05 1.81254 3.72092
779 7.79117e-06 8.71182e-06 8.3432e-06 3.51609e-05 1.81254 3.72092
780 7.79538e-06 8.90099e-06 8.3432e-06 3.51609e-05 1.81254 3.72092
781 7.82012e-06 1.06705e-05 8.3432e-06 3.51609e-05 1.81254 3.72092
782 7.78681e-06 9.16492e-06 8.3432e-06 3.51609e-05 1.81254 3.72092
783 7.8129e-06 1.19435e-05 8.3432e-06 3.51609e-05 1.81254 3.72092
784 7.83047e-06 8.92655e-06 8.3432e-06 3.51609e-05 1.81254 3.72092
785 7.78596e-06 8.836e-06 8.3432e-06 3.51609e-05 1.81254 3.72092
786 7.82581e-06 1.03952e-05 8.3432e-06 3.51609e-05 1.81254 3.72092
787 7.8118e-06 9.68185e-06 8.3432e-06 3.51609e-05 1.81254 3.72092
788 7.82335e-06 8.61539e-06 8.3432e-06 3.51609e-05 1.81254 3.72092
789 7.81978e-06 1.27757e-05 8.3432e-06 3.51609e-05 1.81254 3.72092
790 7.8321e-06 9.34824e-06 8.3432e-06 3.51609e-05 1.81254 3.72092
791 6.82775e-06 8.26783e-06 8.3432e-06 3.51609e-05 1.81254 3.72092
792 6.91825e-06 8.29889e-06 8.26783e-06 3.49804e-05 1.80433 3.71136
793 6.88387e-06 8.26693e-06 8.26783e-06 3.49804e-05 1.80433 3.71136
794 6.90752e-06 8.43126e-06 8.26783e-06 3.49804e-05 1.80433 3.71136
795 6.91565e-06 8.70116e-06 8.26783e-06 3.49804e-05 1.80433 3.71136
796 6.91734e-06 8.3874e-06 8.26783e-06 3.49804e-05 1.80433 3.71136
797 6.91785e-06 8.44388e-06 8.26783e-06 3.49804e-05 1.80433 3.71136
798 6.91709e-06 8.23926e-06 8.26783e-06 3.49804e-05 1.80433 3.71136
799 6.91751e-06 8.30962e-06 8.23926e-06 3.49298e-05 1.80121 3.70867
800 6.93399e-06 8.31805e-06 8.23926e-06 3.49298e-05 1.80121 3.70867
801 6.9228e-06 8.54163e-06 8.23926e-06 3.49298e-05 1.80121 3.70867
802 6.94361e-06 8.48416e-06 8.23926e-06 3.49298e-05 1.80121 3.70867
803 6.92608e-06 8.35957e-06 8.23926e-06 3.49298e-05 1.80121 3.70867
804 6.95864e-06 8.28259e-06 8.23926e-06 3.49298e-05 1.80121 3.70867
805 6.95194e-06 8.34512e-06 8.28259e-06 3.4842e-05 1.80594 3.70401
806 6.94629e-06 1.32921e-05 8.28259e-06 3.4842e-05 1.80594 3.70401
807 6.95776e-06 9.29909e-06 8.28259e-06 3.4842e-05 1.80594 3.70401
808 6.95801e-06 8.83885e-06 8.28259e-06 3.4842e-05 1.80594 3.70401
809 6.96916e-06 8.35922e-06 8.28259e-06 3.4842e-05 1.80594 3.70401
810 6.95676e-06 8.30267e-06 8.28259e-06 3.4842e-05 1.80594 3.70401
811 6.96288e-06 8.41246e-06 8.28259e-06 3.4842e-05 1.80594 3.70401
812 6.96479e-06 9.08156e-06 8.28259e-06 3.4842e-05 1.80594 3.70401
813 6.98456e-06 8.22453e-06 8.28259e-06 3.4842e-05 1.80594 3.70401
814 6.97231e-06 8.72894e-06 8.22453e-06 3.48913e-05 1.7996 3.70662
815 6.98935e-06 8.63659e-06 8.22453e-06 3.48913e-05 1.7996 3.70662
816 6.98092e-06 8.3568e-06 8.22453e-06 3.48913e-05 1.7996 3.70662
817 6.98484e-06 9.48815e-06 8.22453e-06 3.48913e-05 1.7996 3.70662
818 7.00962e-06 8.38784e-06 8.22453e-06 3.48913e-05 1.7996 3.70662
819 6.99822e-06 8.62368e-06 8.22453e-06 3.48913e-05 1.7996 3.70662
820 6.99497e-06 8.61376e-06 8.22453e-06 3.48913e-05 1.7996 3.70662
821 6.99363e-06 8.47609e-06 8.22453e-06 3.48913e-05 1.7996 3.70662
822 7.0064e-06 8.46553e-06 8.22453e-06 3.48913e-05 1.7996 3.70662
823 7.00418e-06 8.59942e-06 8.22453e-06 3.48913e-05 1.7996 3.70662
824 7.00416e-06 8.93153e-06 8.22453e-06 3.48913e-05 1.7996 3.70662
825 7.01453e-06 8.71344e-06 8.22453e-06 3.48913e-05 1.7996 3.70662
826 7.0176e-06 8.43988e-06 8.22453e-06 3.48913e-05 1.7996 3.70662
827 7.01623e-06 1.03845e-05 8.22453e-06 3.48913e-05 1.7996 3.70662
828 7.02598e-06 8.73712e-06 8.22453e-06 3.48913e-05 1.7996 3.70662
829 7.02953e-06 8.34922e-06 8.22453e-06 3.48913e-05 1.7996 3.70662
830 7.02997e-06 8.60316e-06 8.22453e-06 3.48913e-05 1.7996 3.70662
831 7.02561e-06 8.49927e-06 8.22453e-06 3.48913e-05 1.7996 3.70662
832 7.04556e-06 8.43088e-06 8.22453e-06 3.48913e-05 1.7996 3.70662
833 7.03025e-06 8.42104e-06 8.22453e-06 3.48913e-05 1.7996 3.70662
834 7.04289e-06 8.33642e-06 8.22453e-06 3.48913e-05 1.7996 3.70662
835 7.0341e-06 8.21296e-06 8.22453e-06 3.48913e-05 1.7996 3.70662
836 7.04085e-06 8.7895e-06 8.21296e-06 3.48166e-05 1.79833 3.70266
837 7.05666e-06 9.11017e-06 8.21296e-06 3.48166e-05 1.79833 3.70266
838 7.06759e-06 8.76669e-06 8.21296e-06 3.48166e-05 1.79833 3.70266
839 7.06265e-06 8.32392e-06 8.21296e-06 3.48166e-05 1.79833 3.70266
840 7.05531e-06 8.37454e-06 8.21296e-06 3.48166e-05 1.79833 3.70266
841 7.06831e-06 9.47806e-06 8.21296e-06 3.48166e-05 1.79833 3.70266
842 7.06152e-06 8.81441e-06 8.21296e-06 3.48166e-05 1.79833 3.70266
843 7.07408e-06 1.01635e-05 8.21296e-06 3.48166e-05 1.79833 3.70266
844 7.06349e-06 8.32207e-06 8.21296e-06 3.48166e-05 1.79833 3.70266
845 7.08499e-06 1.02971e-05 8.21296e-06 3.48166e-05 1.79833 3.70266
846 7.05608e-06 8.4985e-06 8.21296e-06 3.48166e-05 1.79833 3.70266
847 7.09219e-06 8.50597e-06 8.21296e-06 3.48166e-05 1.79833 3.70266
848 7.06401e-06 8.85662e-06 8.21296e-06 3.48166e-05 1.79833 3.70266
849 7.08517e-06 9.11004e-06 8.21296e-06 3.48166e-05 1.79833 3.70266
850 7.09403e-06 8.58738e-06 8.21296e-06 3.48166e-05 1.79833 3.70266
851 7.09434e-06 8.34863e-06 8.21296e-06 3.48166e-05 1.79833 3.70266
852 7.11411e-06 8.35738e-06 8.21296e-06 3.48166e-05 1.79833 3.70266
853 7.08082e-06 8.49794e-06 8.21296e-06 3.48166e-05 1.79833 3.70266
854 7.1064e-06 8.35571e-06 8.21296e-06 3.48166e-05 1.79833 3.70266
855 7.1049e-06 9.3623e-06 8.21296e-06 3.48166e-05 1.79833 3.70266
856 7.0981e-06 8.5748e-06 8.21296e-06 3.48166e-05 1.79833 3.70266
857 7.11761e-06 8.40399e-06 8.21296e-06 3.48166e-05 1.79833 3.70266
858 7.11193e-06 8.42038e-06 8.21296e-06 3.48166e-05 1.79833 3.70266
859 7.1116e-06 9.38408e-06 8.21296e-06 3.48166e-05 1.79833 3.70266
860 7.13616e-06 8.45761e-06 8.21296e-06 3.48166e-05 1.79833 3.70266
861 7.09516e-06 8.54458e-06 8.21296e-06 3.48166e-05 1.79833 3.70266
862 7.12795e-06 9.14182e-06 8.21296e-06 3.48166e-05 1.79833 3.70266
863 7.13102e-06 9.08245e-06 8.21296e-06 3.48166e-05 1.79833 3.70266
864 7.12964e-06 8.36013e-06 8.21296e-06 3.48166e-05 1.79833 3.70266
865 7.11242e-06 8.91401e-06 8.21296e-06 3.48166e-05 1.79833 3.70266
866 7.148e-06 8.48676e-06 8.21296e-06 3.48166e-05 1.79833 3.70266
867 7.12218e-06 8.65844e-06 8.21296e-06 3.48166e-05 1.79833 3.70266
868 7.14331e-06 1.03482e-05 8.21296e-06 3.48166e-05 1.79833 3.70266
869 7.14635e-06 8.52498e-06 8.21296e-06 3.48166e-05 1.79833 3.70266
870 7.15163e-06 8.3174e-06 8.21296e-06 3.48166e-05 1.79833 3.70266
871 7.14669e-06 8.56884e-06 8.21296e-06 3.48166e-05 1.79833 3.70266
872 7.15986e-06 1.07082e-05 8.21296e-06 3.48166e-05 1.79833 3.70266
873 7.15937e-06 8.35589e-06 8.21296e-06 3.48166e-05 1.79833 3.70266
874 7.15261e-06 8.42917e-06 8.21296e-06 3.48166e-05 1.79833 3.70266
875 7.16977e-06 8.31532e-06 8.21296e-06 3.48166e-05 1.79833 3.70266
876 6.66911e-06 8.35864e-06 8.21296e-06 3.48166e-05 1.79833 3.70266
877 6.70327e-06 8.22138e-06 8.21296e-06 3.48166e-05 1.79833 3.70266
878 6.7009e-06 8.2173e-06 8.22138e-06 3.46518e-05 1.79925 3.69388
879 6.71388e-06 8.1819e-06 8.22138e-06 3.46518e-05 1.79925 3.69388
880 6.71654e-06 9.7089e-06 8.1819e-06 3.46671e-05 1.79493 3.6947
881 6.72409e-06 8.27095e-06 8.1819e-06 3.46671e-05 1.79493 3.6947
882 6.72361e-06 8.91283e-06 8.1819e-06 3.46671e-05 1.79493 3.6947
883 6.72274e-06 8.25245e-06 8.1819e-06 3.46671e-05 1.79493 3.6947
884 6.73233e-06 8.28039e-06 8.1819e-06 3.46671e-05 1.79493 3.6947
885 6.73996e-06 8.22579e-06 8.1819e-06 3.46671e-05 1.79493 3.6947
886 6.74351e-06 8.24624e-06 8.1819e-06 3.46671e-05 1.79493 3.6947
887 6.74304e-06 8.21505e-06 8.1819e-06 3.46671e-05 1.79493 3.6947
888 6.7489e-06 8.46709e-06 8.1819e-06 3.46671e-05 1.79493 3.6947
889 6.75809e-06 8.25617e-06 8.1819e-06 3.46671e-05 1.79493 3.6947
890 6.76232e-06 8.21307e-06 8.1819e-06 3.46671e-05 1.79493 3.6947
891 6.76296e-06 8.37489e-06 8.1819e-06 3.46671e-05 1.79493 3.6947
892 6.77652e-06 8.31703e-06 8.1819e-06 3.46671e-05 1.79493 3.6947
893 6.77632e-06 8.34276e-06 8.1819e-06 3.46671e-05 1.79493 3.6947
894 6.77986e-06 8.40104e-06 8.1819e-06 3.46671e-05 1.79493 3.6947
895 6.77014e-06 8.46732e-06 8.1819e-06 3.46671e-05 1.79493 3.6947
896 6.78804e-06 8.40263e-06 8.1819e-06 3.46671e-05 1.79493 3.6947
897 6.77505e-06 8.63704e-06 8.1819e-06 3.46671e-05 1.79493 3.6947
898 6.79638e-06 8.50531e-06 8.1819e-06 3.46671e-05 1.79493 3.6947
899 6.78664e-06 8.43074e-06 8.1819e-06 3.46671e-05 1.79493 3.6947
900 6.79354e-06 8.25813e-06 8.1819e-06 3.46671e-05 1.79493 3.6947
901 6.79079e-06 8.28724e-06 8.1819e-06 3.46671e-05 1.79493 3.6947
902 6.80884e-06 8.21268e-06 8.1819e-06 3.46671e-05 1.79493 3.6947
903 6.81144e-06 8.27723e-06 8.1819e-06 3.46671e-05 1.79493 3.6947
904 6.80933e-06 8.37624e-06 8.1819e-06 3.46671e-05 1.79493 3.6947
905 6.82127e-06 8.25184e-06 8.1819e-06 3.46671e-05 1.79493 3.6947
906 6.81297e-06 8.3094e-06 8.1819e-06 3.46671e-05 1.79493 3.6947
907 6.82593e-06 8.28615e-06 8.1819e-06 3.46671e-05 1.79493 3.6947
908 6.82251e-06 8.35798e-06 8.1819e-06 3.46671e-05 1.79493 3.6947
909 6.82293e-06 8.37238e-06 8.1819e-06 3.46671e-05 1.79493 3.6947
910 6.82725e-06 8.30653e-06 8.1819e-06 3.46671e-05 1.79493 3.6947
911 6.83989e-06 8.97467e-06 8.1819e-06 3.46671e-05 1.79493 3.6947
912 6.84297e-06 8.30795e-06 8.1819e-06 3.46671e-05 1.79493 3.6947
913 6.85039e-06 8.44292e-06 8.1819e-06 3.46671e-05 1.79493 3.6947
914 6.84761e-06 8.4284e-06 8.1819e-06 3.46671e-05 1.79493 3.6947
915 6.85288e-06 8.32025e-06 8.1819e-06 3.46671e-05 1.79493 3.6947
916 6.85244e-06 8.41255e-06 8.1819e-06 3.46671e-05 1.79493 3.6947
917 6.85664e-06 8.31091e-06 8.1819e-06 3.46671e-05 1.79493 3.6947
918 6.86571e-06 8.59416e-06 8.1819e-06 3.46671e-05 1.79493 3.6947
919 6.86268e-06 9.13409e-06 8.1819e-06 3.46671e-05 1.79493 3.6947
920 6.62339e-06 8.39136e-06 8.1819e-06 3.46671e-05 1.79493 3.6947
921 6.63785e-06 8.15181e-06 8.1819e-06 3.46671e-05 1.79493 3.6947
922 6.64316e-06 8.17261e-06 8.15181e-06 3.46791e-05 1.79163 3.69534
923 6.64446e-06 8.20143e-06 8.15181e-06 3.46791e-05 1.79163 3.69534
924 6.65228e-06 8.20057e-06 8.15181e-06 3.46791e-05 1.79163 3.69534
925 6.66268e-06 8.39597e-06 8.15181e-06 3.46791e-05 1.79163 3.69534
926 6.66095e-06 8.40047e-06 8.15181e-06 3.46791e-05 1.79163 3.69534
927 6.67245e-06 8.28355e-06 8.15181e-06 3.46791e-05 1.79163 3.69534
928 6.67345e-06 8.24064e-06 8.15181e-06 3.46791e-05 1.79163 3.69534
929 6.68149e-06 8.2397e-06 8.15181e-06 3.46791e-05 1.79163 3.69534
930 6.68852e-06 8.2283e-06 8.15181e-06 3.46791e-05 1.79163 3.69534
931 6.68854e-06 8.1965e-06 8.15181e-06 3.46791e-05 1.79163 3.69534
932 6.69111e-06 8.54438e-06 8.15181e-06 3.46791e-05 1.79163 3.69534
933 6.70796e-06 8.23962e-06 8.15181e-06 3.46791e-05 1.79163 3.69534
934 6.7093e-06 8.39612e-06 8.15181e-06 3.46791e-05 1.79163 3.69534
935 6.7105e-06 8.23523e-06 8.15181e-06 3.46791e-05 1.79163 3.69534
936 6.7146e-06 8.46037e-06 8.15181e-06 3.46791e-05 1.79163 3.69534
937 6.72235e-06 8.28278e-06 8.15181e-06 3.46791e-05 1.79163 3.69534
938 6.72915e-06 8.38084e-06 8.15181e-06 3.46791e-05 1.79163 3.69534
939 6.73162e-06 8.63315e-06 8.15181e-06 3.46791e-05 1.79163 3.69534
940 6.73674e-06 8.26959e-06 8.15181e-06 3.46791e-05 1.79163 3.69534
941 6.74264e-06 9.03426e-06 8.15181e-06 3.46791e-05 1.79163 3.69534
942 6.7533e-06 8.23997e-06 8.15181e-06 3.46791e-05 1.79163 3.69534
943 6.75615e-06 8.27731e-06 8.15181e-06 3.46791e-05 1.79163 3.69534
944 6.75823e-06 8.41296e-06 8.15181e-06 3.46791e-05 1.79163 3.69534
945 6.76128e-06 8.45516e-06 8.15181e-06 3.46791e-05 1.79163 3.69534
946 6.76486e-06 8.27558e-06 8.15181e-06 3.46791e-05 1.79163 3.69534
947 6.7729e-06 8.27079e-06 8.15181e-06 3.46791e-05 1.79163 3.69534
948 6.77601e-06 8.3155e-06 8.15181e-06 3.46791e-05 1.79163 3.69534
949 6.78462e-06 8.3026e-06 8.15181e-06 3.46791e-05 1.79163 3.69534
950 6.79001e-06 8.2593e-06 8.15181e-06 3.46791e-05 1.79163 3.69534
951 6.78862e-06 8.32786e-06 8.15181e-06 3.46791e-05 1.79163 3.69534
952 6.80263e-06 8.38665e-06 8.15181e-06 3.46791e-05 1.79163 3.69534
953 6.80338e-06 8.2311e-06 8.15181e-06 3.46791e-05 1.79163 3.69534
954 6.81299e-06 8.31178e-06 8.15181e-06 3.46791e-05 1.79163 3.69534
955 6.82085e-06 8.47957e-06 8.15181e-06 3.46791e-05 1.79163 3.69534
956 6.80657e-06 8.4108e-06 8.15181e-06 3.46791e-05 1.79163 3.69534
957 6.82615e-06 8.66736e-06 8.15181e-06 3.46791e-05 1.79163 3.69534
958 6.8291e-06 8.26506e-06 8.15181e-06 3.46791e-05 1.79163 3.69534
959 6.83458e-06 8.28807e-06 8.15181e-06 3.46791e-05 1.79163 3.69534
960 6.83675e-06 8.3356e-06 8.15181e-06 3.46791e-05 1.79163 3.69534
961 6.84026e-06 8.37372e-06 8.15181e-06 3.46791e-05 1.79163 3.69534
