1 0.00386856 0.000585454 1.79769e+308 1.79769e+308 inf inf
2 0.000357888 0.000397429 1.79769e+308 1.79769e+308 inf inf
3 0.000236257 0.000305573 0.000397429 1.79769e+308 12.5098 inf
4 0.000181018 0.000221311 0.000305573 1.79769e+308 10.9693 inf
5 0.000118746 0.000164509 0.000221311 1.79769e+308 9.33517 inf
6 0.00464447 0.000567971 0.000164509 1.79769e+308 8.0485 inf
7 0.00022794 0.000276445 0.000164509 1.79769e+308 8.0485 inf
8 0.000185574 0.000230394 0.000164509 1.79769e+308 8.0485 inf
9 0.000159408 0.000182929 0.000164509 1.79769e+308 8.0485 inf
10 0.000123771 0.000160585 0.000164509 1.79769e+308 8.0485 inf
11 8.73e-05 0.00013021 0.000160585 1.79769e+308 7.95193 inf
12 0.00135903 0.00023867 0.00013021 1.79769e+308 7.16049 inf
13 0.000143503 0.000196391 0.00013021 1.79769e+308 7.16049 inf
14 0.000109398 0.000152097 0.00013021 1.79769e+308 7.16049 inf
15 8.99956e-05 0.000121992 0.00013021 1.79769e+308 7.16049 inf
16 7.25358e-05 0.000115085 0.000121992 1.79769e+308 6.93083 inf
17 6.28066e-05 9.52751e-05 0.000115085 1.79769e+308 6.73177 inf
18 0.00130941 0.000226611 9.52751e-05 1.79769e+308 6.12505 inf
19 0.000126833 0.000173093 9.52751e-05 1.79769e+308 6.12505 inf
20 0.000103525 0.000153681 9.52751e-05 1.79769e+308 6.12505 inf
21 8.34658e-05 0.000120272 9.52751e-05 1.79769e+308 6.12505 inf
22 6.76665e-05 0.000101134 9.52751e-05 1.79769e+308 6.12505 inf
23 0.000650141 0.000162714 9.52751e-05 1.79769e+308 6.12505 inf
24 8.40342e-05 0.000227831 9.52751e-05 1.79769e+308 6.12505 inf
25 7.71914e-05 0.000106494 9.52751e-05 1.79769e+308 6.12505 inf
26 6.60349e-05 0.000122383 9.52751e-05 1.79769e+308 6.12505 inf
27 5.57297e-05 8.61529e-05 9.52751e-05 1.79769e+308 6.12505 inf
28 4.8053e-05 8.17183e-05 8.61529e-05 1.79769e+308 5.82445 inf
29 0.000266634 0.000138332 8.17183e-05 1.79769e+308 5.67257 inf
30 6.36693e-05 9.67214e-05 8.17183e-05 1.79769e+308 5.67257 inf
31 5.22699e-05 8.77044e-05 8.17183e-05 1.79769e+308 5.67257 inf
32 5.13435e-05 8.35589e-05 8.17183e-05 1.79769e+308 5.67257 inf
33 4.26911e-05 7.98226e-05 8.17183e-05 1.79769e+308 5.67257 inf
34 4.16796e-05 6.81887e-05 7.98226e-05 1.79769e+308 5.60639 inf
35 4.5811e-05 6.50364e-05 6.81887e-05 1.79769e+308 5.18175 inf
36 3.57477e-05 6.23885e-05 6.50364e-05 1.79769e+308 5.06056 inf
37 3.63056e-05 5.73185e-05 6.23885e-05 1.79769e+308 4.95647 inf
38 3.30372e-05 6.45169e-05 5.73185e-05 1.79769e+308 4.75081 inf
39 6.31928e-05 6.14028e-05 5.73185e-05 1.79769e+308 4.75081 inf
40 2.90359e-05 5.6306e-05 5.73185e-05 1.79769e+308 4.75081 inf
41 2.97411e-05 5.54325e-05 5.6306e-05 1.79769e+308 4.70866 inf
42 4.22947e-05 5.7269e-05 5.54325e-05 1.79769e+308 4.672 inf
43 2.68104e-05 5.33174e-05 5.54325e-05 1.79769e+308 4.672 inf
44 2.71022e-05 6.91103e-05 5.33174e-05 1.79769e+308 4.582 inf
45 2.66956e-05 4.83316e-05 5.33174e-05 1.79769e+308 4.582 inf
46 9.56979e-05 5.15686e-05 4.83316e-05 1.79769e+308 4.36251 inf
47 2.37798e-05 4.86275e-05 4.83316e-05 1.79769e+308 4.36251 inf
48 2.63041e-05 4.9667e-05 4.83316e-05 1.79769e+308 4.36251 inf
49 2.45469e-05 4.63539e-05 4.83316e-05 1.79769e+308 4.36251 inf
50 2.52668e-05 4.5623e-05 4.63539e-05 1.79769e+308 4.27231 inf
51 2.43938e-05 5.05989e-05 4.5623e-05 1.79769e+308 4.2385 inf
52 3.88165e-05 4.25556e-05 4.5623e-05 1.79769e+308 4.2385 inf
53 2.19924e-05 4.33818e-05 4.25556e-05 1.79769e+308 4.09354 inf
54 2.20367e-05 4.39744e-05 4.25556e-05 1.79769e+308 4.09354 inf
55 2.8654e-05 3.99545e-05 4.25556e-05 1.79769e+308 4.09354 inf
56 2.14675e-05 4.22999e-05 3.99545e-05 1.79769e+308 3.96646 inf
57 2.12593e-05 3.99236e-05 3.99545e-05 1.79769e+308 3.96646 inf
58 3.07961e-05 3.78161e-05 3.99236e-05 1.79769e+308 3.96493 inf
59 2.0284e-05 3.99408e-05 3.78161e-05 1.79769e+308 3.85886 inf
60 2.0393e-05 3.77909e-05 3.78161e-05 1.79769e+308 3.85886 inf
61 3.86149e-05 3.9404e-05 3.77909e-05 1.79769e+308 3.85757 inf
62 1.92603e-05 3.74414e-05 3.77909e-05 1.79769e+308 3.85757 inf
63 2.05436e-05 3.96354e-05 3.74414e-05 1.79769e+308 3.83969 inf
64 1.94141e-05 3.74099e-05 3.74414e-05 1.79769e+308 3.83969 inf
65 4.66671e-05 3.89899e-05 3.74099e-05 1.79769e+308 3.83808 inf
66 1.7741e-05 3.58072e-05 3.74099e-05 1.79769e+308 3.83808 inf
67 1.96916e-05 4.24039e-05 3.58072e-05 1.79769e+308 3.75496 inf
68 1.87219e-05 3.66886e-05 3.58072e-05 1.79769e+308 3.75496 inf
69 2.01029e-05 3.49239e-05 3.58072e-05 1.79769e+308 3.75496 inf
70 1.86185e-05 3.57091e-05 3.49239e-05 1.79769e+308 3.70836 inf
71 8.86412e-05 4.06667e-05 3.49239e-05 1.79769e+308 3.70836 inf
72 1.93234e-05 3.75969e-05 3.49239e-05 1.79769e+308 3.70836 inf
73 1.85069e-05 3.54935e-05 3.49239e-05 1.79769e+308 3.70836 inf
74 1.86582e-05 3.48833e-05 3.49239e-05 1.79769e+308 3.70836 inf
75 3.36566e-05 3.53394e-05 3.49239e-05 1.79769e+308 3.70836 inf
76 1.67228e-05 3.66481e-05 3.49239e-05 1.79769e+308 3.70836 inf
77 1.83923e-05 3.39147e-05 3.49239e-05 1.79769e+308 3.70836 inf
78 1.74063e-05 3.33764e-05 3.39147e-05 1.79769e+308 3.65438 inf
79 3.16138e-05 3.1887e-05 3.33764e-05 1.79769e+308 3.62527 inf
80 1.64293e-05 3.26856e-05 3.1887e-05 1.79769e+308 3.54346 inf
81 1.70128e-05 3.39044e-05 3.1887e-05 1.79769e+308 3.54346 inf
82 1.75976e-05 3.20084e-05 3.1887e-05 1.79769e+308 3.54346 inf
83 1.75241e-05 9.9505e-05 3.1887e-05 1.79769e+308 3.54346 inf
84 1.67775e-05 3.14374e-05 3.1887e-05 1.79769e+308 3.54346 inf
85 2.71517e-05 3.05617e-05 3.14374e-05 1.79769e+308 3.51839 inf
86 1.53388e-05 4.14011e-05 3.05617e-05 1.79769e+308 3.46904 inf
87 1.62374e-05 3.15871e-05 3.05617e-05 1.79769e+308 3.46904 inf
88 1.69054e-05 3.29171e-05 3.05617e-05 1.79769e+308 3.46904 inf
89 1.62407e-05 3.03551e-05 3.05617e-05 1.79769e+308 3.46904 inf
90 3.16425e-05 3.02836e-05 3.03551e-05 1.79769e+308 3.45729 inf
91 1.4385e-05 3.10538e-05 3.02836e-05 1.79769e+308 3.45322 inf
92 1.57974e-05 2.99967e-05 3.02836e-05 1.79769e+308 3.45322 inf
93 1.53545e-05 3.03514e-05 2.99967e-05 1.79769e+308 3.43682 inf
94 3.57389e-05 3.40718e-05 2.99967e-05 1.79769e+308 3.43682 inf
95 1.41131e-05 3.05665e-05 2.99967e-05 1.79769e+308 3.43682 inf
96 1.53699e-05 3.03951e-05 2.99967e-05 1.79769e+308 3.43682 inf
97 1.57145e-05 2.94919e-05 2.99967e-05 1.79769e+308 3.43682 inf
98 1.9744e-05 2.91569e-05 2.94919e-05 1.79769e+308 3.40778 inf
99 1.52866e-05 2.97531e-05 2.91569e-05 1.79769e+308 3.38837 inf
100 1.56818e-05 2.86921e-05 2.91569e-05 1.79769e+308 3.38837 inf
101 2.15983e-05 3.00608e-05 2.86921e-05 1.79769e+308 3.36125 inf
102 1.4778e-05 2.94212e-05 2.86921e-05 1.79769e+308 3.36125 inf
103 1.51049e-05 3.46027e-05 2.86921e-05 1.79769e+308 3.36125 inf
104 1.48512e-05 2.86484e-05 2.86921e-05 1.79769e+308 3.36125 inf
105 4.02775e-05 3.50362e-05 2.86484e-05 1.79769e+308 3.35869 inf
106 1.29875e-05 3.02231e-05 2.86484e-05 1.79769e+308 3.35869 inf
107 1.48723e-05 2.95533e-05 2.86484e-05 1.79769e+308 3.35869 inf
108 1.4534e-05 2.81753e-05 2.86484e-05 1.79769e+308 3.35869 inf
109 1.46383e-05 3.99156e-05 2.81753e-05 1.79769e+308 3.33084 inf
110 1.46773e-05 6.47122e-05 2.81753e-05 1.79769e+308 3.33084 inf
111 1.48481e-05 2.79236e-05 2.81753e-05 1.79769e+308 3.33084 inf
112 2.05261e-05 2.66987e-05 2.79236e-05 1.79769e+308 3.31594 inf
113 1.39426e-05 2.70218e-05 2.66987e-05 1.79769e+308 3.24239 inf
114 1.40354e-05 2.82697e-05 2.66987e-05 1.79769e+308 3.24239 inf
115 2.81352e-05 2.78285e-05 2.66987e-05 1.79769e+308 3.24239 inf
116 1.25711e-05 2.96287e-05 2.66987e-05 1.79769e+308 3.24239 inf
117 1.37723e-05 2.67785e-05 2.66987e-05 1.79769e+308 3.24239 inf
118 1.39609e-05 2.73094e-05 2.66987e-05 1.79769e+308 3.24239 inf
119 2.38102e-05 3.0967e-05 2.66987e-05 1.79769e+308 3.24239 inf
120 1.29326e-05 2.81807e-05 2.66987e-05 1.79769e+308 3.24239 inf
121 1.39226e-05 2.86364e-05 2.66987e-05 1.79769e+308 3.24239 inf
122 1.44717e-05 2.74486e-05 2.66987e-05 1.79769e+308 3.24239 inf
123 1.37751e-05 2.62726e-05 2.66987e-05 1.79769e+308 3.24239 inf
124 1.38133e-05 2.63179e-05 2.62726e-05 1.79769e+308 3.21641 inf
125 2.27155e-05 2.61061e-05 2.62726e-05 1.79769e+308 3.21641 inf
126 1.31215e-05 7.08265e-05 2.61061e-05 1.79769e+308 3.2062 inf
127 1.35474e-05 2.61353e-05 2.61061e-05 1.79769e+308 3.2062 inf
128 1.35724e-05 6.59548e-05 2.61061e-05 1.79769e+308 3.2062 inf
129 1.38074e-05 2.51723e-05 2.61061e-05 1.79769e+308 3.2062 inf
130 1.94191e-05 2.54584e-05 2.51723e-05 1.79769e+308 3.14834 inf
131 1.30939e-05 2.62363e-05 2.51723e-05 1.79769e+308 3.14834 inf
132 1.32453e-05 2.89435e-05 2.51723e-05 1.79769e+308 3.14834 inf
133 1.60983e-05 2.63385e-05 2.51723e-05 1.79769e+308 3.14834 inf
134 1.35408e-05 2.73694e-05 2.51723e-05 1.79769e+308 3.14834 inf
135 1.33297e-05 3.37322e-05 2.51723e-05 1.79769e+308 3.14834 inf
136 1.30399e-05 2.55947e-05 2.51723e-05 1.79769e+308 3.14834 inf
137 2.98589e-05 2.44824e-05 2.51723e-05 1.79769e+308 3.14834 inf
138 1.1669e-05 2.63218e-05 2.44824e-05 1.79769e+308 3.1049 inf
139 1.29192e-05 2.49955e-05 2.44824e-05 1.79769e+308 3.1049 inf
140 1.31227e-05 2.59242e-05 2.44824e-05 1.79769e+308 3.1049 inf
141 1.68518e-05 2.6069e-05 2.44824e-05 1.79769e+308 3.1049 inf
142 1.24277e-05 2.81451e-05 2.44824e-05 1.79769e+308 3.1049 inf
143 1.26631e-05 2.5304e-05 2.44824e-05 1.79769e+308 3.1049 inf
144 2.05355e-05 2.51173e-05 2.44824e-05 1.79769e+308 3.1049 inf
145 1.27212e-05 2.60439e-05 2.44824e-05 1.79769e+308 3.1049 inf
146 1.24875e-05 2.60821e-05 2.44824e-05 1.79769e+308 3.1049 inf
147 1.32516e-05 2.55962e-05 2.44824e-05 1.79769e+308 3.1049 inf
148 1.54221e-05 3.57408e-05 2.44824e-05 1.79769e+308 3.1049 inf
149 1.25092e-05 2.51096e-05 2.44824e-05 1.79769e+308 3.1049 inf
150 1.41822e-05 2.41139e-05 2.44824e-05 1.79769e+308 3.1049 inf
151 1.28409e-05 2.61258e-05 2.41139e-05 1.79769e+308 3.08144 inf
152 1.28017e-05 2.46302e-05 2.41139e-05 1.79769e+308 3.08144 inf
153 2.45982e-05 2.56563e-05 2.41139e-05 1.79769e+308 3.08144 inf
154 1.17301e-05 2.5797e-05 2.41139e-05 1.79769e+308 3.08144 inf
155 1.26947e-05 2.54592e-05 2.41139e-05 1.79769e+308 3.08144 inf
156 1.26014e-05 2.74302e-05 2.41139e-05 1.79769e+308 3.08144 inf
157 1.25353e-05 2.50635e-05 2.41139e-05 1.79769e+308 3.08144 inf
158 1.253e-05 2.69138e-05 2.41139e-05 1.79769e+308 3.08144 inf
159 1.47995e-05 2.52904e-05 2.41139e-05 1.79769e+308 3.08144 inf
160 1.23123e-05 2.57453e-05 2.41139e-05 1.79769e+308 3.08144 inf
161 1.23464e-05 2.55079e-05 2.41139e-05 1.79769e+308 3.08144 inf
162 1.23746e-05 2.3375e-05 2.41139e-05 1.79769e+308 3.08144 inf
163 2.32465e-05 2.4454e-05 2.3375e-05 1.79769e+308 3.03386 inf
164 1.22764e-05 2.83559e-05 2.3375e-05 1.79769e+308 3.03386 inf
165 1.19485e-05 9.51701e-05 2.3375e-05 1.79769e+308 3.03386 inf
166 1.20536e-05 2.41257e-05 2.3375e-05 1.79769e+308 3.03386 inf
167 2.61007e-05 2.51317e-05 2.3375e-05 1.79769e+308 3.03386 inf
168 1.06422e-05 0.000114009 2.3375e-05 1.79769e+308 3.03386 inf
169 1.20976e-05 2.43315e-05 2.3375e-05 1.79769e+308 3.03386 inf
170 1.19614e-05 2.3321e-05 2.3375e-05 1.79769e+308 3.03386 inf
171 2.55182e-05 2.80624e-05 2.3321e-05 1.79769e+308 3.03036 inf
172 1.06076e-05 2.36516e-05 2.3321e-05 1.79769e+308 3.03036 inf
173 1.21126e-05 2.40389e-05 2.3321e-05 1.79769e+308 3.03036 inf
174 5.83694e-05 5.52008e-05 2.3321e-05 1.79769e+308 3.03036 inf
175 1.18671e-05 2.47465e-05 2.3321e-05 1.79769e+308 3.03036 inf
176 1.09042e-05 2.62017e-05 2.3321e-05 1.79769e+308 3.03036 inf
177 1.165e-05 2.56631e-05 2.3321e-05 1.79769e+308 3.03036 inf
178 1.18785e-05 2.48779e-05 2.3321e-05 1.79769e+308 3.03036 inf
179 1.23147e-05 2.43925e-05 2.3321e-05 1.79769e+308 3.03036 inf
180 1.18666e-05 2.41314e-05 2.3321e-05 1.79769e+308 3.03036 inf
181 3.36383e-05 2.39469e-05 2.3321e-05 1.79769e+308 3.03036 inf
182 1.04729e-05 2.58052e-05 2.3321e-05 1.79769e+308 3.03036 inf
183 1.15831e-05 2.32586e-05 2.3321e-05 1.79769e+308 3.03036 inf
184 1.20005e-05 2.48618e-05 2.32586e-05 1.79769e+308 3.0263 inf
185 1.27115e-05 2.49329e-05 2.32586e-05 1.79769e+308 3.0263 inf
186 1.14358e-05 2.34163e-05 2.32586e-05 1.79769e+308 3.0263 inf
187 2.33973e-05 2.45065e-05 2.32586e-05 1.79769e+308 3.0263 inf
188 1.03669e-05 2.34138e-05 2.32586e-05 1.79769e+308 3.0263 inf
189 1.21336e-05 2.43449e-05 2.32586e-05 1.79769e+308 3.0263 inf
190 1.35743e-05 2.39919e-05 2.32586e-05 1.79769e+308 3.0263 inf
191 1.13684e-05 0.000122936 2.32586e-05 1.79769e+308 3.0263 inf
192 1.19451e-05 2.31149e-05 2.32586e-05 1.79769e+308 3.0263 inf
193 1.63942e-05 2.44348e-05 2.31149e-05 1.79769e+308 3.01694 inf
194 1.10712e-05 2.32944e-05 2.31149e-05 1.79769e+308 3.01694 inf
195 1.13668e-05 2.27787e-05 2.31149e-05 1.79769e+308 3.01694 inf
196 1.86786e-05 2.45183e-05 2.27787e-05 1.79769e+308 2.99492 inf
197 1.03373e-05 2.35637e-05 2.27787e-05 1.79769e+308 2.99492 inf
198 1.16048e-05 2.42757e-05 2.27787e-05 1.79769e+308 2.99492 inf
199 1.23284e-05 2.23816e-05 2.27787e-05 1.79769e+308 2.99492 inf
200 1.13453e-05 2.51448e-05 2.23816e-05 1.79769e+308 2.96869 inf
201 1.27938e-05 2.45884e-05 2.23816e-05 1.79769e+308 2.96869 inf
202 1.07214e-05 2.25653e-05 2.23816e-05 1.79769e+308 2.96869 inf
203 2.46489e-05 2.31041e-05 2.23816e-05 1.79769e+308 2.96869 inf
204 1.07771e-05 2.41027e-05 2.23816e-05 1.79769e+308 2.96869 inf
205 1.13976e-05 2.328e-05 2.23816e-05 1.79769e+308 2.96869 inf
206 1.11254e-05 2.31287e-05 2.23816e-05 1.79769e+308 2.96869 inf
207 1.75098e-05 2.30785e-05 2.23816e-05 1.79769e+308 2.96869 inf
208 1.08063e-05 2.23563e-05 2.23816e-05 1.79769e+308 2.96869 inf
209 1.12229e-05 2.22927e-05 2.23563e-05 1.79769e+308 2.96702 inf
210 1.61839e-05 2.31176e-05 2.22927e-05 1.79769e+308 2.9628 inf
211 1.07963e-05 2.31765e-05 2.22927e-05 1.79769e+308 2.9628 inf
212 1.12655e-05 2.19388e-05 2.22927e-05 1.79769e+308 2.9628 inf
213 1.21333e-05 2.21568e-05 2.19388e-05 1.79769e+308 2.93918 inf
214 1.13508e-05 2.331e-05 2.19388e-05 1.79769e+308 2.93918 inf
215 1.16279e-05 2.2457e-05 2.19388e-05 1.79769e+308 2.93918 inf
216 1.15863e-05 2.25713e-05 2.19388e-05 1.79769e+308 2.93918 inf
217 1.15272e-05 2.55856e-05 2.19388e-05 1.79769e+308 2.93918 inf
218 1.23365e-05 2.35807e-05 2.19388e-05 1.79769e+308 2.93918 inf
219 1.03095e-05 2.21232e-05 2.19388e-05 1.79769e+308 2.93918 inf
220 1.30277e-05 2.66215e-05 2.19388e-05 1.79769e+308 2.93918 inf
221 1.51331e-05 2.76623e-05 2.19388e-05 1.79769e+308 2.93918 inf
222 9.97328e-06 2.31901e-05 2.19388e-05 1.79769e+308 2.93918 inf
223 1.04073e-05 2.27516e-05 2.19388e-05 1.79769e+308 2.93918 inf
224 1.31719e-05 2.2122e-05 2.19388e-05 1.79769e+308 2.93918 inf
225 1.09414e-05 2.24894e-05 2.19388e-05 1.79769e+308 2.93918 inf
226 1.38187e-05 2.57329e-05 2.19388e-05 1.79769e+308 2.93918 inf
227 9.71867e-06 2.25478e-05 2.19388e-05 1.79769e+308 2.93918 inf
228 1.13017e-05 2.41441e-05 2.19388e-05 1.79769e+308 2.93918 inf
229 1.10857e-05 2.18633e-05 2.19388e-05 1.79769e+308 2.93918 inf
230 1.1633e-05 2.43649e-05 2.18633e-05 1.79769e+308 2.93412 inf
231 1.08373e-05 2.16297e-05 2.18633e-05 1.79769e+308 2.93412 inf
232 1.18341e-05 2.24138e-05 2.16297e-05 1.79769e+308 2.91841 inf
233 1.1064e-05 2.41415e-05 2.16297e-05 1.79769e+308 2.91841 inf
234 1.37105e-05 2.36667e-05 2.16297e-05 1.79769e+308 2.91841 inf
235 1.05511e-05 2.2153e-05 2.16297e-05 1.79769e+308 2.91841 inf
236 1.08904e-05 2.38392e-05 2.16297e-05 1.79769e+308 2.91841 inf
237 2.14664e-05 2.40118e-05 2.16297e-05 1.79769e+308 2.91841 inf
238 9.80471e-06 2.29757e-05 2.16297e-05 1.79769e+308 2.91841 inf
239 2.36721e-05 3.38176e-05 2.16297e-05 1.79769e+308 2.91841 inf
240 9.2623e-06 2.27813e-05 2.16297e-05 1.79769e+308 2.91841 inf
241 9.90641e-06 2.43355e-05 2.16297e-05 1.79769e+308 2.91841 inf
242 1.02202e-05 2.16886e-05 2.16297e-05 1.79769e+308 2.91841 inf
243 3.40578e-05 2.34851e-05 2.16297e-05 1.79769e+308 2.91841 inf
244 9.36666e-06 2.24414e-05 2.16297e-05 1.79769e+308 2.91841 inf
245 1.12056e-05 2.38479e-05 2.16297e-05 1.79769e+308 2.91841 inf
246 1.04838e-05 2.24349e-05 2.16297e-05 1.79769e+308 2.91841 inf
247 1.0643e-05 2.36555e-05 2.16297e-05 1.79769e+308 2.91841 inf
248 1.7832e-05 2.15059e-05 2.16297e-05 1.79769e+308 2.91841 inf
249 1.02066e-05 2.37356e-05 2.15059e-05 1.79769e+308 2.91004 inf
250 1.05908e-05 2.95845e-05 2.15059e-05 1.79769e+308 2.91004 inf
251 1.1004e-05 3.72142e-05 2.15059e-05 1.79769e+308 2.91004 inf
252 1.47192e-05 2.48231e-05 2.15059e-05 1.79769e+308 2.91004 inf
253 9.21415e-06 2.09042e-05 2.15059e-05 1.79769e+308 2.91004 inf
254 1.08226e-05 2.32136e-05 2.09042e-05 1.79769e+308 2.86904 inf
255 1.04449e-05 2.33914e-05 2.09042e-05 1.79769e+308 2.86904 inf
256 2.34869e-05 2.30558e-05 2.09042e-05 1.79769e+308 2.86904 inf
257 1.01076e-05 2.16328e-05 2.09042e-05 1.79769e+308 2.86904 inf
258 1.03312e-05 2.17837e-05 2.09042e-05 1.79769e+308 2.86904 inf
259 1.20837e-05 2.09518e-05 2.09042e-05 1.79769e+308 2.86904 inf
260 1.11886e-05 3.29362e-05 2.09042e-05 1.79769e+308 2.86904 inf
261 1.08532e-05 4.3177e-05 2.09042e-05 1.79769e+308 2.86904 inf
262 1.01546e-05 2.13007e-05 2.09042e-05 1.79769e+308 2.86904 inf
263 1.58669e-05 2.15973e-05 2.09042e-05 1.79769e+308 2.86904 inf
264 1.0327e-05 2.17883e-05 2.09042e-05 1.79769e+308 2.86904 inf
265 1.04406e-05 2.43513e-05 2.09042e-05 1.79769e+308 2.86904 inf
266 1.03391e-05 2.3208e-05 2.09042e-05 1.79769e+308 2.86904 inf
267 3.61891e-05 2.37054e-05 2.09042e-05 1.79769e+308 2.86904 inf
268 9.74437e-06 2.30478e-05 2.09042e-05 1.79769e+308 2.86904 inf
269 1.03351e-05 2.13685e-05 2.09042e-05 1.79769e+308 2.86904 inf
270 1.07103e-05 9.9534e-05 2.09042e-05 1.79769e+308 2.86904 inf
271 1.0264e-05 2.19952e-05 2.09042e-05 1.79769e+308 2.86904 inf
272 4.64528e-05 2.3366e-05 2.09042e-05 1.79769e+308 2.86904 inf
273 9.38267e-06 2.24134e-05 2.09042e-05 1.79769e+308 2.86904 inf
274 1.03294e-05 2.27647e-05 2.09042e-05 1.79769e+308 2.86904 inf
275 1.0898e-05 2.21701e-05 2.09042e-05 1.79769e+308 2.86904 inf
276 1.03846e-05 2.28557e-05 2.09042e-05 1.79769e+308 2.86904 inf
277 1.79184e-05 2.09455e-05 2.09042e-05 1.79769e+308 2.86904 inf
278 1.00638e-05 2.17203e-05 2.09042e-05 1.79769e+308 2.86904 inf
279 1.02072e-05 2.07284e-05 2.09042e-05 1.79769e+308 2.86904 inf
280 1.54584e-05 2.31787e-05 2.07284e-05 1.79769e+308 2.85695 inf
281 9.03312e-06 2.1268e-05 2.07284e-05 1.79769e+308 2.85695 inf
282 1.09551e-05 2.27787e-05 2.07284e-05 1.79769e+308 2.85695 inf
283 9.84207e-06 2.11867e-05 2.07284e-05 1.79769e+308 2.85695 inf
284 1.86444e-05 2.21724e-05 2.07284e-05 1.79769e+308 2.85695 inf
285 9.52742e-06 2.17341e-05 2.07284e-05 1.79769e+308 2.85695 inf
286 1.04324e-05 2.18338e-05 2.07284e-05 1.79769e+308 2.85695 inf
287 2.13067e-05 4.22796e-05 2.07284e-05 1.79769e+308 2.85695 inf
288 9.03799e-06 2.17848e-05 2.07284e-05 1.79769e+308 2.85695 inf
289 9.50025e-06 2.1816e-05 2.07284e-05 1.79769e+308 2.85695 inf
290 1.09411e-05 2.25139e-05 2.07284e-05 1.79769e+308 2.85695 inf
291 1.00711e-05 2.17738e-05 2.07284e-05 1.79769e+308 2.85695 inf
292 2.85078e-05 2.1838e-05 2.07284e-05 1.79769e+308 2.85695 inf
293 9.15476e-06 2.57584e-05 2.07284e-05 1.79769e+308 2.85695 inf
294 9.92207e-06 2.10122e-05 2.07284e-05 1.79769e+308 2.85695 inf
295 1.2001e-05 2.31767e-05 2.07284e-05 1.79769e+308 2.85695 inf
296 1.03896e-05 2.1983e-05 2.07284e-05 1.79769e+308 2.85695 inf
297 1.00716e-05 2.41724e-05 2.07284e-05 1.79769e+308 2.85695 inf
298 1.18282e-05 2.0368e-05 2.07284e-05 1.79769e+308 2.85695 inf
299 1.53159e-05 2.01127e-05 2.0368e-05 1.79769e+308 2.83201 inf
300 1.00325e-05 2.20267e-05 2.01127e-05 1.79769e+308 2.8142 inf
301 1.00105e-05 2.1242e-05 2.01127e-05 1.79769e+308 2.8142 inf
302 1.02712e-05 2.27722e-05 2.01127e-05 1.79769e+308 2.8142 inf
303 1.01345e-05 1.98784e-05 2.01127e-05 1.79769e+308 2.8142 inf
304 1.91887e-05 2.09805e-05 1.98784e-05 1.79769e+308 2.79776 inf
305 1.01677e-05 2.42254e-05 1.98784e-05 1.79769e+308 2.79776 inf
306 9.60302e-06 2.34557e-05 1.98784e-05 1.79769e+308 2.79776 inf
307 9.96044e-06 2.04701e-05 1.98784e-05 1.79769e+308 2.79776 inf
308 2.36497e-05 2.28195e-05 1.98784e-05 1.79769e+308 2.79776 inf
309 9.09303e-06 5.28745e-05 1.98784e-05 1.79769e+308 2.79776 inf
310 9.65252e-06 2.64564e-05 1.98784e-05 1.79769e+308 2.79776 inf
311 1.26468e-05 2.25549e-05 1.98784e-05 1.79769e+308 2.79776 inf
312 9.95246e-06 2.08172e-05 1.98784e-05 1.79769e+308 2.79776 inf
313 1.02458e-05 2.22434e-05 1.98784e-05 1.79769e+308 2.79776 inf
314 2.11865e-05 2.06255e-05 1.98784e-05 1.79769e+308 2.79776 inf
315 9.29212e-06 2.05625e-05 1.98784e-05 1.79769e+308 2.79776 inf
316 9.99498e-06 2.12053e-05 1.98784e-05 1.79769e+308 2.79776 inf
317 9.97208e-06 5.01765e-05 1.98784e-05 1.79769e+308 2.79776 inf
318 1.09811e-05 5.73582e-05 1.98784e-05 1.79769e+308 2.79776 inf
319 9.53648e-06 2.15555e-05 1.98784e-05 1.79769e+308 2.79776 inf
320 1.29986e-05 2.27792e-05 1.98784e-05 1.79769e+308 2.79776 inf
321 8.39787e-06 2.14474e-05 1.98784e-05 1.79769e+308 2.79776 inf
322 1.0389e-05 1.97497e-05 1.98784e-05 1.79769e+308 2.79776 inf
323 1.03242e-05 2.29239e-05 1.97497e-05 1.79769e+308 2.78869 inf
324 9.82844e-06 2.11434e-05 1.97497e-05 1.79769e+308 2.78869 inf
325 9.90062e-06 2.28949e-05 1.97497e-05 1.79769e+308 2.78869 inf
326 1.37127e-05 2.18819e-05 1.97497e-05 1.79769e+308 2.78869 inf
327 9.286e-06 2.14753e-05 1.97497e-05 1.79769e+308 2.78869 inf
328 9.46926e-06 2.041e-05 1.97497e-05 1.79769e+308 2.78869 inf
329 2.249e-05 2.14104e-05 1.97497e-05 1.79769e+308 2.78869 inf
330 9.43468e-06 2.11417e-05 1.97497e-05 1.79769e+308 2.78869 inf
331 9.35759e-06 2.08253e-05 1.97497e-05 1.79769e+308 2.78869 inf
332 9.89511e-06 2.20412e-05 1.97497e-05 1.79769e+308 2.78869 inf
333 1.39236e-05 1.99475e-05 1.97497e-05 1.79769e+308 2.78869 inf
334 9.53459e-06 2.15646e-05 1.97497e-05 1.79769e+308 2.78869 inf
335 9.62727e-06 2.17575e-05 1.97497e-05 1.79769e+308 2.78869 inf
336 2.64348e-05 2.29934e-05 1.97497e-05 1.79769e+308 2.78869 inf
337 8.65649e-06 2.082e-05 1.97497e-05 1.79769e+308 2.78869 inf
338 9.69209e-06 2.12273e-05 1.97497e-05 1.79769e+308 2.78869 inf
339 9.80435e-06 2.19453e-05 1.97497e-05 1.79769e+308 2.78869 inf
340 9.88432e-06 2.05209e-05 1.97497e-05 1.79769e+308 2.78869 inf
341 1.56436e-05 2.57401e-05 1.97497e-05 1.79769e+308 2.78869 inf
342 8.4736e-06 2.0499e-05 1.97497e-05 1.79769e+308 2.78869 inf
343 9.44e-06 2.09913e-05 1.97497e-05 1.79769e+308 2.78869 inf
344 9.97366e-06 2.23026e-05 1.97497e-05 1.79769e+308 2.78869 inf
345 9.8258e-06 2.54322e-05 1.97497e-05 1.79769e+308 2.78869 inf
346 1.00535e-05 2.31992e-05 1.97497e-05 1.79769e+308 2.78869 inf
347 9.6269e-06 2.1169e-05 1.97497e-05 1.79769e+308 2.78869 inf
348 9.82657e-06 2.19088e-05 1.97497e-05 1.79769e+308 2.78869 inf
349 9.97331e-06 2.198e-05 1.97497e-05 1.79769e+308 2.78869 inf
350 9.45349e-06 2.06196e-05 1.97497e-05 1.79769e+308 2.78869 inf
351 1.42942e-05 2.00734e-05 1.97497e-05 1.79769e+308 2.78869 inf
352 8.62965e-06 2.22213e-05 1.97497e-05 1.79769e+308 2.78869 inf
353 9.4328e-06 1.99592e-05 1.97497e-05 1.79769e+308 2.78869 inf
354 1.88948e-05 1.94313e-05 1.97497e-05 1.79769e+308 2.78869 inf
355 8.82774e-06 2.11997e-05 1.94313e-05 1.79769e+308 2.76612 inf
356 9.86363e-06 2.03979e-05 1.94313e-05 1.79769e+308 2.76612 inf
357 3.0627e-05 0.00166267 1.94313e-05 1.79769e+308 2.76612 inf
358 1.53444e-05 2.29547e-05 1.94313e-05 1.79769e+308 2.76612 inf
359 8.78144e-06 2.26437e-05 1.94313e-05 1.79769e+308 2.76612 inf
360 8.93328e-06 2.05693e-05 1.94313e-05 1.79769e+308 2.76612 inf
361 9.88089e-06 2.006e-05 1.94313e-05 1.79769e+308 2.76612 inf
362 1.6141e-05 2.29132e-05 1.94313e-05 1.79769e+308 2.76612 inf
363 8.75154e-06 2.18104e-05 1.94313e-05 1.79769e+308 2.76612 inf
364 9.77482e-06 2.15045e-05 1.94313e-05 1.79769e+308 2.76612 inf
365 1.0429e-05 2.20735e-05 1.94313e-05 1.79769e+308 2.76612 inf
366 8.89569e-06 2.07065e-05 1.94313e-05 1.79769e+308 2.76612 inf
367 1.54617e-05 2.35516e-05 1.94313e-05 1.79769e+308 2.76612 inf
368 8.32312e-06 2.07575e-05 1.94313e-05 1.79769e+308 2.76612 inf
369 9.80549e-06 2.04325e-05 1.94313e-05 1.79769e+308 2.76612 inf
370 9.49673e-06 2.10864e-05 1.94313e-05 1.79769e+308 2.76612 inf
371 1.16976e-05 2.03009e-05 1.94313e-05 1.79769e+308 2.76612 inf
372 9.32308e-06 2.14612e-05 1.94313e-05 1.79769e+308 2.76612 inf
373 1.02497e-05 2.17896e-05 1.94313e-05 1.79769e+308 2.76612 inf
374 8.65267e-06 2.03724e-05 1.94313e-05 1.79769e+308 2.76612 inf
375 3.63616e-05 2.1326e-05 1.94313e-05 1.79769e+308 2.76612 inf
376 8.41692e-06 2.24499e-05 1.94313e-05 1.79769e+308 2.76612 inf
377 9.03724e-06 2.09934e-05 1.94313e-05 1.79769e+308 2.76612 inf
378 1.00318e-05 2.49855e-05 1.94313e-05 1.79769e+308 2.76612 inf
379 9.19973e-06 2.10717e-05 1.94313e-05 1.79769e+308 2.76612 inf
380 9.62357e-06 2.03946e-05 1.94313e-05 1.79769e+308 2.76612 inf
381 1.03563e-05 2.01447e-05 1.94313e-05 1.79769e+308 2.76612 inf
382 9.37883e-06 2.09613e-05 1.94313e-05 1.79769e+308 2.76612 inf
383 9.76707e-06 2.13453e-05 1.94313e-05 1.79769e+308 2.76612 inf
384 9.31646e-06 1.97486e-05 1.94313e-05 1.79769e+308 2.76612 inf
385 4.04856e-05 2.40644e-05 1.94313e-05 1.79769e+308 2.76612 inf
386 8.80711e-06 2.23712e-05 1.94313e-05 1.79769e+308 2.76612 inf
387 9.62361e-06 2.0579e-05 1.94313e-05 1.79769e+308 2.76612 inf
388 9.95089e-06 2.02834e-05 1.94313e-05 1.79769e+308 2.76612 inf
389 9.67978e-06 2.10531e-05 1.94313e-05 1.79769e+308 2.76612 inf
390 9.28313e-06 1.91239e-05 1.94313e-05 1.79769e+308 2.76612 inf
391 9.56495e-06 2.43851e-05 1.91239e-05 1.79769e+308 2.74416 inf
392 1.16827e-05 1.94499e-05 1.91239e-05 1.79769e+308 2.74416 inf
393 9.18659e-06 7.97499e-05 1.91239e-05 1.79769e+308 2.74416 inf
394 9.53233e-06 1.95524e-05 1.91239e-05 1.79769e+308 2.74416 inf
395 9.64477e-06 2.03826e-05 1.91239e-05 1.79769e+308 2.74416 inf
396 9.30528e-06 2.01112e-05 1.91239e-05 1.79769e+308 2.74416 inf
397 4.53414e-05 2.68476e-05 1.91239e-05 1.79769e+308 2.74416 inf
398 9.41906e-06 2.2963e-05 1.91239e-05 1.79769e+308 2.74416 inf
399 1.04209e-05 2.45392e-05 1.91239e-05 1.79769e+308 2.74416 inf
400 9.88087e-06 2.16249e-05 1.91239e-05 1.79769e+308 2.74416 inf
401 2.11459e-05 0.00016134 1.91239e-05 1.79769e+308 2.74416 inf
402 8.39542e-06 2.03147e-05 1.91239e-05 1.79769e+308 2.74416 inf
403 9.03465e-06 2.16154e-05 1.91239e-05 1.79769e+308 2.74416 inf
404 9.09615e-06 1.9366e-05 1.91239e-05 1.79769e+308 2.74416 inf
405 9.43059e-06 1.91125e-05 1.91239e-05 1.79769e+308 2.74416 inf
406 1.19084e-05 1.91551e-05 1.91125e-05 1.79769e+308 2.74334 inf
407 9.11415e-06 2.0551e-05 1.91125e-05 1.79769e+308 2.74334 inf
408 1.41793e-05 1.9116e-05 1.91125e-05 1.79769e+308 2.74334 inf
409 8.99674e-06 2.18951e-05 1.91125e-05 1.79769e+308 2.74334 inf
410 9.51211e-06 2.08054e-05 1.91125e-05 1.79769e+308 2.74334 inf
411 1.00878e-05 2.00121e-05 1.91125e-05 1.79769e+308 2.74334 inf
412 9.42568e-06 2.20259e-05 1.91125e-05 1.79769e+308 2.74334 inf
413 9.24923e-06 1.95531e-05 1.91125e-05 1.79769e+308 2.74334 inf
414 1.08764e-05 1.92425e-05 1.91125e-05 1.79769e+308 2.74334 inf
415 8.97732e-06 1.96118e-05 1.91125e-05 1.79769e+308 2.74334 inf
416 1.10293e-05 1.9437e-05 1.91125e-05 1.79769e+308 2.74334 inf
417 9.03518e-06 2.12358e-05 1.91125e-05 1.79769e+308 2.74334 inf
418 9.42017e-06 2.12459e-05 1.91125e-05 1.79769e+308 2.74334 inf
419 1.22908e-05 2.17074e-05 1.91125e-05 1.79769e+308 2.74334 inf
420 8.80042e-06 2.02306e-05 1.91125e-05 1.79769e+308 2.74334 inf
421 9.26713e-06 2.05103e-05 1.91125e-05 1.79769e+308 2.74334 inf
422 2.1879e-05 1.92625e-05 1.91125e-05 1.79769e+308 2.74334 inf
423 8.29878e-06 1.97796e-05 1.91125e-05 1.79769e+308 2.74334 inf
424 9.11608e-06 1.96901e-05 1.91125e-05 1.79769e+308 2.74334 inf
425 1.3334e-05 2.96953e-05 1.91125e-05 1.79769e+308 2.74334 inf
426 7.50616e-06 1.97659e-05 1.91125e-05 1.79769e+308 2.74334 inf
427 9.49134e-06 2.12432e-05 1.91125e-05 1.79769e+308 2.74334 inf
428 9.0294e-06 3.87873e-05 1.91125e-05 1.79769e+308 2.74334 inf
429 1.36124e-05 1.98155e-05 1.91125e-05 1.79769e+308 2.74334 inf
430 8.76624e-06 2.16117e-05 1.91125e-05 1.79769e+308 2.74334 inf
431 9.17245e-06 2.0331e-05 1.91125e-05 1.79769e+308 2.74334 inf
432 1.00952e-05 1.99198e-05 1.91125e-05 1.79769e+308 2.74334 inf
433 8.48034e-06 2.01888e-05 1.91125e-05 1.79769e+308 2.74334 inf
434 9.7282e-06 1.99805e-05 1.91125e-05 1.79769e+308 2.74334 inf
435 8.99905e-06 4.73041e-05 1.91125e-05 1.79769e+308 2.74334 inf
436 1.0897e-05 1.97284e-05 1.91125e-05 1.79769e+308 2.74334 inf
437 9.07423e-06 1.95818e-05 1.91125e-05 1.79769e+308 2.74334 inf
438 9.2828e-06 1.99833e-05 1.91125e-05 1.79769e+308 2.74334 inf
439 1.23001e-05 2.03837e-05 1.91125e-05 1.79769e+308 2.74334 inf
440 8.38611e-06 2.05218e-05 1.91125e-05 1.79769e+308 2.74334 inf
441 9.05724e-06 2.04877e-05 1.91125e-05 1.79769e+308 2.74334 inf
442 1.05758e-05 1.96263e-05 1.91125e-05 1.79769e+308 2.74334 inf
443 8.31425e-06 1.94327e-05 1.91125e-05 1.79769e+308 2.74334 inf
444 1.02337e-05 2.07083e-05 1.91125e-05 1.79769e+308 2.74334 inf
445 9.02574e-06 1.96373e-05 1.91125e-05 1.79769e+308 2.74334 inf
446 8.81216e-06 1.93609e-05 1.91125e-05 1.79769e+308 2.74334 inf
447 1.1185e-05 1.97084e-05 1.91125e-05 1.79769e+308 2.74334 inf
448 8.96965e-06 2.01224e-05 1.91125e-05 1.79769e+308 2.74334 inf
449 8.96922e-06 2.02684e-05 1.91125e-05 1.79769e+308 2.74334 inf
450 1.06091e-05 2.37824e-05 1.91125e-05 1.79769e+308 2.74334 inf
451 8.66639e-06 2.21364e-05 1.91125e-05 1.79769e+308 2.74334 inf
452 9.0741e-06 2.00619e-05 1.91125e-05 1.79769e+308 2.74334 inf
453 1.22183e-05 1.89504e-05 1.91125e-05 1.79769e+308 2.74334 inf
454 8.69352e-06 2.02949e-05 1.89504e-05 1.79769e+308 2.73167 inf
455 9.10392e-06 2.18685e-05 1.89504e-05 1.79769e+308 2.73167 inf
456 9.09303e-06 2.08595e-05 1.89504e-05 1.79769e+308 2.73167 inf
457 1.36969e-05 2.03471e-05 1.89504e-05 1.79769e+308 2.73167 inf
458 8.34662e-06 1.98038e-05 1.89504e-05 1.79769e+308 2.73167 inf
459 8.88932e-06 2.02101e-05 1.89504e-05 1.79769e+308 2.73167 inf
460 1.20733e-05 1.9039e-05 1.89504e-05 1.79769e+308 2.73167 inf
461 8.8808e-06 2.09354e-05 1.89504e-05 1.79769e+308 2.73167 inf
462 8.75899e-06 1.96798e-05 1.89504e-05 1.79769e+308 2.73167 inf
463 1.43513e-05 1.94424e-05 1.89504e-05 1.79769e+308 2.73167 inf
464 8.53333e-06 1.92046e-05 1.89504e-05 1.79769e+308 2.73167 inf
465 9.32321e-06 1.95827e-05 1.89504e-05 1.79769e+308 2.73167 inf
466 8.79523e-06 2.05885e-05 1.89504e-05 1.79769e+308 2.73167 inf
467 8.97137e-06 1.87786e-05 1.89504e-05 1.79769e+308 2.73167 inf
468 2.31131e-05 2.02366e-05 1.87786e-05 1.79769e+308 2.71927 inf
469 7.84879e-06 1.90052e-05 1.87786e-05 1.79769e+308 2.71927 inf
470 9.21019e-06 1.83214e-05 1.87786e-05 1.79769e+308 2.71927 inf
471 9.15339e-06 2.02937e-05 1.83214e-05 1.79769e+308 2.68596 inf
472 8.85424e-06 2.17116e-05 1.83214e-05 1.79769e+308 2.68596 inf
473 8.84934e-06 1.96658e-05 1.83214e-05 1.79769e+308 2.68596 inf
474 3.86277e-05 2.09984e-05 1.83214e-05 1.79769e+308 2.68596 inf
475 7.54684e-06 1.89592e-05 1.83214e-05 1.79769e+308 2.68596 inf
476 9.11362e-06 1.96494e-05 1.83214e-05 1.79769e+308 2.68596 inf
477 8.93485e-06 2.07824e-05 1.83214e-05 1.79769e+308 2.68596 inf
478 8.93324e-06 1.99122e-05 1.83214e-05 1.79769e+308 2.68596 inf
479 9.1123e-06 1.90655e-05 1.83214e-05 1.79769e+308 2.68596 inf
480 8.98332e-06 2.01557e-05 1.83214e-05 1.79769e+308 2.68596 inf
481 1.05436e-05 1.86469e-05 1.83214e-05 1.79769e+308 2.68596 inf
482 9.01575e-06 2.23161e-05 1.83214e-05 1.79769e+308 2.68596 inf
483 8.726e-06 1.91912e-05 1.83214e-05 1.79769e+308 2.68596 inf
484 2.20229e-05 2.05201e-05 1.83214e-05 1.79769e+308 2.68596 inf
485 7.77723e-06 2.06467e-05 1.83214e-05 1.79769e+308 2.68596 inf
486 8.76457e-06 2.13677e-05 1.83214e-05 1.79769e+308 2.68596 inf
487 9.43062e-06 2.00353e-05 1.83214e-05 1.79769e+308 2.68596 inf
488 8.67517e-06 1.98563e-05 1.83214e-05 1.79769e+308 2.68596 inf
489 8.83855e-06 1.99095e-05 1.83214e-05 1.79769e+308 2.68596 inf
490 1.16646e-05 1.96253e-05 1.83214e-05 1.79769e+308 2.68596 inf
491 8.41474e-06 2.0642e-05 1.83214e-05 1.79769e+308 2.68596 inf
492 9.14341e-06 1.89723e-05 1.83214e-05 1.79769e+308 2.68596 inf
493 8.721e-06 1.94511e-05 1.83214e-05 1.79769e+308 2.68596 inf
494 1.82998e-05 1.90167e-05 1.83214e-05 1.79769e+308 2.68596 inf
495 8.34458e-06 1.98438e-05 1.83214e-05 1.79769e+308 2.68596 inf
496 8.55984e-06 2.0645e-05 1.83214e-05 1.79769e+308 2.68596 inf
497 1.02791e-05 2.01001e-05 1.83214e-05 1.79769e+308 2.68596 inf
498 8.79306e-06 1.96276e-05 1.83214e-05 1.79769e+308 2.68596 inf
499 8.62698e-06 2.26562e-05 1.83214e-05 1.79769e+308 2.68596 inf
500 9.04506e-06 4.88779e-05 1.83214e-05 1.79769e+308 2.68596 inf
501 8.81135e-06 2.01108e-05 1.83214e-05 1.79769e+308 2.68596 inf
502 9.35993e-06 1.86261e-05 1.83214e-05 1.79769e+308 2.68596 inf
503 9.01976e-06 4.1448e-05 1.83214e-05 1.79769e+308 2.68596 inf
504 8.94687e-06 1.91208e-05 1.83214e-05 1.79769e+308 2.68596 inf
505 8.87434e-06 2.05897e-05 1.83214e-05 1.79769e+308 2.68596 inf
506 9.77611e-06 2.09571e-05 1.83214e-05 1.79769e+308 2.68596 inf
507 9.03665e-06 8.29112e-05 1.83214e-05 1.79769e+308 2.68596 inf
508 8.82274e-06 2.06438e-05 1.83214e-05 1.79769e+308 2.68596 inf
509 9.0455e-06 1.94088e-05 1.83214e-05 1.79769e+308 2.68596 inf
510 8.65289e-06 1.93535e-05 1.83214e-05 1.79769e+308 2.68596 inf
511 1.18229e-05 1.94743e-05 1.83214e-05 1.79769e+308 2.68596 inf
512 8.47118e-06 1.89261e-05 1.83214e-05 1.79769e+308 2.68596 inf
513 8.92309e-06 2.13065e-05 1.83214e-05 1.79769e+308 2.68596 inf
514 9.50046e-06 2.9918e-05 1.83214e-05 1.79769e+308 2.68596 inf
515 1.42665e-05 1.92706e-05 1.83214e-05 1.79769e+308 2.68596 inf
516 8.35244e-06 1.89227e-05 1.83214e-05 1.79769e+308 2.68596 inf
517 8.86902e-06 1.95434e-05 1.83214e-05 1.79769e+308 2.68596 inf
518 9.37895e-06 2.10223e-05 1.83214e-05 1.79769e+308 2.68596 inf
519 8.2088e-06 1.85452e-05 1.83214e-05 1.79769e+308 2.68596 inf
520 8.90343e-06 2.64385e-05 1.83214e-05 1.79769e+308 2.68596 inf
521 8.54243e-06 1.89399e-05 1.83214e-05 1.79769e+308 2.68596 inf
522 1.04659e-05 1.94785e-05 1.83214e-05 1.79769e+308 2.68596 inf
523 8.44442e-06 1.85784e-05 1.83214e-05 1.79769e+308 2.68596 inf
524 1.13645e-05 2.01113e-05 1.83214e-05 1.79769e+308 2.68596 inf
525 8.44312e-06 2.16487e-05 1.83214e-05 1.79769e+308 2.68596 inf
526 8.9943e-06 1.91892e-05 1.83214e-05 1.79769e+308 2.68596 inf
527 8.54344e-06 1.9388e-05 1.83214e-05 1.79769e+308 2.68596 inf
528 8.89071e-06 1.99109e-05 1.83214e-05 1.79769e+308 2.68596 inf
529 8.92748e-06 1.92252e-05 1.83214e-05 1.79769e+308 2.68596 inf
530 8.90261e-06 2.23856e-05 1.83214e-05 1.79769e+308 2.68596 inf
531 8.42806e-06 2.04564e-05 1.83214e-05 1.79769e+308 2.68596 inf
532 1.03521e-05 1.88789e-05 1.83214e-05 1.79769e+308 2.68596 inf
533 8.82557e-06 2.05634e-05 1.83214e-05 1.79769e+308 2.68596 inf
534 8.70028e-06 1.89102e-05 1.83214e-05 1.79769e+308 2.68596 inf
535 8.49355e-06 2.00874e-05 1.83214e-05 1.79769e+308 2.68596 inf
536 2.76051e-05 2.09417e-05 1.83214e-05 1.79769e+308 2.68596 inf
537 7.59949e-06 1.96143e-05 1.83214e-05 1.79769e+308 2.68596 inf
538 8.76842e-06 2.08586e-05 1.83214e-05 1.79769e+308 2.68596 inf
539 8.30641e-06 1.95447e-05 1.83214e-05 1.79769e+308 2.68596 inf
540 8.73407e-06 2.05121e-05 1.83214e-05 1.79769e+308 2.68596 inf
541 8.68853e-06 1.87572e-05 1.83214e-05 1.79769e+308 2.68596 inf
542 9.53296e-06 1.97043e-05 1.83214e-05 1.79769e+308 2.68596 inf
543 8.55246e-06 2.0348e-05 1.83214e-05 1.79769e+308 2.68596 inf
544 9.58246e-06 2.083e-05 1.83214e-05 1.79769e+308 2.68596 inf
545 8.00509e-06 1.94688e-05 1.83214e-05 1.79769e+308 2.68596 inf
546 8.26887e-06 1.96844e-05 1.83214e-05 1.79769e+308 2.68596 inf
547 1.6868e-05 1.85625e-05 1.83214e-05 1.79769e+308 2.68596 inf
548 7.90766e-06 2.04763e-05 1.83214e-05 1.79769e+308 2.68596 inf
549 8.75722e-06 1.94849e-05 1.83214e-05 1.79769e+308 2.68596 inf
550 8.5807e-06 3.1356e-05 1.83214e-05 1.79769e+308 2.68596 inf
551 1.01226e-05 2.18491e-05 1.83214e-05 1.79769e+308 2.68596 inf
552 8.16573e-06 1.87214e-05 1.83214e-05 1.79769e+308 2.68596 inf
553 8.73673e-06 1.98821e-05 1.83214e-05 1.79769e+308 2.68596 inf
554 8.80726e-06 1.88075e-05 1.83214e-05 1.79769e+308 2.68596 inf
555 8.78717e-06 1.89901e-05 1.83214e-05 1.79769e+308 2.68596 inf
556 9.35527e-06 1.90116e-05 1.83214e-05 1.79769e+308 2.68596 inf
557 8.56017e-06 1.92055e-05 1.83214e-05 1.79769e+308 2.68596 inf
558 8.51367e-06 1.84476e-05 1.83214e-05 1.79769e+308 2.68596 inf
559 8.9887e-06 2.63211e-05 1.83214e-05 1.79769e+308 2.68596 inf
560 8.21384e-06 1.84166e-05 1.83214e-05 1.79769e+308 2.68596 inf
561 1.20753e-05 1.8623e-05 1.83214e-05 1.79769e+308 2.68596 inf
562 8.09038e-06 2.18648e-05 1.83214e-05 1.79769e+308 2.68596 inf
563 8.46226e-06 1.91061e-05 1.83214e-05 1.79769e+308 2.68596 inf
564 8.63568e-06 1.92434e-05 1.83214e-05 1.79769e+308 2.68596 inf
565 8.55275e-06 2.15388e-05 1.83214e-05 1.79769e+308 2.68596 inf
566 8.54977e-06 1.88453e-05 1.83214e-05 1.79769e+308 2.68596 inf
567 8.42122e-06 1.87748e-05 1.83214e-05 1.79769e+308 2.68596 inf
568 9.33288e-06 1.8576e-05 1.83214e-05 1.79769e+308 2.68596 inf
569 8.31088e-06 1.87042e-05 1.83214e-05 1.79769e+308 2.68596 inf
570 1.099e-05 1.86305e-05 1.83214e-05 1.79769e+308 2.68596 inf
571 6.16805e-06 1.75624e-05 1.83214e-05 1.79769e+308 2.68596 inf
572 6.5813e-06 1.79566e-05 1.75624e-05 1.79769e+308 2.62974 inf
573 6.65593e-06 1.78741e-05 1.75624e-05 1.79769e+308 2.62974 inf
574 6.57853e-06 1.83775e-05 1.75624e-05 1.79769e+308 2.62974 inf
575 6.93775e-06 1.80956e-05 1.75624e-05 1.79769e+308 2.62974 inf
576 6.51139e-06 1.77033e-05 1.75624e-05 1.79769e+308 2.62974 inf
577 6.56856e-06 1.78559e-05 1.75624e-05 1.79769e+308 2.62974 inf
578 6.6179e-06 1.80144e-05 1.75624e-05 1.79769e+308 2.62974 inf
579 6.59455e-06 1.71143e-05 1.75624e-05 1.79769e+308 2.62974 inf
580 6.55028e-06 1.68572e-05 1.71143e-05 1.79769e+308 2.59597 inf
581 6.53423e-06 1.75956e-05 1.68572e-05 1.79769e+308 2.5764 inf
582 6.55232e-06 1.83369e-05 1.68572e-05 1.79769e+308 2.5764 inf
583 6.50406e-06 3.58421e-05 1.68572e-05 1.79769e+308 2.5764 inf
584 7.39309e-06 1.82681e-05 1.68572e-05 1.79769e+308 2.5764 inf
585 6.16216e-06 1.72621e-05 1.68572e-05 1.79769e+308 2.5764 inf
586 6.4144e-06 1.80225e-05 1.68572e-05 1.79769e+308 2.5764 inf
587 6.84109e-06 1.82184e-05 1.68572e-05 1.79769e+308 2.5764 inf
588 6.34782e-06 2.00868e-05 1.68572e-05 1.79769e+308 2.5764 inf
589 7.31501e-06 1.88536e-05 1.68572e-05 1.79769e+308 2.5764 inf
590 6.49534e-06 1.83703e-05 1.68572e-05 1.79769e+308 2.5764 inf
591 6.63242e-06 1.77114e-05 1.68572e-05 1.79769e+308 2.5764 inf
592 6.47498e-06 1.71448e-05 1.68572e-05 1.79769e+308 2.5764 inf
593 6.53435e-06 1.7395e-05 1.68572e-05 1.79769e+308 2.5764 inf
594 6.56546e-06 1.79463e-05 1.68572e-05 1.79769e+308 2.5764 inf
595 6.55262e-06 1.77578e-05 1.68572e-05 1.79769e+308 2.5764 inf
596 6.74249e-06 3.20902e-05 1.68572e-05 1.79769e+308 2.5764 inf
597 6.45055e-06 1.82786e-05 1.68572e-05 1.79769e+308 2.5764 inf
598 6.66032e-06 2.81605e-05 1.68572e-05 1.79769e+308 2.5764 inf
599 6.51704e-06 1.73621e-05 1.68572e-05 1.79769e+308 2.5764 inf
600 6.51967e-06 1.77807e-05 1.68572e-05 1.79769e+308 2.5764 inf
601 6.53612e-06 1.82658e-05 1.68572e-05 1.79769e+308 2.5764 inf
602 6.48459e-06 2.06438e-05 1.68572e-05 1.79769e+308 2.5764 inf
603 6.72248e-06 1.82844e-05 1.68572e-05 1.79769e+308 2.5764 inf
604 6.59074e-06 1.75785e-05 1.68572e-05 1.79769e+308 2.5764 inf
605 6.61766e-06 1.74353e-05 1.68572e-05 1.79769e+308 2.5764 inf
606 6.41205e-06 1.88213e-05 1.68572e-05 1.79769e+308 2.5764 inf
607 6.59242e-06 1.7794e-05 1.68572e-05 1.79769e+308 2.5764 inf
608 6.62077e-06 1.72841e-05 1.68572e-05 1.79769e+308 2.5764 inf
609 6.42482e-06 1.84501e-05 1.68572e-05 1.79769e+308 2.5764 inf
610 6.63835e-06 1.80662e-05 1.68572e-05 1.79769e+308 2.5764 inf
611 6.49246e-06 2.15185e-05 1.68572e-05 1.79769e+308 2.5764 inf
612 6.54154e-06 1.73932e-05 1.68572e-05 1.79769e+308 2.5764 inf
613 6.58139e-06 1.80286e-05 1.68572e-05 1.79769e+308 2.5764 inf
614 6.56022e-06 1.75686e-05 1.68572e-05 1.79769e+308 2.5764 inf
615 6.49611e-06 1.70162e-05 1.68572e-05 1.79769e+308 2.5764 inf
616 6.68898e-06 1.83279e-05 1.68572e-05 1.79769e+308 2.5764 inf
617 6.49427e-06 1.86111e-05 1.68572e-05 1.79769e+308 2.5764 inf
618 6.56422e-06 1.76395e-05 1.68572e-05 1.79769e+308 2.5764 inf
619 6.55381e-06 1.66398e-05 1.68572e-05 1.79769e+308 2.5764 inf
620 6.71767e-06 1.73897e-05 1.66398e-05 1.79769e+308 2.55973 inf
621 6.45046e-06 1.76367e-05 1.66398e-05 1.79769e+308 2.55973 inf
622 6.44612e-06 1.73844e-05 1.66398e-05 1.79769e+308 2.55973 inf
623 6.54679e-06 1.80461e-05 1.66398e-05 1.79769e+308 2.55973 inf
624 6.53151e-06 1.81499e-05 1.66398e-05 1.79769e+308 2.55973 inf
625 6.75541e-06 2.43415e-05 1.66398e-05 1.79769e+308 2.55973 inf
626 6.35727e-06 1.72807e-05 1.66398e-05 1.79769e+308 2.55973 inf
627 6.73447e-06 1.81427e-05 1.66398e-05 1.79769e+308 2.55973 inf
628 6.39809e-06 1.77361e-05 1.66398e-05 1.79769e+308 2.55973 inf
629 7.15288e-06 1.83509e-05 1.66398e-05 1.79769e+308 2.55973 inf
630 6.29108e-06 1.72511e-05 1.66398e-05 1.79769e+308 2.55973 inf
631 6.66904e-06 1.75774e-05 1.66398e-05 1.79769e+308 2.55973 inf
632 6.41016e-06 2.02163e-05 1.66398e-05 1.79769e+308 2.55973 inf
633 6.79563e-06 1.81386e-05 1.66398e-05 1.79769e+308 2.55973 inf
634 6.35993e-06 1.90082e-05 1.66398e-05 1.79769e+308 2.55973 inf
635 6.47358e-06 1.77559e-05 1.66398e-05 1.79769e+308 2.55973 inf
636 6.56812e-06 1.91497e-05 1.66398e-05 1.79769e+308 2.55973 inf
637 6.57717e-06 3.07533e-05 1.66398e-05 1.79769e+308 2.55973 inf
638 6.5657e-06 1.77874e-05 1.66398e-05 1.79769e+308 2.55973 inf
639 6.49142e-06 1.77842e-05 1.66398e-05 1.79769e+308 2.55973 inf
640 6.76957e-06 1.71664e-05 1.66398e-05 1.79769e+308 2.55973 inf
641 6.56561e-06 1.75835e-05 1.66398e-05 1.79769e+308 2.55973 inf
642 6.6284e-06 1.85445e-05 1.66398e-05 1.79769e+308 2.55973 inf
643 6.35567e-06 1.77664e-05 1.66398e-05 1.79769e+308 2.55973 inf
644 6.77306e-06 1.78493e-05 1.66398e-05 1.79769e+308 2.55973 inf
645 6.50394e-06 1.98523e-05 1.66398e-05 1.79769e+308 2.55973 inf
646 6.47494e-06 3.34362e-05 1.66398e-05 1.79769e+308 2.55973 inf
647 6.42137e-06 1.82647e-05 1.66398e-05 1.79769e+308 2.55973 inf
648 6.56869e-06 1.72255e-05 1.66398e-05 1.79769e+308 2.55973 inf
649 6.55703e-06 1.80933e-05 1.66398e-05 1.79769e+308 2.55973 inf
650 6.56871e-06 1.73469e-05 1.66398e-05 1.79769e+308 2.55973 inf
651 6.45613e-06 1.65393e-05 1.66398e-05 1.79769e+308 2.55973 inf
652 6.53683e-06 1.80597e-05 1.65393e-05 1.79769e+308 2.55199 inf
653 6.58906e-06 1.73413e-05 1.65393e-05 1.79769e+308 2.55199 inf
654 6.67145e-06 1.74106e-05 1.65393e-05 1.79769e+308 2.55199 inf
655 6.28724e-06 1.75415e-05 1.65393e-05 1.79769e+308 2.55199 inf
656 6.75981e-06 1.78089e-05 1.65393e-05 1.79769e+308 2.55199 inf
657 6.72103e-06 1.868e-05 1.65393e-05 1.79769e+308 2.55199 inf
658 6.49021e-06 1.71924e-05 1.65393e-05 1.79769e+308 2.55199 inf
659 6.41192e-06 1.76682e-05 1.65393e-05 1.79769e+308 2.55199 inf
660 6.5819e-06 1.74972e-05 1.65393e-05 1.79769e+308 2.55199 inf
661 6.63684e-06 1.81558e-05 1.65393e-05 1.79769e+308 2.55199 inf
662 7.27014e-06 1.94767e-05 1.65393e-05 1.79769e+308 2.55199 inf
663 6.01741e-06 1.91723e-05 1.65393e-05 1.79769e+308 2.55199 inf
664 6.68225e-06 1.77216e-05 1.65393e-05 1.79769e+308 2.55199 inf
665 6.56032e-06 1.82183e-05 1.65393e-05 1.79769e+308 2.55199 inf
666 6.39883e-06 1.76512e-05 1.65393e-05 1.79769e+308 2.55199 inf
667 6.49078e-06 1.77309e-05 1.65393e-05 1.79769e+308 2.55199 inf
668 6.58415e-06 1.74877e-05 1.65393e-05 1.79769e+308 2.55199 inf
669 6.53876e-06 1.74766e-05 1.65393e-05 1.79769e+308 2.55199 inf
670 6.59325e-06 1.84089e-05 1.65393e-05 1.79769e+308 2.55199 inf
671 6.47568e-06 1.70544e-05 1.65393e-05 1.79769e+308 2.55199 inf
672 6.5119e-06 1.70723e-05 1.65393e-05 1.79769e+308 2.55199 inf
673 6.49627e-06 1.73078e-05 1.65393e-05 1.79769e+308 2.55199 inf
674 6.72023e-06 1.75467e-05 1.65393e-05 1.79769e+308 2.55199 inf
675 6.34216e-06 1.75547e-05 1.65393e-05 1.79769e+308 2.55199 inf
676 6.54601e-06 1.78537e-05 1.65393e-05 1.79769e+308 2.55199 inf
677 6.43857e-06 1.80777e-05 1.65393e-05 1.79769e+308 2.55199 inf
678 6.55798e-06 1.86513e-05 1.65393e-05 1.79769e+308 2.55199 inf
679 6.48399e-06 1.81687e-05 1.65393e-05 1.79769e+308 2.55199 inf
680 6.66564e-06 1.68662e-05 1.65393e-05 1.79769e+308 2.55199 inf
681 6.46184e-06 1.78594e-05 1.65393e-05 1.79769e+308 2.55199 inf
682 6.49763e-06 1.69935e-05 1.65393e-05 1.79769e+308 2.55199 inf
683 6.51525e-06 1.85909e-05 1.65393e-05 1.79769e+308 2.55199 inf
684 6.41732e-06 1.70112e-05 1.65393e-05 1.79769e+308 2.55199 inf
685 6.55355e-06 1.71702e-05 1.65393e-05 1.79769e+308 2.55199 inf
686 6.40327e-06 1.78873e-05 1.65393e-05 1.79769e+308 2.55199 inf
687 6.63258e-06 1.86704e-05 1.65393e-05 1.79769e+308 2.55199 inf
688 6.43708e-06 1.92595e-05 1.65393e-05 1.79769e+308 2.55199 inf
689 6.4224e-06 1.70947e-05 1.65393e-05 1.79769e+308 2.55199 inf
690 6.46181e-06 1.78245e-05 1.65393e-05 1.79769e+308 2.55199 inf
691 6.4606e-06 1.72206e-05 1.65393e-05 1.79769e+308 2.55199 inf
692 6.50776e-06 1.78446e-05 1.65393e-05 1.79769e+308 2.55199 inf
693 6.56584e-06 1.71677e-05 1.65393e-05 1.79769e+308 2.55199 inf
694 6.34681e-06 1.70709e-05 1.65393e-05 1.79769e+308 2.55199 inf
695 6.57437e-06 1.87063e-05 1.65393e-05 1.79769e+308 2.55199 inf
696 6.49987e-06 1.89719e-05 1.65393e-05 1.79769e+308 2.55199 inf
697 6.61895e-06 1.81936e-05 1.65393e-05 1.79769e+308 2.55199 inf
698 6.3247e-06 1.78055e-05 1.65393e-05 1.79769e+308 2.55199 inf
699 6.66786e-06 1.69391e-05 1.65393e-05 1.79769e+308 2.55199 inf
700 6.49889e-06 2.06124e-05 1.65393e-05 1.79769e+308 2.55199 inf
701 6.58884e-06 1.81129e-05 1.65393e-05 1.79769e+308 2.55199 inf
702 6.3087e-06 1.64099e-05 1.65393e-05 1.79769e+308 2.55199 inf
703 6.48778e-06 1.71096e-05 1.64099e-05 1.79769e+308 2.54199 inf
704 6.5664e-06 1.71011e-05 1.64099e-05 1.79769e+308 2.54199 inf
705 6.47439e-06 2.00644e-05 1.64099e-05 1.79769e+308 2.54199 inf
706 6.36521e-06 1.7343e-05 1.64099e-05 1.79769e+308 2.54199 inf
707 6.62425e-06 1.73363e-05 1.64099e-05 1.79769e+308 2.54199 inf
708 6.42287e-06 1.74429e-05 1.64099e-05 1.79769e+308 2.54199 inf
709 6.41171e-06 1.68385e-05 1.64099e-05 1.79769e+308 2.54199 inf
710 6.67658e-06 1.84898e-05 1.64099e-05 1.79769e+308 2.54199 inf
711 6.2416e-06 1.79042e-05 1.64099e-05 1.79769e+308 2.54199 inf
712 6.46207e-06 1.66228e-05 1.64099e-05 1.79769e+308 2.54199 inf
713 6.54e-06 1.77399e-05 1.64099e-05 1.79769e+308 2.54199 inf
714 6.32103e-06 1.80951e-05 1.64099e-05 1.79769e+308 2.54199 inf
715 6.71888e-06 1.78913e-05 1.64099e-05 1.79769e+308 2.54199 inf
716 6.55756e-06 1.73532e-05 1.64099e-05 1.79769e+308 2.54199 inf
717 6.54955e-06 1.76552e-05 1.64099e-05 1.79769e+308 2.54199 inf
718 6.33916e-06 1.79542e-05 1.64099e-05 1.79769e+308 2.54199 inf
719 6.41881e-06 1.71775e-05 1.64099e-05 1.79769e+308 2.54199 inf
720 6.45949e-06 1.86019e-05 1.64099e-05 1.79769e+308 2.54199 inf
721 6.59721e-06 1.70213e-05 1.64099e-05 1.79769e+308 2.54199 inf
722 6.37472e-06 1.73481e-05 1.64099e-05 1.79769e+308 2.54199 inf
723 6.53526e-06 1.79216e-05 1.64099e-05 1.79769e+308 2.54199 inf
724 6.41975e-06 1.74656e-05 1.64099e-05 1.79769e+308 2.54199 inf
725 6.47831e-06 1.77874e-05 1.64099e-05 1.79769e+308 2.54199 inf
726 6.63682e-06 1.79834e-05 1.64099e-05 1.79769e+308 2.54199 inf
727 6.29276e-06 1.73153e-05 1.64099e-05 1.79769e+308 2.54199 inf
728 6.45774e-06 1.77946e-05 1.64099e-05 1.79769e+308 2.54199 inf
729 6.80985e-06 1.73639e-05 1.64099e-05 1.79769e+308 2.54199 inf
730 6.40332e-06 1.66623e-05 1.64099e-05 1.79769e+308 2.54199 inf
731 6.52167e-06 1.65824e-05 1.64099e-05 1.79769e+308 2.54199 inf
732 6.40209e-06 1.81575e-05 1.64099e-05 1.79769e+308 2.54199 inf
733 6.6102e-06 1.8284e-05 1.64099e-05 1.79769e+308 2.54199 inf
734 6.4092e-06 1.7648e-05 1.64099e-05 1.79769e+308 2.54199 inf
735 6.54624e-06 1.74699e-05 1.64099e-05 1.79769e+308 2.54199 inf
736 6.47343e-06 1.79016e-05 1.64099e-05 1.79769e+308 2.54199 inf
737 6.57385e-06 1.83489e-05 1.64099e-05 1.79769e+308 2.54199 inf
738 6.47921e-06 1.64872e-05 1.64099e-05 1.79769e+308 2.54199 inf
739 6.36879e-06 1.7814e-05 1.64099e-05 1.79769e+308 2.54199 inf
740 6.43064e-06 1.76081e-05 1.64099e-05 1.79769e+308 2.54199 inf
741 6.39377e-06 1.63482e-05 1.64099e-05 1.79769e+308 2.54199 inf
742 6.48182e-06 2.06719e-05 1.63482e-05 1.79769e+308 2.5372 inf
743 6.30937e-06 1.79605e-05 1.63482e-05 1.79769e+308 2.5372 inf
744 6.70393e-06 1.74255e-05 1.63482e-05 1.79769e+308 2.5372 inf
745 6.33402e-06 1.79394e-05 1.63482e-05 1.79769e+308 2.5372 inf
746 6.53405e-06 1.7761e-05 1.63482e-05 1.79769e+308 2.5372 inf
747 6.41153e-06 1.90233e-05 1.63482e-05 1.79769e+308 2.5372 inf
748 6.6322e-06 1.72592e-05 1.63482e-05 1.79769e+308 2.5372 inf
749 6.27653e-06 1.71178e-05 1.63482e-05 1.79769e+308 2.5372 inf
750 6.49317e-06 1.90413e-05 1.63482e-05 1.79769e+308 2.5372 inf
751 6.39643e-06 1.81436e-05 1.63482e-05 1.79769e+308 2.5372 inf
752 6.42584e-06 1.89187e-05 1.63482e-05 1.79769e+308 2.5372 inf
753 6.34606e-06 1.69826e-05 1.63482e-05 1.79769e+308 2.5372 inf
754 6.52184e-06 1.67846e-05 1.63482e-05 1.79769e+308 2.5372 inf
755 6.59206e-06 1.72684e-05 1.63482e-05 1.79769e+308 2.5372 inf
756 6.20044e-06 1.68661e-05 1.63482e-05 1.79769e+308 2.5372 inf
757 6.57155e-06 1.98046e-05 1.63482e-05 1.79769e+308 2.5372 inf
758 6.43637e-06 1.70058e-05 1.63482e-05 1.79769e+308 2.5372 inf
759 6.37433e-06 1.75104e-05 1.63482e-05 1.79769e+308 2.5372 inf
760 6.39405e-06 1.69693e-05 1.63482e-05 1.79769e+308 2.5372 inf
761 7.34319e-06 1.83488e-05 1.63482e-05 1.79769e+308 2.5372 inf
762 6.14239e-06 1.69405e-05 1.63482e-05 1.79769e+308 2.5372 inf
763 6.72215e-06 1.70102e-05 1.63482e-05 1.79769e+308 2.5372 inf
764 6.05739e-06 1.78824e-05 1.63482e-05 1.79769e+308 2.5372 inf
765 6.4246e-06 1.63988e-05 1.63482e-05 1.79769e+308 2.5372 inf
766 6.55262e-06 1.72483e-05 1.63482e-05 1.79769e+308 2.5372 inf
767 6.67437e-06 1.78185e-05 1.63482e-05 1.79769e+308 2.5372 inf
768 6.13147e-06 1.81494e-05 1.63482e-05 1.79769e+308 2.5372 inf
769 6.44899e-06 1.79106e-05 1.63482e-05 1.79769e+308 2.5372 inf
770 6.45366e-06 1.84263e-05 1.63482e-05 1.79769e+308 2.5372 inf
771 6.2241e-06 1.7294e-05 1.63482e-05 1.79769e+308 2.5372 inf
772 6.56686e-06 6.01347e-05 1.63482e-05 1.79769e+308 2.5372 inf
773 6.43207e-06 1.71564e-05 1.63482e-05 1.79769e+308 2.5372 inf
774 6.39341e-06 1.70569e-05 1.63482e-05 1.79769e+308 2.5372 inf
775 6.47139e-06 1.71432e-05 1.63482e-05 1.79769e+308 2.5372 inf
776 6.43738e-06 1.75832e-05 1.63482e-05 1.79769e+308 2.5372 inf
777 6.72839e-06 1.74822e-05 1.63482e-05 1.79769e+308 2.5372 inf
778 6.1565e-06 1.61228e-05 1.63482e-05 1.79769e+308 2.5372 inf
779 6.35463e-06 1.75669e-05 1.61228e-05 1.79769e+308 2.51965 inf
780 6.41051e-06 1.7735e-05 1.61228e-05 1.79769e+308 2.51965 inf
781 6.38631e-06 1.78664e-05 1.61228e-05 1.79769e+308 2.51965 inf
782 6.42164e-06 1.70585e-05 1.61228e-05 1.79769e+308 2.51965 inf
783 6.49775e-06 1.69669e-05 1.61228e-05 1.79769e+308 2.51965 inf
784 6.89239e-06 1.94361e-05 1.61228e-05 1.79769e+308 2.51965 inf
785 6.0498e-06 1.74476e-05 1.61228e-05 1.79769e+308 2.51965 inf
786 6.40792e-06 1.77873e-05 1.61228e-05 1.79769e+308 2.51965 inf
787 6.81021e-06 2.03296e-05 1.61228e-05 1.79769e+308 2.51965 inf
788 6.04518e-06 1.67228e-05 1.61228e-05 1.79769e+308 2.51965 inf
789 6.33169e-06 1.82091e-05 1.61228e-05 1.79769e+308 2.51965 inf
790 6.68998e-06 1.6346e-05 1.61228e-05 1.79769e+308 2.51965 inf
791 6.21477e-06 1.85963e-05 1.61228e-05 1.79769e+308 2.51965 inf
792 6.41545e-06 1.70532e-05 1.61228e-05 1.79769e+308 2.51965 inf
793 6.32637e-06 1.81439e-05 1.61228e-05 1.79769e+308 2.51965 inf
794 6.35698e-06 1.71468e-05 1.61228e-05 1.79769e+308 2.51965 inf
795 6.71507e-06 1.94017e-05 1.61228e-05 1.79769e+308 2.51965 inf
796 6.09716e-06 1.7385e-05 1.61228e-05 1.79769e+308 2.51965 inf
797 6.70102e-06 1.72252e-05 1.61228e-05 1.79769e+308 2.51965 inf
798 6.17663e-06 1.62762e-05 1.61228e-05 1.79769e+308 2.51965 inf
799 6.61647e-06 1.67742e-05 1.61228e-05 1.79769e+308 2.51965 inf
800 6.77204e-06 1.95448e-05 1.61228e-05 1.79769e+308 2.51965 inf
801 6.10976e-06 1.68152e-05 1.61228e-05 1.79769e+308 2.51965 inf
802 6.41862e-06 1.73455e-05 1.61228e-05 1.79769e+308 2.51965 inf
803 6.33531e-06 2.00538e-05 1.61228e-05 1.79769e+308 2.51965 inf
804 6.39266e-06 1.69312e-05 1.61228e-05 1.79769e+308 2.51965 inf
805 6.46505e-06 1.68711e-05 1.61228e-05 1.79769e+308 2.51965 inf
806 6.66066e-06 1.79954e-05 1.61228e-05 1.79769e+308 2.51965 inf
807 6.29412e-06 1.77782e-05 1.61228e-05 1.79769e+308 2.51965 inf
808 6.77633e-06 1.68413e-05 1.61228e-05 1.79769e+308 2.51965 inf
809 6.17947e-06 1.66887e-05 1.61228e-05 1.79769e+308 2.51965 inf
810 6.27998e-06 1.65685e-05 1.61228e-05 1.79769e+308 2.51965 inf
811 6.8035e-06 1.77966e-05 1.61228e-05 1.79769e+308 2.51965 inf
812 6.00843e-06 1.73416e-05 1.61228e-05 1.79769e+308 2.51965 inf
813 6.88346e-06 1.69622e-05 1.61228e-05 1.79769e+308 2.51965 inf
814 6.16036e-06 1.89835e-05 1.61228e-05 1.79769e+308 2.51965 inf
815 6.53434e-06 1.81424e-05 1.61228e-05 1.79769e+308 2.51965 inf
816 6.53673e-06 1.76644e-05 1.61228e-05 1.79769e+308 2.51965 inf
817 6.27901e-06 1.74231e-05 1.61228e-05 1.79769e+308 2.51965 inf
818 6.1942e-06 1.73353e-05 1.61228e-05 1.79769e+308 2.51965 inf
819 6.48558e-06 1.65969e-05 1.61228e-05 1.79769e+308 2.51965 inf
820 6.33825e-06 1.65468e-05 1.61228e-05 1.79769e+308 2.51965 inf
821 6.6029e-06 1.73944e-05 1.61228e-05 1.79769e+308 2.51965 inf
822 6.21051e-06 1.66015e-05 1.61228e-05 1.79769e+308 2.51965 inf
823 6.49332e-06 1.7792e-05 1.61228e-05 1.79769e+308 2.51965 inf
824 6.27064e-06 1.87592e-05 1.61228e-05 1.79769e+308 2.51965 inf
825 6.30328e-06 1.73258e-05 1.61228e-05 1.79769e+308 2.51965 inf
826 7.1324e-06 1.76272e-05 1.61228e-05 1.79769e+308 2.51965 inf
827 6.18499e-06 1.75639e-05 1.61228e-05 1.79769e+308 2.51965 inf
828 6.25488e-06 1.61836e-05 1.61228e-05 1.79769e+308 2.51965 inf
829 6.30865e-06 1.73311e-05 1.61228e-05 1.79769e+308 2.51965 inf
830 6.50383e-06 1.8276e-05 1.61228e-05 1.79769e+308 2.51965 inf
831 6.50278e-06 1.7724e-05 1.61228e-05 1.79769e+308 2.51965 inf
832 6.76925e-06 3.33082e-05 1.61228e-05 1.79769e+308 2.51965 inf
833 6.28945e-06 1.78531e-05 1.61228e-05 1.79769e+308 2.51965 inf
834 6.14176e-06 1.81428e-05 1.61228e-05 1.79769e+308 2.51965 inf
835 6.47696e-06 1.96419e-05 1.61228e-05 1.79769e+308 2.51965 inf
836 6.35978e-06 1.6254e-05 1.61228e-05 1.79769e+308 2.51965 inf
837 6.41321e-06 1.74751e-05 1.61228e-05 1.79769e+308 2.51965 inf
838 6.44547e-06 1.82739e-05 1.61228e-05 1.79769e+308 2.51965 inf
839 6.22923e-06 1.70727e-05 1.61228e-05 1.79769e+308 2.51965 inf
840 6.34365e-06 1.74353e-05 1.61228e-05 1.79769e+308 2.51965 inf
841 6.92259e-06 1.82032e-05 1.61228e-05 1.79769e+308 2.51965 inf
842 6.01555e-06 1.7315e-05 1.61228e-05 1.79769e+308 2.51965 inf
843 6.33961e-06 1.75328e-05 1.61228e-05 1.79769e+308 2.51965 inf
844 6.329e-06 1.68268e-05 1.61228e-05 1.79769e+308 2.51965 inf
845 6.31317e-06 1.67391e-05 1.61228e-05 1.79769e+308 2.51965 inf
846 6.31551e-06 1.63318e-05 1.61228e-05 1.79769e+308 2.51965 inf
847 6.60705e-06 1.72855e-05 1.61228e-05 1.79769e+308 2.51965 inf
848 6.73359e-06 1.81855e-05 1.61228e-05 1.79769e+308 2.51965 inf
849 6.08191e-06 1.69131e-05 1.61228e-05 1.79769e+308 2.51965 inf
850 6.61145e-06 1.69036e-05 1.61228e-05 1.79769e+308 2.51965 inf
851 5.9749e-06 1.71128e-05 1.61228e-05 1.79769e+308 2.51965 inf
852 6.53166e-06 1.78015e-05 1.61228e-05 1.79769e+308 2.51965 inf
853 6.28301e-06 3.77761e-05 1.61228e-05 1.79769e+308 2.51965 inf
854 6.74613e-06 1.88892e-05 1.61228e-05 1.79769e+308 2.51965 inf
855 6.1808e-06 1.711e-05 1.61228e-05 1.79769e+308 2.51965 inf
856 6.36911e-06 1.64675e-05 1.61228e-05 1.79769e+308 2.51965 inf
857 6.27227e-06 1.74673e-05 1.61228e-05 1.79769e+308 2.51965 inf
858 6.44613e-06 1.70696e-05 1.61228e-05 1.79769e+308 2.51965 inf
859 6.35438e-06 1.68472e-05 1.61228e-05 1.79769e+308 2.51965 inf
860 6.29851e-06 1.76635e-05 1.61228e-05 1.79769e+308 2.51965 inf
861 6.27429e-06 1.65799e-05 1.61228e-05 1.79769e+308 2.51965 inf
862 6.34292e-06 1.75477e-05 1.61228e-05 1.79769e+308 2.51965 inf
863 6.29163e-06 1.92318e-05 1.61228e-05 1.79769e+308 2.51965 inf
864 6.75769e-06 1.90252e-05 1.61228e-05 1.79769e+308 2.51965 inf
865 6.20389e-06 1.6948e-05 1.61228e-05 1.79769e+308 2.51965 inf
866 6.28293e-06 1.71261e-05 1.61228e-05 1.79769e+308 2.51965 inf
867 6.34857e-06 1.74314e-05 1.61228e-05 1.79769e+308 2.51965 inf
868 6.35272e-06 1.71459e-05 1.61228e-05 1.79769e+308 2.51965 inf
869 6.36144e-06 1.72377e-05 1.61228e-05 1.79769e+308 2.51965 inf
870 6.42332e-06 1.71707e-05 1.61228e-05 1.79769e+308 2.51965 inf
871 6.18854e-06 1.73081e-05 1.61228e-05 1.79769e+308 2.51965 inf
872 6.39734e-06 1.83805e-05 1.61228e-05 1.79769e+308 2.51965 inf
873 6.52449e-06 1.78423e-05 1.61228e-05 1.79769e+308 2.51965 inf
874 6.48809e-06 1.70719e-05 1.61228e-05 1.79769e+308 2.51965 inf
875 6.015e-06 1.72542e-05 1.61228e-05 1.79769e+308 2.51965 inf
876 6.43566e-06 1.72e-05 1.61228e-05 1.79769e+308 2.51965 inf
877 6.46749e-06 1.90369e-05 1.61228e-05 1.79769e+308 2.51965 inf
878 6.20316e-06 1.68597e-05 1.61228e-05 1.79769e+308 2.51965 inf
879 5.49717e-06 1.71117e-05 1.61228e-05 1.79769e+308 2.51965 inf
880 5.55262e-06 1.76403e-05 1.61228e-05 1.79769e+308 2.51965 inf
881 5.64622e-06 1.77302e-05 1.61228e-05 1.79769e+308 2.51965 inf
882 5.60289e-06 1.78857e-05 1.61228e-05 1.79769e+308 2.51965 inf
883 5.62631e-06 1.71099e-05 1.61228e-05 1.79769e+308 2.51965 inf
884 5.6301e-06 1.87006e-05 1.61228e-05 1.79769e+308 2.51965 inf
885 5.60916e-06 1.7704e-05 1.61228e-05 1.79769e+308 2.51965 inf
886 5.57677e-06 1.63906e-05 1.61228e-05 1.79769e+308 2.51965 inf
887 5.63255e-06 1.81076e-05 1.61228e-05 1.79769e+308 2.51965 inf
888 5.5984e-06 1.62833e-05 1.61228e-05 1.79769e+308 2.51965 inf
889 5.68291e-06 1.70171e-05 1.61228e-05 1.79769e+308 2.51965 inf
890 5.58076e-06 1.68512e-05 1.61228e-05 1.79769e+308 2.51965 inf
891 5.58665e-06 1.76071e-05 1.61228e-05 1.79769e+308 2.51965 inf
892 5.60057e-06 1.79578e-05 1.61228e-05 1.79769e+308 2.51965 inf
893 5.6326e-06 1.6489e-05 1.61228e-05 1.79769e+308 2.51965 inf
894 5.69232e-06 1.74789e-05 1.61228e-05 1.79769e+308 2.51965 inf
895 5.5566e-06 1.62195e-05 1.61228e-05 1.79769e+308 2.51965 inf
896 5.61461e-06 1.70548e-05 1.61228e-05 1.79769e+308 2.51965 inf
897 5.61099e-06 1.69096e-05 1.61228e-05 1.79769e+308 2.51965 inf
898 5.6906e-06 1.646e-05 1.61228e-05 1.79769e+308 2.51965 inf
899 5.57984e-06 1.63867e-05 1.61228e-05 1.79769e+308 2.51965 inf
900 5.63995e-06 1.74496e-05 1.61228e-05 1.79769e+308 2.51965 inf
901 5.6008e-06 1.72156e-05 1.61228e-05 1.79769e+308 2.51965 inf
902 5.63949e-06 1.73772e-05 1.61228e-05 1.79769e+308 2.51965 inf
903 5.61892e-06 1.7175e-05 1.61228e-05 1.79769e+308 2.51965 inf
904 5.59875e-06 1.8051e-05 1.61228e-05 1.79769e+308 2.51965 inf
905 5.70289e-06 1.75932e-05 1.61228e-05 1.79769e+308 2.51965 inf
906 5.61977e-06 1.76708e-05 1.61228e-05 1.79769e+308 2.51965 inf
907 5.64935e-06 1.65918e-05 1.61228e-05 1.79769e+308 2.51965 inf
908 5.66587e-06 1.83957e-05 1.61228e-05 1.79769e+308 2.51965 inf
909 5.63949e-06 1.75857e-05 1.61228e-05 1.79769e+308 2.51965 inf
910 5.67697e-06 1.6911e-05 1.61228e-05 1.79769e+308 2.51965 inf
911 5.67574e-06 1.6742e-05 1.61228e-05 1.79769e+308 2.51965 inf
912 5.69908e-06 1.89093e-05 1.61228e-05 1.79769e+308 2.51965 inf
913 5.60899e-06 1.71166e-05 1.61228e-05 1.79769e+308 2.51965 inf
914 5.66495e-06 1.6199e-05 1.61228e-05 1.79769e+308 2.51965 inf
915 5.74884e-06 1.64259e-05 1.61228e-05 1.79769e+308 2.51965 inf
916 5.58298e-06 1.72421e-05 1.61228e-05 1.79769e+308 2.51965 inf
917 5.71318e-06 1.61824e-05 1.61228e-05 1.79769e+308 2.51965 inf
918 5.60054e-06 1.78816e-05 1.61228e-05 1.79769e+308 2.51965 inf
919 5.67951e-06 1.72766e-05 1.61228e-05 1.79769e+308 2.51965 inf
920 5.73665e-06 1.87664e-05 1.61228e-05 1.79769e+308 2.51965 inf
921 5.67094e-06 1.70073e-05 1.61228e-05 1.79769e+308 2.51965 inf
922 5.66163e-06 1.6769e-05 1.61228e-05 1.79769e+308 2.51965 inf
923 5.63085e-06 1.68287e-05 1.61228e-05 1.79769e+308 2.51965 inf
924 5.66605e-06 1.88706e-05 1.61228e-05 1.79769e+308 2.51965 inf
925 5.6998e-06 1.6689e-05 1.61228e-05 1.79769e+308 2.51965 inf
926 5.65523e-06 1.67733e-05 1.61228e-05 1.79769e+308 2.51965 inf
927 5.78915e-06 1.79616e-05 1.61228e-05 1.79769e+308 2.51965 inf
928 5.57662e-06 1.67461e-05 1.61228e-05 1.79769e+308 2.51965 inf
929 5.68346e-06 1.72452e-05 1.61228e-05 1.79769e+308 2.51965 inf
930 5.75793e-06 1.85372e-05 1.61228e-05 1.79769e+308 2.51965 inf
931 5.66247e-06 1.81664e-05 1.61228e-05 1.79769e+308 2.51965 inf
932 5.70967e-06 1.67726e-05 1.61228e-05 1.79769e+308 2.51965 inf
933 5.72102e-06 1.69499e-05 1.61228e-05 1.79769e+308 2.51965 inf
934 5.67062e-06 1.72479e-05 1.61228e-05 1.79769e+308 2.51965 inf
935 5.6812e-06 1.68006e-05 1.61228e-05 1.79769e+308 2.51965 inf
936 5.73411e-06 1.78237e-05 1.61228e-05 1.79769e+308 2.51965 inf
937 5.71304e-06 1.71507e-05 1.61228e-05 1.79769e+308 2.51965 inf
938 5.65079e-06 1.91435e-05 1.61228e-05 1.79769e+308 2.51965 inf
939 5.71408e-06 1.6642e-05 1.61228e-05 1.79769e+308 2.51965 inf
940 5.73167e-06 1.81719e-05 1.61228e-05 1.79769e+308 2.51965 inf
941 5.66589e-06 1.71149e-05 1.61228e-05 1.79769e+308 2.51965 inf
942 5.72585e-06 1.72199e-05 1.61228e-05 1.79769e+308 2.51965 inf
943 5.66376e-06 1.65696e-05 1.61228e-05 1.79769e+308 2.51965 inf
944 5.7573e-06 1.63327e-05 1.61228e-05 1.79769e+308 2.51965 inf
945 5.63625e-06 1.73596e-05 1.61228e-05 1.79769e+308 2.51965 inf
946 5.71389e-06 1.74813e-05 1.61228e-05 1.79769e+308 2.51965 inf
947 5.72943e-06 1.72857e-05 1.61228e-05 1.79769e+308 2.51965 inf
948 5.76622e-06 1.65782e-05 1.61228e-05 1.79769e+308 2.51965 inf
949 5.78886e-06 1.65624e-05 1.61228e-05 1.79769e+308 2.51965 inf
950 5.62191e-06 1.6893e-05 1.61228e-05 1.79769e+308 2.51965 inf
951 5.70724e-06 1.78184e-05 1.61228e-05 1.79769e+308 2.51965 inf
952 5.66913e-06 1.70808e-05 1.61228e-05 1.79769e+308 2.51965 inf
953 5.72833e-06 1.70684e-05 1.61228e-05 1.79769e+308 2.51965 inf
954 5.74275e-06 1.71387e-05 1.61228e-05 1.79769e+308 2.51965 inf
955 5.68103e-06 1.68893e-05 1.61228e-05 1.79769e+308 2.51965 inf
956 5.69303e-06 1.70566e-05 1.61228e-05 1.79769e+308 2.51965 inf
957 5.64899e-06 1.66876e-05 1.61228e-05 1.79769e+308 2.51965 inf
958 5.72529e-06 1.82643e-05 1.61228e-05 1.79769e+308 2.51965 inf
959 5.70871e-06 1.68209e-05 1.61228e-05 1.79769e+308 2.51965 inf
960 5.77038e-06 1.69488e-05 1.61228e-05 1.79769e+308 2.51965 inf
961 5.68679e-06 1.59316e-05 1.61228e-05 1.79769e+308 2.51965 inf
962 5.72806e-06 1.90542e-05 1.59316e-05 1.79769e+308 2.50467 inf
963 5.65594e-06 1.67135e-05 1.59316e-05 1.79769e+308 2.50467 inf
964 5.70255e-06 1.79677e-05 1.59316e-05 1.79769e+308 2.50467 inf
965 5.76849e-06 1.72378e-05 1.59316e-05 1.79769e+308 2.50467 inf
966 5.67805e-06 2.5828e-05 1.59316e-05 1.79769e+308 2.50467 inf
967 5.80336e-06 1.62371e-05 1.59316e-05 1.79769e+308 2.50467 inf
968 5.67874e-06 1.68445e-05 1.59316e-05 1.79769e+308 2.50467 inf
969 5.73009e-06 1.73078e-05 1.59316e-05 1.79769e+308 2.50467 inf
970 5.69063e-06 1.68004e-05 1.59316e-05 1.79769e+308 2.50467 inf
971 5.70371e-06 1.75967e-05 1.59316e-05 1.79769e+308 2.50467 inf
972 5.69386e-06 1.81646e-05 1.59316e-05 1.79769e+308 2.50467 inf
973 5.74587e-06 1.75148e-05 1.59316e-05 1.79769e+308 2.50467 inf
974 5.72055e-06 1.89327e-05 1.59316e-05 1.79769e+308 2.50467 inf
975 5.67806e-06 1.79073e-05 1.59316e-05 1.79769e+308 2.50467 inf
976 5.79827e-06 1.98e-05 1.59316e-05 1.79769e+308 2.50467 inf
977 5.68449e-06 1.79901e-05 1.59316e-05 1.79769e+308 2.50467 inf
978 5.74446e-06 1.6428e-05 1.59316e-05 1.79769e+308 2.50467 inf
979 5.69243e-06 1.69664e-05 1.59316e-05 1.79769e+308 2.50467 inf
980 5.76936e-06 1.65435e-05 1.59316e-05 1.79769e+308 2.50467 inf
981 5.71729e-06 1.71367e-05 1.59316e-05 1.79769e+308 2.50467 inf
982 5.73423e-06 1.66648e-05 1.59316e-05 1.79769e+308 2.50467 inf
983 5.78761e-06 1.67115e-05 1.59316e-05 1.79769e+308 2.50467 inf
984 5.63786e-06 1.71813e-05 1.59316e-05 1.79769e+308 2.50467 inf
985 5.7612e-06 1.67233e-05 1.59316e-05 1.79769e+308 2.50467 inf
986 5.7439e-06 1.66615e-05 1.59316e-05 1.79769e+308 2.50467 inf
987 5.67007e-06 1.7182e-05 1.59316e-05 1.79769e+308 2.50467 inf
988 5.70687e-06 1.66128e-05 1.59316e-05 1.79769e+308 2.50467 inf
989 5.81888e-06 1.67724e-05 1.59316e-05 1.79769e+308 2.50467 inf
990 5.66048e-06 1.78071e-05 1.59316e-05 1.79769e+308 2.50467 inf
991 5.92845e-06 1.79172e-05 1.59316e-05 1.79769e+308 2.50467 inf
992 5.66825e-06 1.71359e-05 1.59316e-05 1.79769e+308 2.50467 inf
993 5.79292e-06 1.59084e-05 1.59316e-05 1.79769e+308 2.50467 inf
994 5.73068e-06 1.88487e-05 1.59084e-05 1.79769e+308 2.50284 inf
995 5.62704e-06 1.77263e-05 1.59084e-05 1.79769e+308 2.50284 inf
996 5.70285e-06 1.69606e-05 1.59084e-05 1.79769e+308 2.50284 inf
997 5.85651e-06 1.65727e-05 1.59084e-05 1.79769e+308 2.50284 inf
998 5.67197e-06 1.69732e-05 1.59084e-05 1.79769e+308 2.50284 inf
999 5.76564e-06 1.82804e-05 1.59084e-05 1.79769e+308 2.50284 inf
1000 5.86856e-06 1.78659e-05 1.59084e-05 1.79769e+308 2.50284 inf
1001 5.62521e-06 1.69025e-05 1.59084e-05 1.79769e+308 2.50284 inf
1002 5.74178e-06 1.81053e-05 1.59084e-05 1.79769e+308 2.50284 inf
1003 5.88029e-06 1.71692e-05 1.59084e-05 1.79769e+308 2.50284 inf
1004 5.55635e-06 1.69774e-05 1.59084e-05 1.79769e+308 2.50284 inf
1005 5.76708e-06 1.70352e-05 1.59084e-05 1.79769e+308 2.50284 inf
1006 5.72652e-06 1.80306e-05 1.59084e-05 1.79769e+308 2.50284 inf
1007 5.68984e-06 1.75401e-05 1.59084e-05 1.79769e+308 2.50284 inf
1008 5.73599e-06 1.7224e-05 1.59084e-05 1.79769e+308 2.50284 inf
1009 5.78456e-06 1.77521e-05 1.59084e-05 1.79769e+308 2.50284 inf
1010 5.74208e-06 1.63633e-05 1.59084e-05 1.79769e+308 2.50284 inf
1011 5.63871e-06 1.71512e-05 1.59084e-05 1.79769e+308 2.50284 inf
1012 5.75306e-06 1.65994e-05 1.59084e-05 1.79769e+308 2.50284 inf
1013 5.75484e-06 1.70734e-05 1.59084e-05 1.79769e+308 2.50284 inf
1014 5.76502e-06 1.73861e-05 1.59084e-05 1.79769e+308 2.50284 inf
1015 5.74556e-06 1.6303e-05 1.59084e-05 1.79769e+308 2.50284 inf
1016 5.7006e-06 1.66877e-05 1.59084e-05 1.79769e+308 2.50284 inf
1017 5.70901e-06 1.69123e-05 1.59084e-05 1.79769e+308 2.50284 inf
1018 5.65228e-06 1.86576e-05 1.59084e-05 1.79769e+308 2.50284 inf
1019 5.76739e-06 1.71532e-05 1.59084e-05 1.79769e+308 2.50284 inf
1020 5.72398e-06 2.70142e-05 1.59084e-05 1.79769e+308 2.50284 inf
1021 5.73396e-06 1.70837e-05 1.59084e-05 1.79769e+308 2.50284 inf
1022 5.72663e-06 1.79051e-05 1.59084e-05 1.79769e+308 2.50284 inf
1023 5.74485e-06 1.69093e-05 1.59084e-05 1.79769e+308 2.50284 inf
1024 5.74193e-06 1.68391e-05 1.59084e-05 1.79769e+308 2.50284 inf
1025 5.6543e-06 1.82973e-05 1.59084e-05 1.79769e+308 2.50284 inf
1026 5.74052e-06 1.79822e-05 1.59084e-05 1.79769e+308 2.50284 inf
1027 5.75736e-06 1.82643e-05 1.59084e-05 1.79769e+308 2.50284 inf
1028 5.77279e-06 1.79865e-05 1.59084e-05 1.79769e+308 2.50284 inf
1029 5.72147e-06 1.71203e-05 1.59084e-05 1.79769e+308 2.50284 inf
1030 5.84081e-06 1.68954e-05 1.59084e-05 1.79769e+308 2.50284 inf
1031 5.66045e-06 1.70149e-05 1.59084e-05 1.79769e+308 2.50284 inf
1032 5.739e-06 1.75146e-05 1.59084e-05 1.79769e+308 2.50284 inf
1033 5.67786e-06 1.68352e-05 1.59084e-05 1.79769e+308 2.50284 inf
1034 5.77115e-06 1.73934e-05 1.59084e-05 1.79769e+308 2.50284 inf
1035 5.72855e-06 1.71014e-05 1.59084e-05 1.79769e+308 2.50284 inf
1036 5.67289e-06 1.65271e-05 1.59084e-05 1.79769e+308 2.50284 inf
1037 5.76621e-06 1.74331e-05 1.59084e-05 1.79769e+308 2.50284 inf
1038 5.71696e-06 1.68188e-05 1.59084e-05 1.79769e+308 2.50284 inf
1039 5.72614e-06 1.71235e-05 1.59084e-05 1.79769e+308 2.50284 inf
1040 5.7354e-06 1.69667e-05 1.59084e-05 1.79769e+308 2.50284 inf
1041 5.75378e-06 1.6921e-05 1.59084e-05 1.79769e+308 2.50284 inf
1042 5.75105e-06 1.87928e-05 1.59084e-05 1.79769e+308 2.50284 inf
1043 5.74311e-06 1.67401e-05 1.59084e-05 1.79769e+308 2.50284 inf
1044 5.7541e-06 1.70725e-05 1.59084e-05 1.79769e+308 2.50284 inf
1045 5.75234e-06 2.08788e-05 1.59084e-05 1.79769e+308 2.50284 inf
1046 5.63192e-06 1.73233e-05 1.59084e-05 1.79769e+308 2.50284 inf
1047 5.98851e-06 1.76879e-05 1.59084e-05 1.79769e+308 2.50284 inf
1048 5.81149e-06 1.70959e-05 1.59084e-05 1.79769e+308 2.50284 inf
1049 5.63319e-06 1.73185e-05 1.59084e-05 1.79769e+308 2.50284 inf
1050 5.73872e-06 1.70343e-05 1.59084e-05 1.79769e+308 2.50284 inf
1051 5.71555e-06 1.72184e-05 1.59084e-05 1.79769e+308 2.50284 inf
1052 5.69254e-06 1.66245e-05 1.59084e-05 1.79769e+308 2.50284 inf
1053 5.71718e-06 1.6749e-05 1.59084e-05 1.79769e+308 2.50284 inf
1054 5.78805e-06 1.74449e-05 1.59084e-05 1.79769e+308 2.50284 inf
1055 5.66739e-06 1.7986e-05 1.59084e-05 1.79769e+308 2.50284 inf
1056 5.75748e-06 1.69659e-05 1.59084e-05 1.79769e+308 2.50284 inf
1057 5.96374e-06 2.43589e-05 1.59084e-05 1.79769e+308 2.50284 inf
1058 5.61824e-06 1.70041e-05 1.59084e-05 1.79769e+308 2.50284 inf
1059 5.7779e-06 1.85579e-05 1.59084e-05 1.79769e+308 2.50284 inf
1060 5.69081e-06 1.69603e-05 1.59084e-05 1.79769e+308 2.50284 inf
1061 5.78928e-06 1.67703e-05 1.59084e-05 1.79769e+308 2.50284 inf
1062 5.75152e-06 1.72549e-05 1.59084e-05 1.79769e+308 2.50284 inf
1063 5.72423e-06 1.79261e-05 1.59084e-05 1.79769e+308 2.50284 inf
1064 5.83583e-06 1.75391e-05 1.59084e-05 1.79769e+308 2.50284 inf
1065 5.59784e-06 1.70269e-05 1.59084e-05 1.79769e+308 2.50284 inf
1066 5.69341e-06 1.71491e-05 1.59084e-05 1.79769e+308 2.50284 inf
1067 5.761e-06 1.66515e-05 1.59084e-05 1.79769e+308 2.50284 inf
1068 5.8351e-06 1.67322e-05 1.59084e-05 1.79769e+308 2.50284 inf
1069 5.65115e-06 1.71245e-05 1.59084e-05 1.79769e+308 2.50284 inf
1070 5.71593e-06 1.64152e-05 1.59084e-05 1.79769e+308 2.50284 inf
1071 5.73169e-06 1.88211e-05 1.59084e-05 1.79769e+308 2.50284 inf
1072 5.78921e-06 1.80606e-05 1.59084e-05 1.79769e+308 2.50284 inf
1073 5.63831e-06 1.66931e-05 1.59084e-05 1.79769e+308 2.50284 inf
1074 5.77924e-06 3.1011e-05 1.59084e-05 1.79769e+308 2.50284 inf
1075 5.74805e-06 1.68262e-05 1.59084e-05 1.79769e+308 2.50284 inf
1076 5.62101e-06 1.61344e-05 1.59084e-05 1.79769e+308 2.50284 inf
1077 5.92604e-06 1.61952e-05 1.59084e-05 1.79769e+308 2.50284 inf
1078 5.89581e-06 1.74274e-05 1.59084e-05 1.79769e+308 2.50284 inf
1079 5.56845e-06 1.6374e-05 1.59084e-05 1.79769e+308 2.50284 inf
1080 5.80318e-06 1.83654e-05 1.59084e-05 1.79769e+308 2.50284 inf
1081 5.76213e-06 1.64709e-05 1.59084e-05 1.79769e+308 2.50284 inf
1082 5.71757e-06 1.72548e-05 1.59084e-05 1.79769e+308 2.50284 inf
1083 5.87636e-06 1.60253e-05 1.59084e-05 1.79769e+308 2.50284 inf
1084 5.59666e-06 1.73349e-05 1.59084e-05 1.79769e+308 2.50284 inf
1085 5.6901e-06 1.84339e-05 1.59084e-05 1.79769e+308 2.50284 inf
1086 5.70129e-06 1.70098e-05 1.59084e-05 1.79769e+308 2.50284 inf
1087 5.77069e-06 1.73727e-05 1.59084e-05 1.79769e+308 2.50284 inf
1088 5.73382e-06 1.78331e-05 1.59084e-05 1.79769e+308 2.50284 inf
1089 5.73341e-06 1.79485e-05 1.59084e-05 1.79769e+308 2.50284 inf
1090 5.7675e-06 1.72926e-05 1.59084e-05 1.79769e+308 2.50284 inf
1091 5.70264e-06 1.75791e-05 1.59084e-05 1.79769e+308 2.50284 inf
1092 5.76668e-06 1.66947e-05 1.59084e-05 1.79769e+308 2.50284 inf
1093 5.72182e-06 1.85658e-05 1.59084e-05 1.79769e+308 2.50284 inf
1094 5.36345e-06 1.79995e-05 1.59084e-05 1.79769e+308 2.50284 inf
1095 5.42678e-06 1.6982e-05 1.59084e-05 1.79769e+308 2.50284 inf
1096 5.44765e-06 1.954e-05 1.59084e-05 1.79769e+308 2.50284 inf
1097 5.41732e-06 1.64206e-05 1.59084e-05 1.79769e+308 2.50284 inf
1098 5.4555e-06 1.71704e-05 1.59084e-05 1.79769e+308 2.50284 inf
1099 5.4169e-06 1.70808e-05 1.59084e-05 1.79769e+308 2.50284 inf
1100 5.41959e-06 1.62677e-05 1.59084e-05 1.79769e+308 2.50284 inf
1101 5.47677e-06 1.63966e-05 1.59084e-05 1.79769e+308 2.50284 inf
1102 5.45759e-06 1.82642e-05 1.59084e-05 1.79769e+308 2.50284 inf
1103 5.43953e-06 1.70932e-05 1.59084e-05 1.79769e+308 2.50284 inf
1104 5.44958e-06 1.65741e-05 1.59084e-05 1.79769e+308 2.50284 inf
1105 5.47269e-06 1.76428e-05 1.59084e-05 1.79769e+308 2.50284 inf
1106 5.46479e-06 1.71877e-05 1.59084e-05 1.79769e+308 2.50284 inf
1107 5.43225e-06 1.66677e-05 1.59084e-05 1.79769e+308 2.50284 inf
1108 5.4716e-06 1.59814e-05 1.59084e-05 1.79769e+308 2.50284 inf
1109 5.48874e-06 1.74364e-05 1.59084e-05 1.79769e+308 2.50284 inf
1110 5.49034e-06 1.71658e-05 1.59084e-05 1.79769e+308 2.50284 inf
1111 5.47031e-06 1.91388e-05 1.59084e-05 1.79769e+308 2.50284 inf
1112 5.51213e-06 2.15724e-05 1.59084e-05 1.79769e+308 2.50284 inf
1113 5.50705e-06 1.61816e-05 1.59084e-05 1.79769e+308 2.50284 inf
1114 5.50216e-06 1.71393e-05 1.59084e-05 1.79769e+308 2.50284 inf
1115 5.501e-06 1.71685e-05 1.59084e-05 1.79769e+308 2.50284 inf
1116 5.48314e-06 1.66003e-05 1.59084e-05 1.79769e+308 2.50284 inf
1117 5.5079e-06 1.63616e-05 1.59084e-05 1.79769e+308 2.50284 inf
1118 5.48717e-06 1.9861e-05 1.59084e-05 1.79769e+308 2.50284 inf
1119 5.5483e-06 1.72903e-05 1.59084e-05 1.79769e+308 2.50284 inf
1120 5.56295e-06 2.13117e-05 1.59084e-05 1.79769e+308 2.50284 inf
1121 5.53839e-06 1.68955e-05 1.59084e-05 1.79769e+308 2.50284 inf
1122 5.56144e-06 1.79687e-05 1.59084e-05 1.79769e+308 2.50284 inf
1123 5.5439e-06 1.76582e-05 1.59084e-05 1.79769e+308 2.50284 inf
1124 5.5491e-06 1.74403e-05 1.59084e-05 1.79769e+308 2.50284 inf
1125 5.56375e-06 1.67728e-05 1.59084e-05 1.79769e+308 2.50284 inf
1126 5.5517e-06 1.78259e-05 1.59084e-05 1.79769e+308 2.50284 inf
1127 5.5511e-06 1.69638e-05 1.59084e-05 1.79769e+308 2.50284 inf
1128 5.59858e-06 1.66426e-05 1.59084e-05 1.79769e+308 2.50284 inf
1129 5.54502e-06 1.84384e-05 1.59084e-05 1.79769e+308 2.50284 inf
1130 5.5831e-06 1.73782e-05 1.59084e-05 1.79769e+308 2.50284 inf
1131 5.56544e-06 1.67778e-05 1.59084e-05 1.79769e+308 2.50284 inf
1132 5.56259e-06 1.81437e-05 1.59084e-05 1.79769e+308 2.50284 inf
1133 5.56746e-06 1.76788e-05 1.59084e-05 1.79769e+308 2.50284 inf
1134 5.58816e-06 1.70523e-05 1.59084e-05 1.79769e+308 2.50284 inf
1135 5.57674e-06 1.94425e-05 1.59084e-05 1.79769e+308 2.50284 inf
1136 5.60438e-06 2.16789e-05 1.59084e-05 1.79769e+308 2.50284 inf
1137 5.58805e-06 1.90215e-05 1.59084e-05 1.79769e+308 2.50284 inf
1138 5.58433e-06 1.89032e-05 1.59084e-05 1.79769e+308 2.50284 inf
1139 5.5998e-06 1.79151e-05 1.59084e-05 1.79769e+308 2.50284 inf
1140 5.65185e-06 1.84622e-05 1.59084e-05 1.79769e+308 2.50284 inf
1141 5.60498e-06 1.64686e-05 1.59084e-05 1.79769e+308 2.50284 inf
1142 5.59455e-06 1.72851e-05 1.59084e-05 1.79769e+308 2.50284 inf
1143 5.591e-06 1.68848e-05 1.59084e-05 1.79769e+308 2.50284 inf
1144 5.59688e-06 1.81639e-05 1.59084e-05 1.79769e+308 2.50284 inf
1145 5.59117e-06 1.74346e-05 1.59084e-05 1.79769e+308 2.50284 inf
1146 5.58256e-06 1.74866e-05 1.59084e-05 1.79769e+308 2.50284 inf
1147 5.62374e-06 1.7258e-05 1.59084e-05 1.79769e+308 2.50284 inf
1148 5.62163e-06 1.76281e-05 1.59084e-05 1.79769e+308 2.50284 inf
1149 5.62729e-06 1.71278e-05 1.59084e-05 1.79769e+308 2.50284 inf
1150 5.69444e-06 1.68026e-05 1.59084e-05 1.79769e+308 2.50284 inf
1151 5.61626e-06 1.81921e-05 1.59084e-05 1.79769e+308 2.50284 inf
1152 5.67576e-06 1.9704e-05 1.59084e-05 1.79769e+308 2.50284 inf
1153 5.61566e-06 1.71301e-05 1.59084e-05 1.79769e+308 2.50284 inf
1154 5.65232e-06 1.74961e-05 1.59084e-05 1.79769e+308 2.50284 inf
1155 5.65785e-06 1.73882e-05 1.59084e-05 1.79769e+308 2.50284 inf
1156 5.62262e-06 1.64506e-05 1.59084e-05 1.79769e+308 2.50284 inf
1157 5.70272e-06 1.75127e-05 1.59084e-05 1.79769e+308 2.50284 inf
1158 5.65062e-06 1.81113e-05 1.59084e-05 1.79769e+308 2.50284 inf
1159 5.64959e-06 1.68822e-05 1.59084e-05 1.79769e+308 2.50284 inf
1160 5.63578e-06 1.75243e-05 1.59084e-05 1.79769e+308 2.50284 inf
1161 5.66364e-06 1.77122e-05 1.59084e-05 1.79769e+308 2.50284 inf
1162 5.62823e-06 1.7193e-05 1.59084e-05 1.79769e+308 2.50284 inf
1163 5.64463e-06 1.7238e-05 1.59084e-05 1.79769e+308 2.50284 inf
1164 5.70488e-06 1.74222e-05 1.59084e-05 1.79769e+308 2.50284 inf
1165 5.62563e-06 1.63221e-05 1.59084e-05 1.79769e+308 2.50284 inf
1166 5.67366e-06 1.71542e-05 1.59084e-05 1.79769e+308 2.50284 inf
1167 5.69615e-06 1.72201e-05 1.59084e-05 1.79769e+308 2.50284 inf
1168 5.64754e-06 1.69802e-05 1.59084e-05 1.79769e+308 2.50284 inf
1169 5.64246e-06 1.7286e-05 1.59084e-05 1.79769e+308 2.50284 inf
1170 5.66553e-06 1.75905e-05 1.59084e-05 1.79769e+308 2.50284 inf
1171 5.67557e-06 1.69764e-05 1.59084e-05 1.79769e+308 2.50284 inf
1172 5.70004e-06 1.7503e-05 1.59084e-05 1.79769e+308 2.50284 inf
1173 5.71486e-06 1.66325e-05 1.59084e-05 1.79769e+308 2.50284 inf
1174 5.63607e-06 1.68399e-05 1.59084e-05 1.79769e+308 2.50284 inf
1175 5.70713e-06 1.77687e-05 1.59084e-05 1.79769e+308 2.50284 inf
1176 5.65506e-06 1.75066e-05 1.59084e-05 1.79769e+308 2.50284 inf
1177 5.68295e-06 1.79438e-05 1.59084e-05 1.79769e+308 2.50284 inf
1178 5.70631e-06 1.82483e-05 1.59084e-05 1.79769e+308 2.50284 inf
1179 5.74533e-06 1.71507e-05 1.59084e-05 1.79769e+308 2.50284 inf
1180 5.7024e-06 1.82489e-05 1.59084e-05 1.79769e+308 2.50284 inf
1181 5.65084e-06 1.65875e-05 1.59084e-05 1.79769e+308 2.50284 inf
1182 5.68507e-06 1.77071e-05 1.59084e-05 1.79769e+308 2.50284 inf
1183 5.68468e-06 1.88012e-05 1.59084e-05 1.79769e+308 2.50284 inf
1184 5.70966e-06 1.7286e-05 1.59084e-05 1.79769e+308 2.50284 inf
1185 5.70565e-06 1.6437e-05 1.59084e-05 1.79769e+308 2.50284 inf
1186 5.68392e-06 1.65113e-05 1.59084e-05 1.79769e+308 2.50284 inf
1187 5.68785e-06 1.79229e-05 1.59084e-05 1.79769e+308 2.50284 inf
1188 5.74298e-06 1.63998e-05 1.59084e-05 1.79769e+308 2.50284 inf
1189 5.69954e-06 1.81973e-05 1.59084e-05 1.79769e+308 2.50284 inf
1190 5.76991e-06 1.71699e-05 1.59084e-05 1.79769e+308 2.50284 inf
1191 5.70539e-06 1.75811e-05 1.59084e-05 1.79769e+308 2.50284 inf
1192 5.71887e-06 1.63023e-05 1.59084e-05 1.79769e+308 2.50284 inf
1193 5.73867e-06 2.3576e-05 1.59084e-05 1.79769e+308 2.50284 inf
1194 5.67322e-06 1.80194e-05 1.59084e-05 1.79769e+308 2.50284 inf
1195 5.67786e-06 1.74136e-05 1.59084e-05 1.79769e+308 2.50284 inf
1196 5.7142e-06 1.74557e-05 1.59084e-05 1.79769e+308 2.50284 inf
1197 5.69321e-06 1.64496e-05 1.59084e-05 1.79769e+308 2.50284 inf
1198 5.68078e-06 1.81521e-05 1.59084e-05 1.79769e+308 2.50284 inf
1199 5.70643e-06 1.69338e-05 1.59084e-05 1.79769e+308 2.50284 inf
1200 5.73439e-06 1.94821e-05 1.59084e-05 1.79769e+308 2.50284 inf
1201 5.75834e-06 1.81207e-05 1.59084e-05 1.79769e+308 2.50284 inf
1202 5.76805e-06 1.88344e-05 1.59084e-05 1.79769e+308 2.50284 inf
1203 5.77142e-06 1.76409e-05 1.59084e-05 1.79769e+308 2.50284 inf
1204 5.7683e-06 1.7351e-05 1.59084e-05 1.79769e+308 2.50284 inf
1205 5.74755e-06 1.8095e-05 1.59084e-05 1.79769e+308 2.50284 inf
1206 5.80183e-06 1.75844e-05 1.59084e-05 1.79769e+308 2.50284 inf
1207 5.76845e-06 1.95472e-05 1.59084e-05 1.79769e+308 2.50284 inf
1208 5.79551e-06 1.74804e-05 1.59084e-05 1.79769e+308 2.50284 inf
1209 5.79353e-06 1.78841e-05 1.59084e-05 1.79769e+308 2.50284 inf
1210 5.83891e-06 1.76207e-05 1.59084e-05 1.79769e+308 2.50284 inf
1211 5.87967e-06 1.96432e-05 1.59084e-05 1.79769e+308 2.50284 inf
1212 5.88531e-06 1.81423e-05 1.59084e-05 1.79769e+308 2.50284 inf
1213 5.83885e-06 1.86838e-05 1.59084e-05 1.79769e+308 2.50284 inf
1214 5.85412e-06 1.73129e-05 1.59084e-05 1.79769e+308 2.50284 inf
1215 5.87748e-06 1.917e-05 1.59084e-05 1.79769e+308 2.50284 inf
1216 5.90454e-06 1.81592e-05 1.59084e-05 1.79769e+308 2.50284 inf
1217 5.84247e-06 1.74719e-05 1.59084e-05 1.79769e+308 2.50284 inf
1218 5.84988e-06 1.83929e-05 1.59084e-05 1.79769e+308 2.50284 inf
1219 5.86071e-06 1.78449e-05 1.59084e-05 1.79769e+308 2.50284 inf
1220 5.93438e-06 1.99361e-05 1.59084e-05 1.79769e+308 2.50284 inf
1221 5.92537e-06 1.76125e-05 1.59084e-05 1.79769e+308 2.50284 inf
1222 5.89156e-06 1.83276e-05 1.59084e-05 1.79769e+308 2.50284 inf
1223 5.93352e-06 1.80757e-05 1.59084e-05 1.79769e+308 2.50284 inf
1224 5.95689e-06 1.70816e-05 1.59084e-05 1.79769e+308 2.50284 inf
1225 5.8764e-06 1.73846e-05 1.59084e-05 1.79769e+308 2.50284 inf
1226 5.98461e-06 1.91843e-05 1.59084e-05 1.79769e+308 2.50284 inf
1227 5.89389e-06 1.81627e-05 1.59084e-05 1.79769e+308 2.50284 inf
1228 5.92701e-06 1.88422e-05 1.59084e-05 1.79769e+308 2.50284 inf
1229 6.0001e-06 1.86004e-05 1.59084e-05 1.79769e+308 2.50284 inf
1230 5.94789e-06 1.90505e-05 1.59084e-05 1.79769e+308 2.50284 inf
1231 5.96609e-06 1.78777e-05 1.59084e-05 1.79769e+308 2.50284 inf
1232 5.99334e-06 1.85727e-05 1.59084e-05 1.79769e+308 2.50284 inf
1233 6.03139e-06 1.84004e-05 1.59084e-05 1.79769e+308 2.50284 inf
1234 6.00888e-06 1.84052e-05 1.59084e-05 1.79769e+308 2.50284 inf
1235 6.02416e-06 1.85615e-05 1.59084e-05 1.79769e+308 2.50284 inf
1236 6.01008e-06 1.81634e-05 1.59084e-05 1.79769e+308 2.50284 inf
1237 5.99553e-06 1.92508e-05 1.59084e-05 1.79769e+308 2.50284 inf
1238 6.02975e-06 1.80548e-05 1.59084e-05 1.79769e+308 2.50284 inf
1239 6.02852e-06 1.8279e-05 1.59084e-05 1.79769e+308 2.50284 inf
1240 6.01314e-06 1.8619e-05 1.59084e-05 1.79769e+308 2.50284 inf
1241 6.02083e-06 1.74994e-05 1.59084e-05 1.79769e+308 2.50284 inf
1242 6.04607e-06 1.77301e-05 1.59084e-05 1.79769e+308 2.50284 inf
1243 6.06596e-06 1.76373e-05 1.59084e-05 1.79769e+308 2.50284 inf
1244 6.09922e-06 1.8261e-05 1.59084e-05 1.79769e+308 2.50284 inf
1245 6.07857e-06 1.98769e-05 1.59084e-05 1.79769e+308 2.50284 inf
1246 6.06698e-06 2.07426e-05 1.59084e-05 1.79769e+308 2.50284 inf
1247 6.08744e-06 1.80846e-05 1.59084e-05 1.79769e+308 2.50284 inf
1248 6.08368e-06 1.95814e-05 1.59084e-05 1.79769e+308 2.50284 inf
1249 6.10707e-06 1.96702e-05 1.59084e-05 1.79769e+308 2.50284 inf
1250 6.0722e-06 1.91215e-05 1.59084e-05 1.79769e+308 2.50284 inf
1251 6.05504e-06 1.95969e-05 1.59084e-05 1.79769e+308 2.50284 inf
1252 6.14317e-06 1.84012e-05 1.59084e-05 1.79769e+308 2.50284 inf
1253 6.15453e-06 1.96077e-05 1.59084e-05 1.79769e+308 2.50284 inf
1254 6.18816e-06 1.84094e-05 1.59084e-05 1.79769e+308 2.50284 inf
1255 6.11504e-06 1.84628e-05 1.59084e-05 1.79769e+308 2.50284 inf
1256 6.09454e-06 1.84518e-05 1.59084e-05 1.79769e+308 2.50284 inf
1257 6.17265e-06 1.8261e-05 1.59084e-05 1.79769e+308 2.50284 inf
1258 6.16399e-06 1.83477e-05 1.59084e-05 1.79769e+308 2.50284 inf
1259 6.14097e-06 1.80043e-05 1.59084e-05 1.79769e+308 2.50284 inf
1260 6.11037e-06 1.89547e-05 1.59084e-05 1.79769e+308 2.50284 inf
1261 6.11457e-06 1.99826e-05 1.59084e-05 1.79769e+308 2.50284 inf
1262 6.14757e-06 1.92195e-05 1.59084e-05 1.79769e+308 2.50284 inf
1263 6.13474e-06 1.86624e-05 1.59084e-05 1.79769e+308 2.50284 inf
1264 6.11854e-06 1.73875e-05 1.59084e-05 1.79769e+308 2.50284 inf
1265 6.12269e-06 1.85114e-05 1.59084e-05 1.79769e+308 2.50284 inf
1266 6.2112e-06 1.88071e-05 1.59084e-05 1.79769e+308 2.50284 inf
1267 6.19544e-06 1.92576e-05 1.59084e-05 1.79769e+308 2.50284 inf
1268 6.17199e-06 1.83825e-05 1.59084e-05 1.79769e+308 2.50284 inf
1269 6.14571e-06 1.85641e-05 1.59084e-05 1.79769e+308 2.50284 inf
1270 6.16835e-06 1.82371e-05 1.59084e-05 1.79769e+308 2.50284 inf
1271 6.15715e-06 1.99452e-05 1.59084e-05 1.79769e+308 2.50284 inf
1272 6.2007e-06 1.79287e-05 1.59084e-05 1.79769e+308 2.50284 inf
1273 6.2149e-06 1.85855e-05 1.59084e-05 1.79769e+308 2.50284 inf
1274 6.20863e-06 1.8713e-05 1.59084e-05 1.79769e+308 2.50284 inf
1275 6.24546e-06 1.94742e-05 1.59084e-05 1.79769e+308 2.50284 inf
1276 6.22885e-06 1.96846e-05 1.59084e-05 1.79769e+308 2.50284 inf
1277 6.21454e-06 1.99013e-05 1.59084e-05 1.79769e+308 2.50284 inf
1278 6.17972e-06 1.91164e-05 1.59084e-05 1.79769e+308 2.50284 inf
1279 6.22714e-06 1.7846e-05 1.59084e-05 1.79769e+308 2.50284 inf
1280 6.20858e-06 1.87057e-05 1.59084e-05 1.79769e+308 2.50284 inf
1281 6.23032e-06 1.98144e-05 1.59084e-05 1.79769e+308 2.50284 inf
1282 6.27276e-06 1.82949e-05 1.59084e-05 1.79769e+308 2.50284 inf
1283 6.24009e-06 1.76851e-05 1.59084e-05 1.79769e+308 2.50284 inf
1284 6.26603e-06 1.9249e-05 1.59084e-05 1.79769e+308 2.50284 inf
1285 6.232e-06 1.91606e-05 1.59084e-05 1.79769e+308 2.50284 inf
1286 6.2566e-06 1.8365e-05 1.59084e-05 1.79769e+308 2.50284 inf
1287 6.22917e-06 1.9571e-05 1.59084e-05 1.79769e+308 2.50284 inf
1288 6.28794e-06 1.95646e-05 1.59084e-05 1.79769e+308 2.50284 inf
1289 6.26349e-06 1.90457e-05 1.59084e-05 1.79769e+308 2.50284 inf
1290 6.2154e-06 1.98937e-05 1.59084e-05 1.79769e+308 2.50284 inf
1291 6.25893e-06 1.76535e-05 1.59084e-05 1.79769e+308 2.50284 inf
1292 6.2883e-06 1.87636e-05 1.59084e-05 1.79769e+308 2.50284 inf
1293 6.29668e-06 1.84402e-05 1.59084e-05 1.79769e+308 2.50284 inf
1294 6.4599e-06 1.95135e-05 1.59084e-05 1.79769e+308 2.50284 inf
1295 6.52361e-06 1.82124e-05 1.59084e-05 1.79769e+308 2.50284 inf
1296 6.50047e-06 1.80891e-05 1.59084e-05 1.79769e+308 2.50284 inf
1297 6.48232e-06 1.86158e-05 1.59084e-05 1.79769e+308 2.50284 inf
1298 6.50172e-06 1.82716e-05 1.59084e-05 1.79769e+308 2.50284 inf
1299 6.48489e-06 1.87756e-05 1.59084e-05 1.79769e+308 2.50284 inf
1300 6.53314e-06 1.89711e-05 1.59084e-05 1.79769e+308 2.50284 inf
1301 6.64446e-06 1.98766e-05 1.59084e-05 1.79769e+308 2.50284 inf
1302 6.60961e-06 1.89553e-05 1.59084e-05 1.79769e+308 2.50284 inf
1303 6.56192e-06 1.80401e-05 1.59084e-05 1.79769e+308 2.50284 inf
1304 6.65462e-06 1.89652e-05 1.59084e-05 1.79769e+308 2.50284 inf
1305 6.58313e-06 1.88508e-05 1.59084e-05 1.79769e+308 2.50284 inf
1306 6.69003e-06 1.95612e-05 1.59084e-05 1.79769e+308 2.50284 inf
1307 6.72186e-06 1.92842e-05 1.59084e-05 1.79769e+308 2.50284 inf
1308 6.7843e-06 1.88028e-05 1.59084e-05 1.79769e+308 2.50284 inf
1309 6.74201e-06 2.01913e-05 1.59084e-05 1.79769e+308 2.50284 inf
1310 6.73758e-06 1.92424e-05 1.59084e-05 1.79769e+308 2.50284 inf
1311 6.69614e-06 1.93231e-05 1.59084e-05 1.79769e+308 2.50284 inf
1312 6.66398e-06 1.82265e-05 1.59084e-05 1.79769e+308 2.50284 inf
1313 6.77521e-06 1.95757e-05 1.59084e-05 1.79769e+308 2.50284 inf
1314 6.77533e-06 1.92845e-05 1.59084e-05 1.79769e+308 2.50284 inf
1315 6.75496e-06 1.92262e-05 1.59084e-05 1.79769e+308 2.50284 inf
1316 6.85382e-06 2.06387e-05 1.59084e-05 1.79769e+308 2.50284 inf
1317 6.81517e-06 1.93637e-05 1.59084e-05 1.79769e+308 2.50284 inf
1318 6.8361e-06 1.92598e-05 1.59084e-05 1.79769e+308 2.50284 inf
1319 6.87108e-06 1.91937e-05 1.59084e-05 1.79769e+308 2.50284 inf
1320 6.87821e-06 1.83074e-05 1.59084e-05 1.79769e+308 2.50284 inf
1321 6.90851e-06 1.99459e-05 1.59084e-05 1.79769e+308 2.50284 inf
1322 6.9332e-06 1.99416e-05 1.59084e-05 1.79769e+308 2.50284 inf
1323 6.88561e-06 1.98057e-05 1.59084e-05 1.79769e+308 2.50284 inf
1324 6.96927e-06 2.09058e-05 1.59084e-05 1.79769e+308 2.50284 inf
1325 6.94354e-06 1.98648e-05 1.59084e-05 1.79769e+308 2.50284 inf
1326 6.88493e-06 1.96183e-05 1.59084e-05 1.79769e+308 2.50284 inf
1327 6.93181e-06 2.02457e-05 1.59084e-05 1.79769e+308 2.50284 inf
1328 6.99852e-06 1.88473e-05 1.59084e-05 1.79769e+308 2.50284 inf
1329 7.0421e-06 2.08179e-05 1.59084e-05 1.79769e+308 2.50284 inf
1330 7.05457e-06 2.04711e-05 1.59084e-05 1.79769e+308 2.50284 inf
1331 7.07228e-06 1.94296e-05 1.59084e-05 1.79769e+308 2.50284 inf
1332 7.00741e-06 1.89433e-05 1.59084e-05 1.79769e+308 2.50284 inf
1333 7.14199e-06 2.0524e-05 1.59084e-05 1.79769e+308 2.50284 inf
1334 7.10454e-06 1.96822e-05 1.59084e-05 1.79769e+308 2.50284 inf
1335 7.17811e-06 2.05724e-05 1.59084e-05 1.79769e+308 2.50284 inf
1336 7.07913e-06 1.95208e-05 1.59084e-05 1.79769e+308 2.50284 inf
1337 7.03797e-06 1.89871e-05 1.59084e-05 1.79769e+308 2.50284 inf
1338 7.14569e-06 1.99238e-05 1.59084e-05 1.79769e+308 2.50284 inf
1339 7.13099e-06 1.98029e-05 1.59084e-05 1.79769e+308 2.50284 inf
1340 7.14519e-06 2.07143e-05 1.59084e-05 1.79769e+308 2.50284 inf
1341 7.15268e-06 2.04413e-05 1.59084e-05 1.79769e+308 2.50284 inf
1342 7.15866e-06 2.006e-05 1.59084e-05 1.79769e+308 2.50284 inf
1343 7.21288e-06 2.0009e-05 1.59084e-05 1.79769e+308 2.50284 inf
1344 7.27425e-06 2.05268e-05 1.59084e-05 1.79769e+308 2.50284 inf
1345 7.26471e-06 1.95034e-05 1.59084e-05 1.79769e+308 2.50284 inf
1346 7.22502e-06 2.05315e-05 1.59084e-05 1.79769e+308 2.50284 inf
1347 7.21027e-06 1.91677e-05 1.59084e-05 1.79769e+308 2.50284 inf
1348 7.25252e-06 1.9165e-05 1.59084e-05 1.79769e+308 2.50284 inf
1349 7.20226e-06 2.07814e-05 1.59084e-05 1.79769e+308 2.50284 inf
1350 7.17601e-06 2.04058e-05 1.59084e-05 1.79769e+308 2.50284 inf
1351 7.30009e-06 1.96977e-05 1.59084e-05 1.79769e+308 2.50284 inf
1352 7.31138e-06 2.10136e-05 1.59084e-05 1.79769e+308 2.50284 inf
1353 7.2783e-06 2.12812e-05 1.59084e-05 1.79769e+308 2.50284 inf
1354 7.3737e-06 2.11584e-05 1.59084e-05 1.79769e+308 2.50284 inf
1355 7.32251e-06 2.1659e-05 1.59084e-05 1.79769e+308 2.50284 inf
1356 7.22317e-06 1.97705e-05 1.59084e-05 1.79769e+308 2.50284 inf
1357 7.33043e-06 1.97577e-05 1.59084e-05 1.79769e+308 2.50284 inf
1358 7.24156e-06 1.93866e-05 1.59084e-05 1.79769e+308 2.50284 inf
1359 7.44107e-06 2.15263e-05 1.59084e-05 1.79769e+308 2.50284 inf
1360 7.41954e-06 2.26007e-05 1.59084e-05 1.79769e+308 2.50284 inf
1361 7.39396e-06 2.00797e-05 1.59084e-05 1.79769e+308 2.50284 inf
1362 7.43015e-06 2.00077e-05 1.59084e-05 1.79769e+308 2.50284 inf
1363 7.44302e-06 2.09824e-05 1.59084e-05 1.79769e+308 2.50284 inf
1364 7.56593e-06 2.11369e-05 1.59084e-05 1.79769e+308 2.50284 inf
1365 7.40294e-06 2.15862e-05 1.59084e-05 1.79769e+308 2.50284 inf
1366 7.43977e-06 2.09367e-05 1.59084e-05 1.79769e+308 2.50284 inf
1367 7.50515e-06 2.08034e-05 1.59084e-05 1.79769e+308 2.50284 inf
1368 7.51724e-06 2.09074e-05 1.59084e-05 1.79769e+308 2.50284 inf
1369 7.51061e-06 2.24367e-05 1.59084e-05 1.79769e+308 2.50284 inf
1370 7.4817e-06 2.15171e-05 1.59084e-05 1.79769e+308 2.50284 inf
1371 7.56256e-06 2.14692e-05 1.59084e-05 1.79769e+308 2.50284 inf
1372 7.55051e-06 2.08362e-05 1.59084e-05 1.79769e+308 2.50284 inf
1373 7.48979e-06 2.17216e-05 1.59084e-05 1.79769e+308 2.50284 inf
1374 7.55095e-06 2.06509e-05 1.59084e-05 1.79769e+308 2.50284 inf
1375 7.53335e-06 2.35911e-05 1.59084e-05 1.79769e+308 2.50284 inf
1376 7.63715e-06 2.10476e-05 1.59084e-05 1.79769e+308 2.50284 inf
1377 7.53618e-06 2.09184e-05 1.59084e-05 1.79769e+308 2.50284 inf
1378 7.5351e-06 2.05467e-05 1.59084e-05 1.79769e+308 2.50284 inf
1379 7.64518e-06 2.16886e-05 1.59084e-05 1.79769e+308 2.50284 inf
1380 7.58737e-06 2.01738e-05 1.59084e-05 1.79769e+308 2.50284 inf
1381 7.5522e-06 2.00418e-05 1.59084e-05 1.79769e+308 2.50284 inf
1382 7.59797e-06 2.04233e-05 1.59084e-05 1.79769e+308 2.50284 inf
1383 7.57718e-06 2.12713e-05 1.59084e-05 1.79769e+308 2.50284 inf
1384 7.66467e-06 2.1602e-05 1.59084e-05 1.79769e+308 2.50284 inf
1385 7.59616e-06 2.22502e-05 1.59084e-05 1.79769e+308 2.50284 inf
1386 7.60401e-06 2.09438e-05 1.59084e-05 1.79769e+308 2.50284 inf
1387 7.78468e-06 2.22952e-05 1.59084e-05 1.79769e+308 2.50284 inf
1388 7.66096e-06 2.13483e-05 1.59084e-05 1.79769e+308 2.50284 inf
1389 7.66939e-06 2.14637e-05 1.59084e-05 1.79769e+308 2.50284 inf
1390 7.63953e-06 2.10092e-05 1.59084e-05 1.79769e+308 2.50284 inf
1391 7.70514e-06 2.18571e-05 1.59084e-05 1.79769e+308 2.50284 inf
1392 7.64016e-06 2.00631e-05 1.59084e-05 1.79769e+308 2.50284 inf
1393 7.69235e-06 2.0647e-05 1.59084e-05 1.79769e+308 2.50284 inf
1394 8.22472e-06 2.09093e-05 1.59084e-05 1.79769e+308 2.50284 inf
1395 8.18628e-06 2.17265e-05 1.59084e-05 1.79769e+308 2.50284 inf
1396 8.27574e-06 2.15745e-05 1.59084e-05 1.79769e+308 2.50284 inf
1397 8.18622e-06 2.19316e-05 1.59084e-05 1.79769e+308 2.50284 inf
1398 8.299e-06 2.07088e-05 1.59084e-05 1.79769e+308 2.50284 inf
1399 8.30018e-06 2.14682e-05 1.59084e-05 1.79769e+308 2.50284 inf
1400 8.50497e-06 2.23637e-05 1.59084e-05 1.79769e+308 2.50284 inf
1401 8.31062e-06 2.09245e-05 1.59084e-05 1.79769e+308 2.50284 inf
1402 8.46605e-06 2.16735e-05 1.59084e-05 1.79769e+308 2.50284 inf
1403 8.33758e-06 2.54954e-05 1.59084e-05 1.79769e+308 2.50284 inf
1404 8.62238e-06 2.28729e-05 1.59084e-05 1.79769e+308 2.50284 inf
1405 8.36463e-06 2.16935e-05 1.59084e-05 1.79769e+308 2.50284 inf
1406 8.60073e-06 2.17231e-05 1.59084e-05 1.79769e+308 2.50284 inf
1407 8.57602e-06 2.15614e-05 1.59084e-05 1.79769e+308 2.50284 inf
1408 8.7237e-06 2.15885e-05 1.59084e-05 1.79769e+308 2.50284 inf
1409 8.43813e-06 2.11147e-05 1.59084e-05 1.79769e+308 2.50284 inf
1410 8.41774e-06 2.36166e-05 1.59084e-05 1.79769e+308 2.50284 inf
1411 8.64246e-06 2.18206e-05 1.59084e-05 1.79769e+308 2.50284 inf
1412 8.71041e-06 2.15312e-05 1.59084e-05 1.79769e+308 2.50284 inf
1413 8.63057e-06 2.15282e-05 1.59084e-05 1.79769e+308 2.50284 inf
1414 8.79446e-06 2.14841e-05 1.59084e-05 1.79769e+308 2.50284 inf
1415 8.61537e-06 2.17151e-05 1.59084e-05 1.79769e+308 2.50284 inf
1416 8.62776e-06 2.11573e-05 1.59084e-05 1.79769e+308 2.50284 inf
1417 8.73655e-06 2.23294e-05 1.59084e-05 1.79769e+308 2.50284 inf
1418 8.91249e-06 2.28774e-05 1.59084e-05 1.79769e+308 2.50284 inf
1419 8.94497e-06 2.15734e-05 1.59084e-05 1.79769e+308 2.50284 inf
1420 8.81625e-06 2.18638e-05 1.59084e-05 1.79769e+308 2.50284 inf
1421 8.75795e-06 2.0731e-05 1.59084e-05 1.79769e+308 2.50284 inf
1422 8.8645e-06 2.37448e-05 1.59084e-05 1.79769e+308 2.50284 inf
1423 8.92743e-06 2.42324e-05 1.59084e-05 1.79769e+308 2.50284 inf
1424 9.08937e-06 2.34762e-05 1.59084e-05 1.79769e+308 2.50284 inf
1425 9.02996e-06 2.29872e-05 1.59084e-05 1.79769e+308 2.50284 inf
1426 8.92356e-06 2.35524e-05 1.59084e-05 1.79769e+308 2.50284 inf
1427 9.17888e-06 2.32009e-05 1.59084e-05 1.79769e+308 2.50284 inf
1428 9.29159e-06 2.33367e-05 1.59084e-05 1.79769e+308 2.50284 inf
1429 9.16833e-06 2.1982e-05 1.59084e-05 1.79769e+308 2.50284 inf
1430 9.0948e-06 2.22856e-05 1.59084e-05 1.79769e+308 2.50284 inf
1431 9.3727e-06 2.41375e-05 1.59084e-05 1.79769e+308 2.50284 inf
1432 9.09118e-06 2.45919e-05 1.59084e-05 1.79769e+308 2.50284 inf
1433 9.02991e-06 2.33383e-05 1.59084e-05 1.79769e+308 2.50284 inf
1434 9.19474e-06 2.13281e-05 1.59084e-05 1.79769e+308 2.50284 inf
1435 9.00819e-06 2.22944e-05 1.59084e-05 1.79769e+308 2.50284 inf
1436 9.31693e-06 2.25698e-05 1.59084e-05 1.79769e+308 2.50284 inf
1437 9.13035e-06 2.28414e-05 1.59084e-05 1.79769e+308 2.50284 inf
1438 9.31107e-06 2.2331e-05 1.59084e-05 1.79769e+308 2.50284 inf
1439 9.36039e-06 2.26663e-05 1.59084e-05 1.79769e+308 2.50284 inf
1440 9.18155e-06 2.50426e-05 1.59084e-05 1.79769e+308 2.50284 inf
1441 9.3431e-06 2.23717e-05 1.59084e-05 1.79769e+308 2.50284 inf
1442 9.41174e-06 2.22888e-05 1.59084e-05 1.79769e+308 2.50284 inf
1443 9.39185e-06 2.28927e-05 1.59084e-05 1.79769e+308 2.50284 inf
1444 9.63291e-06 2.28402e-05 1.59084e-05 1.79769e+308 2.50284 inf
1445 9.43454e-06 2.52641e-05 1.59084e-05 1.79769e+308 2.50284 inf
1446 9.31394e-06 2.14706e-05 1.59084e-05 1.79769e+308 2.50284 inf
1447 9.51813e-06 2.35316e-05 1.59084e-05 1.79769e+308 2.50284 inf
1448 9.55642e-06 2.43292e-05 1.59084e-05 1.79769e+308 2.50284 inf
1449 9.37227e-06 2.1893e-05 1.59084e-05 1.79769e+308 2.50284 inf
1450 9.49416e-06 2.26436e-05 1.59084e-05 1.79769e+308 2.50284 inf
1451 9.66805e-06 2.32143e-05 1.59084e-05 1.79769e+308 2.50284 inf
1452 9.49384e-06 2.31795e-05 1.59084e-05 1.79769e+308 2.50284 inf
1453 9.56408e-06 2.6644e-05 1.59084e-05 1.79769e+308 2.50284 inf
1454 9.71344e-06 2.40285e-05 1.59084e-05 1.79769e+308 2.50284 inf
1455 9.61488e-06 2.23089e-05 1.59084e-05 1.79769e+308 2.50284 inf
1456 9.83799e-06 2.32013e-05 1.59084e-05 1.79769e+308 2.50284 inf
1457 9.78211e-06 2.49748e-05 1.59084e-05 1.79769e+308 2.50284 inf
1458 9.87738e-06 2.35733e-05 1.59084e-05 1.79769e+308 2.50284 inf
1459 9.82239e-06 2.3028e-05 1.59084e-05 1.79769e+308 2.50284 inf
1460 9.61307e-06 2.35728e-05 1.59084e-05 1.79769e+308 2.50284 inf
1461 9.81408e-06 2.28699e-05 1.59084e-05 1.79769e+308 2.50284 inf
1462 9.8337e-06 2.2875e-05 1.59084e-05 1.79769e+308 2.50284 inf
1463 9.63689e-06 2.26581e-05 1.59084e-05 1.79769e+308 2.50284 inf
1464 9.76932e-06 2.38864e-05 1.59084e-05 1.79769e+308 2.50284 inf
1465 9.86075e-06 2.30195e-05 1.59084e-05 1.79769e+308 2.50284 inf
1466 9.9124e-06 2.5301e-05 1.59084e-05 1.79769e+308 2.50284 inf
1467 1.00619e-05 2.5233e-05 1.59084e-05 1.79769e+308 2.50284 inf
1468 9.79316e-06 2.36224e-05 1.59084e-05 1.79769e+308 2.50284 inf
1469 1.01434e-05 2.40021e-05 1.59084e-05 1.79769e+308 2.50284 inf
1470 1.02477e-05 2.38269e-05 1.59084e-05 1.79769e+308 2.50284 inf
1471 1.01391e-05 2.4559e-05 1.59084e-05 1.79769e+308 2.50284 inf
1472 1.01763e-05 2.56452e-05 1.59084e-05 1.79769e+308 2.50284 inf
1473 1.00492e-05 2.25406e-05 1.59084e-05 1.79769e+308 2.50284 inf
1474 1.00892e-05 2.37097e-05 1.59084e-05 1.79769e+308 2.50284 inf
1475 1.00919e-05 2.37592e-05 1.59084e-05 1.79769e+308 2.50284 inf
1476 1.01557e-05 2.32261e-05 1.59084e-05 1.79769e+308 2.50284 inf
1477 1.02968e-05 2.42517e-05 1.59084e-05 1.79769e+308 2.50284 inf
1478 1.00665e-05 2.4024e-05 1.59084e-05 1.79769e+308 2.50284 inf
1479 1.02959e-05 2.54261e-05 1.59084e-05 1.79769e+308 2.50284 inf
1480 1.00896e-05 2.3016e-05 1.59084e-05 1.79769e+308 2.50284 inf
1481 1.00308e-05 2.40391e-05 1.59084e-05 1.79769e+308 2.50284 inf
1482 1.00865e-05 2.26848e-05 1.59084e-05 1.79769e+308 2.50284 inf
1483 9.91142e-06 2.38122e-05 1.59084e-05 1.79769e+308 2.50284 inf
1484 1.03841e-05 2.48185e-05 1.59084e-05 1.79769e+308 2.50284 inf
1485 1.03011e-05 2.38799e-05 1.59084e-05 1.79769e+308 2.50284 inf
1486 1.02492e-05 2.32187e-05 1.59084e-05 1.79769e+308 2.50284 inf
1487 1.02559e-05 2.50726e-05 1.59084e-05 1.79769e+308 2.50284 inf
1488 1.04669e-05 2.6802e-05 1.59084e-05 1.79769e+308 2.50284 inf
1489 1.04468e-05 2.46732e-05 1.59084e-05 1.79769e+308 2.50284 inf
1490 1.03872e-05 2.64356e-05 1.59084e-05 1.79769e+308 2.50284 inf
1491 1.05112e-05 2.49528e-05 1.59084e-05 1.79769e+308 2.50284 inf
1492 1.04216e-05 2.55197e-05 1.59084e-05 1.79769e+308 2.50284 inf
1493 1.04161e-05 2.40439e-05 1.59084e-05 1.79769e+308 2.50284 inf
