1 25.9241 0.309336 1.79769e+308 1.79769e+308 inf inf
2 0.444114 0.0397172 1.79769e+308 1.79769e+308 inf inf
3 0.513315 0.0301058 0.0397172 0.00116608 125.057 21.4281
4 0.184979 0.0281943 0.0301058 0.000971859 108.879 19.5624
5 0.266042 0.0554119 0.0281943 0.000792628 105.366 17.6667
6 0.165967 0.0220636 0.0281943 0.000792628 105.366 17.6667
7 0.233335 0.119855 0.0220636 0.000597278 93.2091 15.3359
8 0.0885053 0.0125579 0.0220636 0.000597278 93.2091 15.3359
9 0.16578 0.0230576 0.0125579 0.000490126 70.3199 13.8923
10 0.294694 0.0174586 0.0125579 0.000490126 70.3199 13.8923
11 0.0674486 0.0249814 0.0125579 0.000490126 70.3199 13.8923
12 0.141401 0.0433265 0.0125579 0.000490126 70.3199 13.8923
13 0.0799633 2.74764 0.0125579 0.000490126 70.3199 13.8923
14 0.205452 0.0290153 0.0125579 0.000490126 70.3199 13.8923
15 0.0711341 0.0212126 0.0125579 0.000490126 70.3199 13.8923
16 0.0596926 0.0470802 0.0125579 0.000490126 70.3199 13.8923
17 0.0619495 0.0223657 0.0125579 0.000490126 70.3199 13.8923
18 0.0853547 0.0111558 0.0125579 0.000490126 70.3199 13.8923
19 0.054134 0.0144322 0.0111558 0.000354981 66.2782 11.8229
20 0.0403395 0.0169466 0.0111558 0.000354981 66.2782 11.8229
21 0.0938701 0.0264236 0.0111558 0.000354981 66.2782 11.8229
22 0.049235 0.0577433 0.0111558 0.000354981 66.2782 11.8229
23 0.0536882 0.00824528 0.0111558 0.000354981 66.2782 11.8229
24 0.0570598 0.0215393 0.00824528 0.000323736 56.9801 11.2906
25 0.0313351 0.0481712 0.00824528 0.000323736 56.9801 11.2906
26 0.0684799 0.0332905 0.00824528 0.000323736 56.9801 11.2906
27 0.0326578 0.00594416 0.00824528 0.000323736 56.9801 11.2906
28 0.0445414 0.160672 0.00594416 0.000314808 48.38 11.1338
29 0.0460277 0.303093 0.00594416 0.000314808 48.38 11.1338
30 0.169162 0.192644 0.00594416 0.000314808 48.38 11.1338
31 0.0322719 0.00679674 0.00594416 0.000314808 48.38 11.1338
32 0.0213917 0.0286199 0.00594416 0.000314808 48.38 11.1338
33 0.0377424 0.00660575 0.00594416 0.000314808 48.38 11.1338
34 0.0286086 0.0246404 0.00594416 0.000314808 48.38 11.1338
35 0.0515916 0.0073293 0.00594416 0.000314808 48.38 11.1338
36 0.0359334 0.00642283 0.00594416 0.000314808 48.38 11.1338
37 0.0754089 0.00609056 0.00594416 0.000314808 48.38 11.1338
38 0.0178746 0.00396329 0.00594416 0.000314808 48.38 11.1338
39 0.0290358 0.020162 0.00396329 0.000297102 39.5047 10.8162
40 0.0410175 0.0360092 0.00396329 0.000297102 39.5047 10.8162
41 0.0373353 0.0643617 0.00396329 0.000297102 39.5047 10.8162
42 0.0418805 0.00386163 0.00396329 0.000297102 39.5047 10.8162
43 0.0342788 0.00533014 0.00386163 0.000292116 38.9947 10.725
44 0.0339062 0.00816489 0.00386163 0.000292116 38.9947 10.725
45 0.0313407 0.00740254 0.00386163 0.000292116 38.9947 10.725
46 0.0379419 0.168409 0.00386163 0.000292116 38.9947 10.725
47 0.103741 0.0124264 0.00386163 0.000292116 38.9947 10.725
48 0.0597859 0.00402682 0.00386163 0.000292116 38.9947 10.725
49 0.0149655 0.0231125 0.00386163 0.000292116 38.9947 10.725
50 0.0315145 0.0495066 0.00386163 0.000292116 38.9947 10.725
51 0.0257203 0.0155312 0.00386163 0.000292116 38.9947 10.725
52 0.0833811 0.00894754 0.00386163 0.000292116 38.9947 10.725
53 0.0126434 0.00476842 0.00386163 0.000292116 38.9947 10.725
54 0.0249502 0.0310832 0.00386163 0.000292116 38.9947 10.725
55 0.142725 0.00731125 0.00386163 0.000292116 38.9947 10.725
56 0.0242306 0.0125041 0.00386163 0.000292116 38.9947 10.725
57 0.0253577 0.0223696 0.00386163 0.000292116 38.9947 10.725
58 0.0263786 0.0683359 0.00386163 0.000292116 38.9947 10.725
59 0.0354345 0.0109885 0.00386163 0.000292116 38.9947 10.725
60 0.0295799 0.00744565 0.00386163 0.000292116 38.9947 10.725
61 0.0412134 0.0170765 0.00386163 0.000292116 38.9947 10.725
62 0.043097 0.0951047 0.00386163 0.000292116 38.9947 10.725
63 0.0184634 0.0264035 0.00386163 0.000292116 38.9947 10.725
64 0.0641122 0.0154117 0.00386163 0.000292116 38.9947 10.725
65 0.0244092 0.0411844 0.00386163 0.000292116 38.9947 10.725
66 0.025783 0.0543353 0.00386163 0.000292116 38.9947 10.725
67 0.0462647 0.00765002 0.00386163 0.000292116 38.9947 10.725
68 0.0206683 0.00979255 0.00386163 0.000292116 38.9947 10.725
69 0.0534791 0.371266 0.00386163 0.000292116 38.9947 10.725
70 0.0601819 0.0228903 0.00386163 0.000292116 38.9947 10.725
71 0.0169927 0.00657274 0.00386163 0.000292116 38.9947 10.725
72 0.0247358 0.00511458 0.00386163 0.000292116 38.9947 10.725
73 0.0814987 0.0636707 0.00386163 0.000292116 38.9947 10.725
74 0.0120085 0.00484267 0.00386163 0.000292116 38.9947 10.725
75 0.0257965 0.0103726 0.00386163 0.000292116 38.9947 10.725
76 0.0285815 0.00502115 0.00386163 0.000292116 38.9947 10.725
77 0.0325445 0.0163481 0.00386163 0.000292116 38.9947 10.725
78 0.0260948 0.0137682 0.00386163 0.000292116 38.9947 10.725
79 0.0247505 0.0435971 0.00386163 0.000292116 38.9947 10.725
80 0.0386861 0.00561614 0.00386163 0.000292116 38.9947 10.725
81 0.0366335 0.00582108 0.00386163 0.000292116 38.9947 10.725
82 0.0624546 0.00845264 0.00386163 0.000292116 38.9947 10.725
83 0.0186454 0.00583104 0.00386163 0.000292116 38.9947 10.725
84 0.020866 0.020568 0.00386163 0.000292116 38.9947 10.725
85 0.0619323 0.00508305 0.00386163 0.000292116 38.9947 10.725
86 0.0155509 0.00511521 0.00386163 0.000292116 38.9947 10.725
87 0.160946 0.00573608 0.00386163 0.000292116 38.9947 10.725
88 0.00926308 0.00946946 0.00386163 0.000292116 38.9947 10.725
89 0.0205818 0.00740589 0.00386163 0.000292116 38.9947 10.725
90 0.0306885 0.0105658 0.00386163 0.000292116 38.9947 10.725
91 0.0274942 0.0245239 0.00386163 0.000292116 38.9947 10.725
92 0.0210455 0.0258406 0.00386163 0.000292116 38.9947 10.725
93 0.0535018 0.00664725 0.00386163 0.000292116 38.9947 10.725
94 0.0288908 0.010038 0.00386163 0.000292116 38.9947 10.725
95 0.0365435 0.0125953 0.00386163 0.000292116 38.9947 10.725
96 0.0292295 0.0118007 0.00386163 0.000292116 38.9947 10.725
97 0.0240777 0.00595104 0.00386163 0.000292116 38.9947 10.725
98 0.0261482 0.00480112 0.00386163 0.000292116 38.9947 10.725
99 0.030325 0.01169 0.00386163 0.000292116 38.9947 10.725
100 0.0336445 0.0179509 0.00386163 0.000292116 38.9947 10.725
101 0.11638 0.00399066 0.00386163 0.000292116 38.9947 10.725
102 0.0196458 0.00557964 0.00386163 0.000292116 38.9947 10.725
103 0.035903 0.00424074 0.00386163 0.000292116 38.9947 10.725
104 0.0269847 0.0292327 0.00386163 0.000292116 38.9947 10.725
105 0.0284985 0.0195433 0.00386163 0.000292116 38.9947 10.725
106 0.0228344 0.0268768 0.00386163 0.000292116 38.9947 10.725
107 0.0478167 0.00691069 0.00386163 0.000292116 38.9947 10.725
108 0.0452782 0.00504188 0.00386163 0.000292116 38.9947 10.725
109 0.019247 0.00719181 0.00386163 0.000292116 38.9947 10.725
110 0.0261065 0.00641456 0.00386163 0.000292116 38.9947 10.725
111 0.0277898 0.0236657 0.00386163 0.000292116 38.9947 10.725
112 0.0217267 0.0246646 0.00386163 0.000292116 38.9947 10.725
113 0.0640298 0.0242318 0.00386163 0.000292116 38.9947 10.725
114 0.0100786 0.0211744 0.00386163 0.000292116 38.9947 10.725
115 0.0299798 0.0129776 0.00386163 0.000292116 38.9947 10.725
116 0.0253237 0.00824415 0.00386163 0.000292116 38.9947 10.725
117 0.0327032 0.00596735 0.00386163 0.000292116 38.9947 10.725
118 0.0250882 0.00828805 0.00386163 0.000292116 38.9947 10.725
119 0.0461437 0.0069139 0.00386163 0.000292116 38.9947 10.725
120 0.0256417 0.00628047 0.00386163 0.000292116 38.9947 10.725
121 0.0237073 0.00963937 0.00386163 0.000292116 38.9947 10.725
122 0.0326118 0.00433773 0.00386163 0.000292116 38.9947 10.725
123 0.0199343 0.0127343 0.00386163 0.000292116 38.9947 10.725
124 0.0326401 0.00643212 0.00386163 0.000292116 38.9947 10.725
125 0.095506 0.00371657 0.00386163 0.000292116 38.9947 10.725
126 0.00831077 0.0154246 0.00371657 0.00027901 38.2553 10.4817
127 0.021547 0.00574984 0.00371657 0.00027901 38.2553 10.4817
128 0.0352469 0.0173017 0.00371657 0.00027901 38.2553 10.4817
129 0.0188732 0.00713312 0.00371657 0.00027901 38.2553 10.4817
130 0.0337757 0.00768568 0.00371657 0.00027901 38.2553 10.4817
131 0.0220448 0.00641037 0.00371657 0.00027901 38.2553 10.4817
132 0.0343765 0.00402198 0.00371657 0.00027901 38.2553 10.4817
133 0.028733 0.00481813 0.00371657 0.00027901 38.2553 10.4817
134 0.0281523 0.00497406 0.00371657 0.00027901 38.2553 10.4817
135 0.0783056 0.00927748 0.00371657 0.00027901 38.2553 10.4817
136 0.0148074 0.00783101 0.00371657 0.00027901 38.2553 10.4817
137 0.0459322 0.00477154 0.00371657 0.00027901 38.2553 10.4817
138 0.0329792 0.00776834 0.00371657 0.00027901 38.2553 10.4817
139 0.0147222 0.0136066 0.00371657 0.00027901 38.2553 10.4817
140 0.0499695 0.00443336 0.00371657 0.00027901 38.2553 10.4817
141 0.012186 0.0199095 0.00371657 0.00027901 38.2553 10.4817
142 0.0362877 0.00847237 0.00371657 0.00027901 38.2553 10.4817
143 0.019064 0.00643367 0.00371657 0.00027901 38.2553 10.4817
144 0.0303396 0.019107 0.00371657 0.00027901 38.2553 10.4817
145 0.0445194 0.00483501 0.00371657 0.00027901 38.2553 10.4817
146 0.0130298 0.00549362 0.00371657 0.00027901 38.2553 10.4817
147 0.0363161 0.0196832 0.00371657 0.00027901 38.2553 10.4817
148 0.03863 0.0566234 0.00371657 0.00027901 38.2553 10.4817
149 0.0156223 0.0160064 0.00371657 0.00027901 38.2553 10.4817
150 0.0687099 0.006739 0.00371657 0.00027901 38.2553 10.4817
151 0.0227947 0.00539703 0.00371657 0.00027901 38.2553 10.4817
152 0.0159454 0.105842 0.00371657 0.00027901 38.2553 10.4817
153 0.0249603 0.00414523 0.00371657 0.00027901 38.2553 10.4817
154 0.0305748 0.0105642 0.00371657 0.00027901 38.2553 10.4817
155 0.0308857 0.0344893 0.00371657 0.00027901 38.2553 10.4817
156 0.0502604 0.00451403 0.00371657 0.00027901 38.2553 10.4817
157 0.0209585 0.0052261 0.00371657 0.00027901 38.2553 10.4817
158 0.0402789 0.00795025 0.00371657 0.00027901 38.2553 10.4817
159 0.0351893 0.00482795 0.00371657 0.00027901 38.2553 10.4817
160 0.0151384 0.0144993 0.00371657 0.00027901 38.2553 10.4817
161 0.0487273 0.00891364 0.00371657 0.00027901 38.2553 10.4817
162 0.0276964 0.0264119 0.00371657 0.00027901 38.2553 10.4817
163 0.0576869 0.00448274 0.00371657 0.00027901 38.2553 10.4817
164 0.00867859 0.0111234 0.00371657 0.00027901 38.2553 10.4817
165 0.0842636 0.00480319 0.00371657 0.00027901 38.2553 10.4817
166 0.00705333 0.0167569 0.00371657 0.00027901 38.2553 10.4817
167 0.0162238 0.0906033 0.00371657 0.00027901 38.2553 10.4817
168 0.0417504 0.0234638 0.00371657 0.00027901 38.2553 10.4817
169 0.0132234 0.0291332 0.00371657 0.00027901 38.2553 10.4817
170 0.0406822 0.0143215 0.00371657 0.00027901 38.2553 10.4817
171 0.0171205 0.00746066 0.00371657 0.00027901 38.2553 10.4817
172 0.0388118 0.00779832 0.00371657 0.00027901 38.2553 10.4817
173 0.113168 0.0101243 0.00371657 0.00027901 38.2553 10.4817
174 0.00585058 0.00428234 0.00371657 0.00027901 38.2553 10.4817
175 0.0153195 0.0040146 0.00371657 0.00027901 38.2553 10.4817
176 0.0251126 0.00413229 0.00371657 0.00027901 38.2553 10.4817
177 0.0188148 0.00690486 0.00371657 0.00027901 38.2553 10.4817
178 0.0376852 0.0051752 0.00371657 0.00027901 38.2553 10.4817
179 0.0250433 0.075006 0.00371657 0.00027901 38.2553 10.4817
180 0.080265 0.00321919 0.00371657 0.00027901 38.2553 10.4817
181 0.0113566 0.0103435 0.00321919 0.000297983 35.6036 10.8322
182 0.0226724 0.0137871 0.00321919 0.000297983 35.6036 10.8322
183 0.0202177 0.0171603 0.00321919 0.000297983 35.6036 10.8322
184 0.0471846 0.00513203 0.00321919 0.000297983 35.6036 10.8322
185 0.0153857 0.00360702 0.00321919 0.000297983 35.6036 10.8322
186 0.0293499 0.00445126 0.00321919 0.000297983 35.6036 10.8322
187 0.0257676 0.0764678 0.00321919 0.000297983 35.6036 10.8322
188 0.0768669 0.0038475 0.00321919 0.000297983 35.6036 10.8322
189 0.00760564 0.00831407 0.00321919 0.000297983 35.6036 10.8322
190 0.0266722 0.0149688 0.00321919 0.000297983 35.6036 10.8322
191 0.026548 0.00671989 0.00321919 0.000297983 35.6036 10.8322
192 0.0409472 0.0053089 0.00321919 0.000297983 35.6036 10.8322
193 0.0212915 0.0050242 0.00321919 0.000297983 35.6036 10.8322
194 0.0573795 0.00476002 0.00321919 0.000297983 35.6036 10.8322
195 0.0409207 0.00709891 0.00321919 0.000297983 35.6036 10.8322
196 0.0128948 0.0041238 0.00321919 0.000297983 35.6036 10.8322
197 0.0362875 0.00810781 0.00321919 0.000297983 35.6036 10.8322
198 0.0201767 0.0287686 0.00321919 0.000297983 35.6036 10.8322
199 0.0384916 0.00956154 0.00321919 0.000297983 35.6036 10.8322
200 0.0256474 0.00491872 0.00321919 0.000297983 35.6036 10.8322
201 0.0381712 0.147993 0.00321919 0.000297983 35.6036 10.8322
202 0.0197728 0.00817542 0.00321919 0.000297983 35.6036 10.8322
203 0.0452151 0.0118779 0.00321919 0.000297983 35.6036 10.8322
204 0.0249436 0.0109167 0.00321919 0.000297983 35.6036 10.8322
205 0.0221094 0.00364848 0.00321919 0.000297983 35.6036 10.8322
206 0.0354856 0.00920396 0.00321919 0.000297983 35.6036 10.8322
207 0.0281838 0.0153693 0.00321919 0.000297983 35.6036 10.8322
208 0.0184203 0.00498987 0.00321919 0.000297983 35.6036 10.8322
209 0.0353305 0.0203185 0.00321919 0.000297983 35.6036 10.8322
210 0.0900852 0.00838737 0.00321919 0.000297983 35.6036 10.8322
211 0.0061449 0.0109649 0.00321919 0.000297983 35.6036 10.8322
212 0.00997073 0.00449915 0.00321919 0.000297983 35.6036 10.8322
213 0.0294562 0.0161701 0.00321919 0.000297983 35.6036 10.8322
214 0.0169629 0.0139216 0.00321919 0.000297983 35.6036 10.8322
215 0.0469178 0.0129941 0.00321919 0.000297983 35.6036 10.8322
216 0.0400772 0.00370162 0.00321919 0.000297983 35.6036 10.8322
217 0.016972 0.010611 0.00321919 0.000297983 35.6036 10.8322
218 0.0306835 0.00354393 0.00321919 0.000297983 35.6036 10.8322
219 0.0239439 0.0196471 0.00321919 0.000297983 35.6036 10.8322
220 0.0959083 0.0105277 0.00321919 0.000297983 35.6036 10.8322
221 0.00723727 0.00443051 0.00321919 0.000297983 35.6036 10.8322
222 0.0182677 0.0212438 0.00321919 0.000297983 35.6036 10.8322
223 0.0388177 0.0200914 0.00321919 0.000297983 35.6036 10.8322
224 0.030268 0.0049352 0.00321919 0.000297983 35.6036 10.8322
225 0.0175324 0.0132373 0.00321919 0.000297983 35.6036 10.8322
226 0.0427846 0.00632781 0.00321919 0.000297983 35.6036 10.8322
227 0.0244542 0.00522933 0.00321919 0.000297983 35.6036 10.8322
228 0.0287471 0.00441706 0.00321919 0.000297983 35.6036 10.8322
229 0.0719061 0.00456234 0.00321919 0.000297983 35.6036 10.8322
230 0.00828689 0.0120555 0.00321919 0.000297983 35.6036 10.8322
231 0.0211786 0.0831701 0.00321919 0.000297983 35.6036 10.8322
232 0.0348633 0.00439215 0.00321919 0.000297983 35.6036 10.8322
233 0.0416765 0.00428208 0.00321919 0.000297983 35.6036 10.8322
234 0.0172368 0.00991823 0.00321919 0.000297983 35.6036 10.8322
235 0.0293994 0.00415842 0.00321919 0.000297983 35.6036 10.8322
236 0.0299096 0.011411 0.00321919 0.000297983 35.6036 10.8322
237 0.0211244 0.0351109 0.00321919 0.000297983 35.6036 10.8322
238 0.0328643 0.0155749 0.00321919 0.000297983 35.6036 10.8322
239 0.0186164 0.0910999 0.00321919 0.000297983 35.6036 10.8322
240 0.0483625 0.00362996 0.00321919 0.000297983 35.6036 10.8322
241 0.00864037 0.00350641 0.00321919 0.000297983 35.6036 10.8322
242 0.0281617 0.00660753 0.00321919 0.000297983 35.6036 10.8322
243 0.0299524 0.0225545 0.00321919 0.000297983 35.6036 10.8322
244 0.0319509 0.00665121 0.00321919 0.000297983 35.6036 10.8322
245 0.0186282 0.0121329 0.00321919 0.000297983 35.6036 10.8322
246 0.0420561 0.00398892 0.00321919 0.000297983 35.6036 10.8322
247 0.0213562 0.00606467 0.00321919 0.000297983 35.6036 10.8322
248 0.0296195 0.0162026 0.00321919 0.000297983 35.6036 10.8322
249 0.0211477 0.00519997 0.00321919 0.000297983 35.6036 10.8322
250 0.0240934 0.00657342 0.00321919 0.000297983 35.6036 10.8322
251 0.0242184 0.0196171 0.00321919 0.000297983 35.6036 10.8322
252 0.0296989 0.00638799 0.00321919 0.000297983 35.6036 10.8322
253 0.0522909 0.00425456 0.00321919 0.000297983 35.6036 10.8322
254 0.0194022 0.00336747 0.00321919 0.000297983 35.6036 10.8322
255 0.0261383 0.056591 0.00321919 0.000297983 35.6036 10.8322
256 0.0318305 0.00371507 0.00321919 0.000297983 35.6036 10.8322
257 0.0200141 0.00446777 0.00321919 0.000297983 35.6036 10.8322
258 0.0293487 0.0115936 0.00321919 0.000297983 35.6036 10.8322
259 0.0211571 0.00902004 0.00321919 0.000297983 35.6036 10.8322
260 0.118154 0.0130934 0.00321919 0.000297983 35.6036 10.8322
261 0.00596565 0.00391256 0.00321919 0.000297983 35.6036 10.8322
262 0.0217715 0.0115661 0.00321919 0.000297983 35.6036 10.8322
263 0.0319678 0.00414454 0.00321919 0.000297983 35.6036 10.8322
264 0.0283492 0.155798 0.00321919 0.000297983 35.6036 10.8322
265 0.022382 0.00813646 0.00321919 0.000297983 35.6036 10.8322
266 0.0217535 0.0127765 0.00321919 0.000297983 35.6036 10.8322
267 0.0293334 0.0035367 0.00321919 0.000297983 35.6036 10.8322
268 0.0502789 0.0531071 0.00321919 0.000297983 35.6036 10.8322
269 0.0120641 0.00897549 0.00321919 0.000297983 35.6036 10.8322
270 0.117189 0.00368599 0.00321919 0.000297983 35.6036 10.8322
271 0.00624433 0.00325295 0.00321919 0.000297983 35.6036 10.8322
272 0.0165059 0.00805144 0.00321919 0.000297983 35.6036 10.8322
273 0.0774519 0.00694397 0.00321919 0.000297983 35.6036 10.8322
274 0.0145625 0.0062401 0.00321919 0.000297983 35.6036 10.8322
275 0.0193727 0.008647 0.00321919 0.000297983 35.6036 10.8322
276 0.0323758 0.0652983 0.00321919 0.000297983 35.6036 10.8322
277 0.0503196 0.0202505 0.00321919 0.000297983 35.6036 10.8322
278 0.0139731 0.0209122 0.00321919 0.000297983 35.6036 10.8322
279 0.0259135 0.0104315 0.00321919 0.000297983 35.6036 10.8322
280 0.028138 0.154794 0.00321919 0.000297983 35.6036 10.8322
281 0.00503035 0.00410498 0.00321919 0.000297983 35.6036 10.8322
282 0.00388425 0.00310046 0.00321919 0.000297983 35.6036 10.8322
283 0.00528 0.0536082 0.00310046 0.000283821 34.9408 10.5716
284 0.00750248 0.0092603 0.00310046 0.000283821 34.9408 10.5716
285 0.00771555 0.00847758 0.00310046 0.000283821 34.9408 10.5716
286 0.00794839 0.0041684 0.00310046 0.000283821 34.9408 10.5716
287 0.00658675 0.0045355 0.00310046 0.000283821 34.9408 10.5716
288 0.00852361 0.0175555 0.00310046 0.000283821 34.9408 10.5716
289 0.00572169 0.00414615 0.00310046 0.000283821 34.9408 10.5716
290 0.00703755 0.00344189 0.00310046 0.000283821 34.9408 10.5716
291 0.00694462 0.00404631 0.00310046 0.000283821 34.9408 10.5716
292 0.0085236 0.00854261 0.00310046 0.000283821 34.9408 10.5716
293 0.0068143 0.0192108 0.00310046 0.000283821 34.9408 10.5716
294 0.00815745 0.00744946 0.00310046 0.000283821 34.9408 10.5716
295 0.00682792 0.0111361 0.00310046 0.000283821 34.9408 10.5716
296 0.00679823 0.00393064 0.00310046 0.000283821 34.9408 10.5716
297 0.00800037 0.00612402 0.00310046 0.000283821 34.9408 10.5716
298 0.00776526 0.00649992 0.00310046 0.000283821 34.9408 10.5716
299 0.0074486 0.0109565 0.00310046 0.000283821 34.9408 10.5716
300 0.00770068 0.00263483 0.00310046 0.000283821 34.9408 10.5716
301 0.00846475 0.0300165 0.00263483 0.000286861 32.2104 10.6281
302 0.00814321 0.00485132 0.00263483 0.000286861 32.2104 10.6281
303 0.00786374 0.0041578 0.00263483 0.000286861 32.2104 10.6281
304 0.00698772 0.00669448 0.00263483 0.000286861 32.2104 10.6281
305 0.00758776 0.00411444 0.00263483 0.000286861 32.2104 10.6281
306 0.00932903 0.00954531 0.00263483 0.000286861 32.2104 10.6281
307 0.00743299 0.00724113 0.00263483 0.000286861 32.2104 10.6281
308 0.00655403 0.00816847 0.00263483 0.000286861 32.2104 10.6281
309 0.00845377 0.00287945 0.00263483 0.000286861 32.2104 10.6281
310 0.00730013 0.00758502 0.00263483 0.000286861 32.2104 10.6281
311 0.00820304 0.00537339 0.00263483 0.000286861 32.2104 10.6281
312 0.00663409 0.0409839 0.00263483 0.000286861 32.2104 10.6281
313 0.00703369 0.00313646 0.00263483 0.000286861 32.2104 10.6281
314 0.00776264 0.00371204 0.00263483 0.000286861 32.2104 10.6281
315 0.0072496 0.0116239 0.00263483 0.000286861 32.2104 10.6281
316 0.00763334 0.00640316 0.00263483 0.000286861 32.2104 10.6281
317 0.00790325 0.00559843 0.00263483 0.000286861 32.2104 10.6281
318 0.00799695 0.0031966 0.00263483 0.000286861 32.2104 10.6281
319 0.00622693 0.00516644 0.00263483 0.000286861 32.2104 10.6281
320 0.00836471 0.00363132 0.00263483 0.000286861 32.2104 10.6281
321 0.00730548 0.00384759 0.00263483 0.000286861 32.2104 10.6281
322 0.00792362 0.00751018 0.00263483 0.000286861 32.2104 10.6281
323 0.00843174 0.0163087 0.00263483 0.000286861 32.2104 10.6281
324 0.00698473 0.00838916 0.00263483 0.000286861 32.2104 10.6281
325 0.00795857 0.00422281 0.00263483 0.000286861 32.2104 10.6281
326 0.00837352 0.00568845 0.00263483 0.000286861 32.2104 10.6281
327 0.00730846 0.0062466 0.00263483 0.000286861 32.2104 10.6281
328 0.00705378 0.0616253 0.00263483 0.000286861 32.2104 10.6281
329 0.00876862 0.00955903 0.00263483 0.000286861 32.2104 10.6281
330 0.0065137 0.0142045 0.00263483 0.000286861 32.2104 10.6281
331 0.00796284 0.00343894 0.00263483 0.000286861 32.2104 10.6281
332 0.00843253 0.0115214 0.00263483 0.000286861 32.2104 10.6281
333 0.00820287 0.0571177 0.00263483 0.000286861 32.2104 10.6281
334 0.00712129 0.00412145 0.00263483 0.000286861 32.2104 10.6281
335 0.0079154 0.0167819 0.00263483 0.000286861 32.2104 10.6281
336 0.00883338 0.00455627 0.00263483 0.000286861 32.2104 10.6281
337 0.00785465 0.00421675 0.00263483 0.000286861 32.2104 10.6281
338 0.00784816 0.0097317 0.00263483 0.000286861 32.2104 10.6281
339 0.00706382 0.00337977 0.00263483 0.000286861 32.2104 10.6281
340 0.00724777 0.0247582 0.00263483 0.000286861 32.2104 10.6281
341 0.00852144 0.00762642 0.00263483 0.000286861 32.2104 10.6281
342 0.00856545 0.0596545 0.00263483 0.000286861 32.2104 10.6281
343 0.00787598 0.00425136 0.00263483 0.000286861 32.2104 10.6281
344 0.00706931 0.00691466 0.00263483 0.000286861 32.2104 10.6281
345 0.00814626 0.0219648 0.00263483 0.000286861 32.2104 10.6281
346 0.00707875 0.00555951 0.00263483 0.000286861 32.2104 10.6281
347 0.00873472 0.00367376 0.00263483 0.000286861 32.2104 10.6281
348 0.00712691 0.00447036 0.00263483 0.000286861 32.2104 10.6281
349 0.00809306 0.00611519 0.00263483 0.000286861 32.2104 10.6281
350 0.00725928 0.0069258 0.00263483 0.000286861 32.2104 10.6281
351 0.00905802 0.00600776 0.00263483 0.000286861 32.2104 10.6281
352 0.00846672 0.00645137 0.00263483 0.000286861 32.2104 10.6281
353 0.00850358 0.0486661 0.00263483 0.000286861 32.2104 10.6281
354 0.00926036 0.00333706 0.00263483 0.000286861 32.2104 10.6281
355 0.00734971 0.00393562 0.00263483 0.000286861 32.2104 10.6281
356 0.00787008 0.0153247 0.00263483 0.000286861 32.2104 10.6281
357 0.00917688 0.00531197 0.00263483 0.000286861 32.2104 10.6281
358 0.00867573 0.00606876 0.00263483 0.000286861 32.2104 10.6281
359 0.00686202 0.00702019 0.00263483 0.000286861 32.2104 10.6281
360 0.00837786 0.00557015 0.00263483 0.000286861 32.2104 10.6281
361 0.0106872 0.00360645 0.00263483 0.000286861 32.2104 10.6281
362 0.00933193 0.00497123 0.00263483 0.000286861 32.2104 10.6281
363 0.0061237 0.00872436 0.00263483 0.000286861 32.2104 10.6281
364 0.00798881 0.00382471 0.00263483 0.000286861 32.2104 10.6281
365 0.00919489 0.00632945 0.00263483 0.000286861 32.2104 10.6281
366 0.00774131 0.0237772 0.00263483 0.000286861 32.2104 10.6281
367 0.0075752 0.00447627 0.00263483 0.000286861 32.2104 10.6281
368 0.00720154 0.00889332 0.00263483 0.000286861 32.2104 10.6281
369 0.00883049 0.00389033 0.00263483 0.000286861 32.2104 10.6281
370 0.0078114 0.00778011 0.00263483 0.000286861 32.2104 10.6281
371 0.0102751 0.0324605 0.00263483 0.000286861 32.2104 10.6281
372 0.00695178 0.00628534 0.00263483 0.000286861 32.2104 10.6281
373 0.00875352 0.0186128 0.00263483 0.000286861 32.2104 10.6281
374 0.00753623 0.026977 0.00263483 0.000286861 32.2104 10.6281
375 0.00704213 0.018282 0.00263483 0.000286861 32.2104 10.6281
376 0.00802991 0.00811794 0.00263483 0.000286861 32.2104 10.6281
377 0.0104486 0.00336259 0.00263483 0.000286861 32.2104 10.6281
378 0.00928436 0.0320081 0.00263483 0.000286861 32.2104 10.6281
379 0.00725219 0.00505867 0.00263483 0.000286861 32.2104 10.6281
380 0.0135852 0.0155576 0.00263483 0.000286861 32.2104 10.6281
381 0.00618005 0.0113044 0.00263483 0.000286861 32.2104 10.6281
382 0.00793571 0.00605268 0.00263483 0.000286861 32.2104 10.6281
383 0.00859985 0.024343 0.00263483 0.000286861 32.2104 10.6281
384 0.00907792 0.00566687 0.00263483 0.000286861 32.2104 10.6281
385 0.00956807 0.00686606 0.00263483 0.000286861 32.2104 10.6281
386 0.00897372 0.00663613 0.00263483 0.000286861 32.2104 10.6281
387 0.00881394 0.0041255 0.00263483 0.000286861 32.2104 10.6281
388 0.0071274 0.00983262 0.00263483 0.000286861 32.2104 10.6281
389 0.00981396 0.00639696 0.00263483 0.000286861 32.2104 10.6281
390 0.00784408 0.0396894 0.00263483 0.000286861 32.2104 10.6281
391 0.00921898 0.00419866 0.00263483 0.000286861 32.2104 10.6281
392 0.00935744 0.0985999 0.00263483 0.000286861 32.2104 10.6281
393 0.00635039 0.00689175 0.00263483 0.000286861 32.2104 10.6281
394 0.0100604 0.0032781 0.00263483 0.000286861 32.2104 10.6281
395 0.00760907 0.00663587 0.00263483 0.000286861 32.2104 10.6281
396 0.00802254 0.00342753 0.00263483 0.000286861 32.2104 10.6281
397 0.00868912 0.00637279 0.00263483 0.000286861 32.2104 10.6281
398 0.0077094 0.00812176 0.00263483 0.000286861 32.2104 10.6281
399 0.01126 0.00978593 0.00263483 0.000286861 32.2104 10.6281
400 0.00793521 0.00672 0.00263483 0.000286861 32.2104 10.6281
401 0.00302347 0.00352506 0.00263483 0.000286861 32.2104 10.6281
402 0.00352779 0.00255882 0.00263483 0.000286861 32.2104 10.6281
403 0.00359368 0.00334356 0.00255882 0.000291436 31.7424 10.7125
404 0.00411132 0.00287948 0.00255882 0.000291436 31.7424 10.7125
405 0.00440446 0.00655336 0.00255882 0.000291436 31.7424 10.7125
406 0.00478649 0.00608501 0.00255882 0.000291436 31.7424 10.7125
407 0.00388424 0.00513753 0.00255882 0.000291436 31.7424 10.7125
408 0.00454087 0.00319595 0.00255882 0.000291436 31.7424 10.7125
409 0.00403569 0.0072145 0.00255882 0.000291436 31.7424 10.7125
410 0.00418336 0.00320018 0.00255882 0.000291436 31.7424 10.7125
411 0.00424115 0.00548314 0.00255882 0.000291436 31.7424 10.7125
412 0.00399325 0.0113841 0.00255882 0.000291436 31.7424 10.7125
413 0.00414207 0.00338351 0.00255882 0.000291436 31.7424 10.7125
414 0.00432762 0.00349611 0.00255882 0.000291436 31.7424 10.7125
415 0.00411224 0.00373871 0.00255882 0.000291436 31.7424 10.7125
416 0.00436953 0.00897916 0.00255882 0.000291436 31.7424 10.7125
417 0.00412658 0.00331477 0.00255882 0.000291436 31.7424 10.7125
418 0.00443786 0.00319775 0.00255882 0.000291436 31.7424 10.7125
419 0.0042929 0.00607199 0.00255882 0.000291436 31.7424 10.7125
420 0.00464371 0.0103829 0.00255882 0.000291436 31.7424 10.7125
421 0.00426746 0.00402494 0.00255882 0.000291436 31.7424 10.7125
422 0.00467268 0.0139757 0.00255882 0.000291436 31.7424 10.7125
423 0.0040853 0.00343137 0.00255882 0.000291436 31.7424 10.7125
424 0.00440664 0.00692926 0.00255882 0.000291436 31.7424 10.7125
425 0.00442125 0.00309795 0.00255882 0.000291436 31.7424 10.7125
426 0.0041478 0.00381511 0.00255882 0.000291436 31.7424 10.7125
427 0.00484198 0.00450984 0.00255882 0.000291436 31.7424 10.7125
428 0.00509554 0.00658152 0.00255882 0.000291436 31.7424 10.7125
429 0.00411021 0.00341247 0.00255882 0.000291436 31.7424 10.7125
430 0.00458474 0.00262726 0.00255882 0.000291436 31.7424 10.7125
431 0.00403511 0.00293016 0.00255882 0.000291436 31.7424 10.7125
432 0.00466975 0.00748062 0.00255882 0.000291436 31.7424 10.7125
433 0.00435943 0.00277272 0.00255882 0.000291436 31.7424 10.7125
434 0.0049297 0.00464027 0.00255882 0.000291436 31.7424 10.7125
435 0.00394991 0.0034724 0.00255882 0.000291436 31.7424 10.7125
436 0.00439761 0.00572861 0.00255882 0.000291436 31.7424 10.7125
437 0.00532005 0.00321713 0.00255882 0.000291436 31.7424 10.7125
438 0.00434651 0.00238249 0.00255882 0.000291436 31.7424 10.7125
439 0.00453479 0.00404198 0.00238249 0.000299648 30.6292 10.8624
440 0.00407457 0.00596532 0.00238249 0.000299648 30.6292 10.8624
441 0.00470899 0.00361276 0.00238249 0.000299648 30.6292 10.8624
442 0.0044579 0.00755577 0.00238249 0.000299648 30.6292 10.8624
443 0.00460072 0.00339252 0.00238249 0.000299648 30.6292 10.8624
444 0.00473179 0.00615005 0.00238249 0.000299648 30.6292 10.8624
445 0.00497022 0.00663559 0.00238249 0.000299648 30.6292 10.8624
446 0.00458664 0.00716333 0.00238249 0.000299648 30.6292 10.8624
447 0.00380006 0.00536343 0.00238249 0.000299648 30.6292 10.8624
448 0.00494821 0.00268873 0.00238249 0.000299648 30.6292 10.8624
449 0.00551906 0.0035783 0.00238249 0.000299648 30.6292 10.8624
450 0.00456411 0.00396007 0.00238249 0.000299648 30.6292 10.8624
451 0.00431209 0.00377356 0.00238249 0.000299648 30.6292 10.8624
452 0.0055942 0.00544437 0.00238249 0.000299648 30.6292 10.8624
453 0.00431837 0.00302294 0.00238249 0.000299648 30.6292 10.8624
454 0.00566012 0.00417195 0.00238249 0.000299648 30.6292 10.8624
455 0.0039736 0.00313803 0.00238249 0.000299648 30.6292 10.8624
456 0.00465857 0.00313695 0.00238249 0.000299648 30.6292 10.8624
457 0.0047524 0.00395134 0.00238249 0.000299648 30.6292 10.8624
458 0.00409603 0.00871601 0.00238249 0.000299648 30.6292 10.8624
459 0.00470612 0.0140785 0.00238249 0.000299648 30.6292 10.8624
460 0.00488138 0.00377511 0.00238249 0.000299648 30.6292 10.8624
461 0.00478037 0.00302645 0.00238249 0.000299648 30.6292 10.8624
462 0.00461545 0.00352368 0.00238249 0.000299648 30.6292 10.8624
463 0.00521322 0.00532859 0.00238249 0.000299648 30.6292 10.8624
464 0.0047075 0.0049271 0.00238249 0.000299648 30.6292 10.8624
465 0.00383069 0.0100575 0.00238249 0.000299648 30.6292 10.8624
466 0.00469344 0.00586412 0.00238249 0.000299648 30.6292 10.8624
467 0.00506928 0.00387294 0.00238249 0.000299648 30.6292 10.8624
468 0.00461906 0.00569471 0.00238249 0.000299648 30.6292 10.8624
469 0.00500067 0.00358166 0.00238249 0.000299648 30.6292 10.8624
470 0.00420803 0.00275471 0.00238249 0.000299648 30.6292 10.8624
471 0.00539437 0.00766823 0.00238249 0.000299648 30.6292 10.8624
472 0.00434608 0.00276831 0.00238249 0.000299648 30.6292 10.8624
473 0.00463627 0.00540141 0.00238249 0.000299648 30.6292 10.8624
474 0.0049028 0.00280839 0.00238249 0.000299648 30.6292 10.8624
475 0.00543986 0.0109907 0.00238249 0.000299648 30.6292 10.8624
476 0.00515203 0.00530079 0.00238249 0.000299648 30.6292 10.8624
477 0.00436621 0.0050415 0.00238249 0.000299648 30.6292 10.8624
478 0.00497945 0.00419143 0.00238249 0.000299648 30.6292 10.8624
479 0.00448934 0.00524719 0.00238249 0.000299648 30.6292 10.8624
480 0.00518389 0.00491863 0.00238249 0.000299648 30.6292 10.8624
481 0.00430546 0.00274191 0.00238249 0.000299648 30.6292 10.8624
482 0.00452466 0.00306477 0.00238249 0.000299648 30.6292 10.8624
483 0.00501156 0.00383766 0.00238249 0.000299648 30.6292 10.8624
484 0.00570208 0.0024901 0.00238249 0.000299648 30.6292 10.8624
485 0.0044358 0.00368074 0.00238249 0.000299648 30.6292 10.8624
486 0.00498091 0.00368633 0.00238249 0.000299648 30.6292 10.8624
487 0.00524328 0.0040343 0.00238249 0.000299648 30.6292 10.8624
488 0.00499179 0.00443503 0.00238249 0.000299648 30.6292 10.8624
489 0.00475722 0.00547182 0.00238249 0.000299648 30.6292 10.8624
490 0.00532298 0.0123961 0.00238249 0.000299648 30.6292 10.8624
491 0.00470699 0.00582559 0.00238249 0.000299648 30.6292 10.8624
492 0.00472001 0.0109415 0.00238249 0.000299648 30.6292 10.8624
493 0.00522564 0.00335826 0.00238249 0.000299648 30.6292 10.8624
494 0.00466286 0.00334388 0.00238249 0.000299648 30.6292 10.8624
495 0.00556281 0.00338224 0.00238249 0.000299648 30.6292 10.8624
496 0.00503043 0.0032964 0.00238249 0.000299648 30.6292 10.8624
497 0.0050261 0.0627622 0.00238249 0.000299648 30.6292 10.8624
498 0.00468463 0.00277112 0.00238249 0.000299648 30.6292 10.8624
499 0.00504204 0.010096 0.00238249 0.000299648 30.6292 10.8624
500 0.00496979 0.00514673 0.00238249 0.000299648 30.6292 10.8624
501 0.00455202 0.00539692 0.00238249 0.000299648 30.6292 10.8624
502 0.00441213 0.00488743 0.00238249 0.000299648 30.6292 10.8624
503 0.00602537 0.00415649 0.00238249 0.000299648 30.6292 10.8624
504 0.00493903 0.00449349 0.00238249 0.000299648 30.6292 10.8624
505 0.00589726 0.00602439 0.00238249 0.000299648 30.6292 10.8624
506 0.00405144 0.0057247 0.00238249 0.000299648 30.6292 10.8624
507 0.00536684 0.00401532 0.00238249 0.000299648 30.6292 10.8624
508 0.00589148 0.00927082 0.00238249 0.000299648 30.6292 10.8624
509 0.00476615 0.00304444 0.00238249 0.000299648 30.6292 10.8624
510 0.00519686 0.00375278 0.00238249 0.000299648 30.6292 10.8624
511 0.00458277 0.0037422 0.00238249 0.000299648 30.6292 10.8624
512 0.0053145 0.0102498 0.00238249 0.000299648 30.6292 10.8624
513 0.00454943 0.00410944 0.00238249 0.000299648 30.6292 10.8624
514 0.0051275 0.0033719 0.00238249 0.000299648 30.6292 10.8624
515 0.00471899 0.00531848 0.00238249 0.000299648 30.6292 10.8624
516 0.0051905 0.00506213 0.00238249 0.000299648 30.6292 10.8624
517 0.00525577 0.00539175 0.00238249 0.000299648 30.6292 10.8624
518 0.00506737 0.00449728 0.00238249 0.000299648 30.6292 10.8624
519 0.00585744 0.0219822 0.00238249 0.000299648 30.6292 10.8624
520 0.00474593 0.00538453 0.00238249 0.000299648 30.6292 10.8624
521 0.0047549 0.00416203 0.00238249 0.000299648 30.6292 10.8624
522 0.00556777 0.00263758 0.00238249 0.000299648 30.6292 10.8624
523 0.00631055 0.00419597 0.00238249 0.000299648 30.6292 10.8624
524 0.00466241 0.00640704 0.00238249 0.000299648 30.6292 10.8624
525 0.00516828 0.00288971 0.00238249 0.000299648 30.6292 10.8624
526 0.0048344 0.0038068 0.00238249 0.000299648 30.6292 10.8624
527 0.00600544 0.00583096 0.00238249 0.000299648 30.6292 10.8624
528 0.00476296 0.00676924 0.00238249 0.000299648 30.6292 10.8624
529 0.00493252 0.00500385 0.00238249 0.000299648 30.6292 10.8624
530 0.0050029 0.00401748 0.00238249 0.000299648 30.6292 10.8624
531 0.00480638 0.00458771 0.00238249 0.000299648 30.6292 10.8624
532 0.00648648 0.0117362 0.00238249 0.000299648 30.6292 10.8624
533 0.00451197 0.00982997 0.00238249 0.000299648 30.6292 10.8624
534 0.00467956 0.00298345 0.00238249 0.000299648 30.6292 10.8624
535 0.00564495 0.00353451 0.00238249 0.000299648 30.6292 10.8624
536 0.00486368 0.0049678 0.00238249 0.000299648 30.6292 10.8624
537 0.00556266 0.00321481 0.00238249 0.000299648 30.6292 10.8624
538 0.00476907 0.0031808 0.00238249 0.000299648 30.6292 10.8624
539 0.00261716 0.00360783 0.00238249 0.000299648 30.6292 10.8624
540 0.00301055 0.00264222 0.00238249 0.000299648 30.6292 10.8624
541 0.0029551 0.00262024 0.00238249 0.000299648 30.6292 10.8624
542 0.00326947 0.00374251 0.00238249 0.000299648 30.6292 10.8624
543 0.0030562 0.00301609 0.00238249 0.000299648 30.6292 10.8624
544 0.00323317 0.00606642 0.00238249 0.000299648 30.6292 10.8624
545 0.00290768 0.00276771 0.00238249 0.000299648 30.6292 10.8624
546 0.00308355 0.00296236 0.00238249 0.000299648 30.6292 10.8624
547 0.00349885 0.00794535 0.00238249 0.000299648 30.6292 10.8624
548 0.00301249 0.00334245 0.00238249 0.000299648 30.6292 10.8624
549 0.00329465 0.00438256 0.00238249 0.000299648 30.6292 10.8624
550 0.00381125 0.00317176 0.00238249 0.000299648 30.6292 10.8624
551 0.00324068 0.00366241 0.00238249 0.000299648 30.6292 10.8624
552 0.00345377 0.00390668 0.00238249 0.000299648 30.6292 10.8624
553 0.00285969 0.00709732 0.00238249 0.000299648 30.6292 10.8624
554 0.00329851 0.00241718 0.00238249 0.000299648 30.6292 10.8624
555 0.00338859 0.00398 0.00238249 0.000299648 30.6292 10.8624
556 0.00317369 0.00326951 0.00238249 0.000299648 30.6292 10.8624
557 0.00368841 0.00253203 0.00238249 0.000299648 30.6292 10.8624
558 0.00315051 0.00354869 0.00238249 0.000299648 30.6292 10.8624
559 0.00317815 0.00444765 0.00238249 0.000299648 30.6292 10.8624
560 0.00340856 0.00267674 0.00238249 0.000299648 30.6292 10.8624
561 0.00324169 0.00319039 0.00238249 0.000299648 30.6292 10.8624
562 0.00361209 0.00315014 0.00238249 0.000299648 30.6292 10.8624
563 0.00368074 0.00353633 0.00238249 0.000299648 30.6292 10.8624
564 0.00315305 0.00524636 0.00238249 0.000299648 30.6292 10.8624
565 0.00348676 0.00289356 0.00238249 0.000299648 30.6292 10.8624
566 0.00342664 0.00276579 0.00238249 0.000299648 30.6292 10.8624
567 0.0031837 0.00480902 0.00238249 0.000299648 30.6292 10.8624
568 0.00355624 0.0139389 0.00238249 0.000299648 30.6292 10.8624
569 0.00354491 0.00340081 0.00238249 0.000299648 30.6292 10.8624
570 0.00339761 0.00313023 0.00238249 0.000299648 30.6292 10.8624
571 0.003073 0.00264394 0.00238249 0.000299648 30.6292 10.8624
572 0.00382941 0.00287272 0.00238249 0.000299648 30.6292 10.8624
573 0.00340922 0.00421639 0.00238249 0.000299648 30.6292 10.8624
574 0.00331531 0.00356979 0.00238249 0.000299648 30.6292 10.8624
575 0.00333124 0.0127975 0.00238249 0.000299648 30.6292 10.8624
576 0.00393927 0.00835059 0.00238249 0.000299648 30.6292 10.8624
577 0.0031119 0.00355925 0.00238249 0.000299648 30.6292 10.8624
578 0.00344555 0.00317045 0.00238249 0.000299648 30.6292 10.8624
579 0.00363927 0.00394446 0.00238249 0.000299648 30.6292 10.8624
580 0.00334889 0.00323284 0.00238249 0.000299648 30.6292 10.8624
581 0.00315843 0.00269328 0.00238249 0.000299648 30.6292 10.8624
582 0.00347351 0.00257042 0.00238249 0.000299648 30.6292 10.8624
583 0.00345737 0.00331412 0.00238249 0.000299648 30.6292 10.8624
584 0.00384916 0.00292731 0.00238249 0.000299648 30.6292 10.8624
585 0.00298224 0.00505188 0.00238249 0.000299648 30.6292 10.8624
586 0.00395768 0.00257179 0.00238249 0.000299648 30.6292 10.8624
587 0.00356653 0.00359805 0.00238249 0.000299648 30.6292 10.8624
588 0.00345355 0.00503321 0.00238249 0.000299648 30.6292 10.8624
589 0.00413974 0.00287763 0.00238249 0.000299648 30.6292 10.8624
590 0.00311797 0.00380429 0.00238249 0.000299648 30.6292 10.8624
591 0.00330373 0.00288693 0.00238249 0.000299648 30.6292 10.8624
592 0.00363502 0.00564961 0.00238249 0.000299648 30.6292 10.8624
593 0.00324516 0.00293536 0.00238249 0.000299648 30.6292 10.8624
594 0.00374432 0.00460967 0.00238249 0.000299648 30.6292 10.8624
595 0.00339372 0.00972017 0.00238249 0.000299648 30.6292 10.8624
596 0.00394089 0.0147826 0.00238249 0.000299648 30.6292 10.8624
597 0.00333506 0.00367113 0.00238249 0.000299648 30.6292 10.8624
598 0.00350507 0.0105146 0.00238249 0.000299648 30.6292 10.8624
599 0.00371601 0.00389468 0.00238249 0.000299648 30.6292 10.8624
600 0.00368565 0.00268514 0.00238249 0.000299648 30.6292 10.8624
601 0.003516 0.00310263 0.00238249 0.000299648 30.6292 10.8624
602 0.00314577 0.00479235 0.00238249 0.000299648 30.6292 10.8624
603 0.00359042 0.00926353 0.00238249 0.000299648 30.6292 10.8624
604 0.00341924 0.00361941 0.00238249 0.000299648 30.6292 10.8624
605 0.0037687 0.00480593 0.00238249 0.000299648 30.6292 10.8624
606 0.003902 0.00289804 0.00238249 0.000299648 30.6292 10.8624
607 0.00312769 0.00314434 0.00238249 0.000299648 30.6292 10.8624
608 0.00360453 0.00256082 0.00238249 0.000299648 30.6292 10.8624
609 0.00382393 0.00283004 0.00238249 0.000299648 30.6292 10.8624
610 0.00346535 0.00247082 0.00238249 0.000299648 30.6292 10.8624
611 0.00373326 0.00324899 0.00238249 0.000299648 30.6292 10.8624
612 0.00342744 0.00306006 0.00238249 0.000299648 30.6292 10.8624
613 0.00374831 0.00691002 0.00238249 0.000299648 30.6292 10.8624
614 0.00356087 0.00483173 0.00238249 0.000299648 30.6292 10.8624
615 0.00364561 0.00568335 0.00238249 0.000299648 30.6292 10.8624
616 0.00375078 0.00374772 0.00238249 0.000299648 30.6292 10.8624
617 0.00367772 0.00239165 0.00238249 0.000299648 30.6292 10.8624
618 0.00357917 0.00402521 0.00238249 0.000299648 30.6292 10.8624
619 0.00381923 0.00512103 0.00238249 0.000299648 30.6292 10.8624
620 0.00370044 0.00294486 0.00238249 0.000299648 30.6292 10.8624
621 0.00373972 0.00351287 0.00238249 0.000299648 30.6292 10.8624
622 0.0036642 0.00333512 0.00238249 0.000299648 30.6292 10.8624
623 0.00334046 0.00329874 0.00238249 0.000299648 30.6292 10.8624
624 0.00380193 0.00322392 0.00238249 0.000299648 30.6292 10.8624
625 0.00369473 0.00524576 0.00238249 0.000299648 30.6292 10.8624
626 0.00403087 0.00300748 0.00238249 0.000299648 30.6292 10.8624
627 0.0036073 0.00611605 0.00238249 0.000299648 30.6292 10.8624
628 0.00394137 0.00401399 0.00238249 0.000299648 30.6292 10.8624
629 0.00396131 0.00258047 0.00238249 0.000299648 30.6292 10.8624
630 0.00374083 0.00500509 0.00238249 0.000299648 30.6292 10.8624
631 0.00382051 0.00453195 0.00238249 0.000299648 30.6292 10.8624
632 0.00384914 0.00399848 0.00238249 0.000299648 30.6292 10.8624
633 0.00380357 0.00441477 0.00238249 0.000299648 30.6292 10.8624
634 0.00398406 0.00300708 0.00238249 0.000299648 30.6292 10.8624
635 0.00369068 0.00754827 0.00238249 0.000299648 30.6292 10.8624
636 0.00373155 0.00343453 0.00238249 0.000299648 30.6292 10.8624
637 0.00344114 0.0039728 0.00238249 0.000299648 30.6292 10.8624
638 0.00363319 0.00352087 0.00238249 0.000299648 30.6292 10.8624
639 0.00224568 0.0024902 0.00238249 0.000299648 30.6292 10.8624
640 0.00251302 0.0067449 0.00238249 0.000299648 30.6292 10.8624
641 0.00261386 0.00400947 0.00238249 0.000299648 30.6292 10.8624
642 0.00270082 0.00282241 0.00238249 0.000299648 30.6292 10.8624
643 0.00269879 0.00333884 0.00238249 0.000299648 30.6292 10.8624
644 0.00261955 0.00267577 0.00238249 0.000299648 30.6292 10.8624
645 0.00263409 0.00269247 0.00238249 0.000299648 30.6292 10.8624
646 0.00276928 0.00268615 0.00238249 0.000299648 30.6292 10.8624
647 0.00264611 0.00325902 0.00238249 0.000299648 30.6292 10.8624
648 0.00248546 0.00233146 0.00238249 0.000299648 30.6292 10.8624
649 0.00275971 0.00355046 0.00233146 0.000289972 30.2994 10.6856
650 0.00272675 0.00235175 0.00233146 0.000289972 30.2994 10.6856
651 0.00259462 0.00240679 0.00233146 0.000289972 30.2994 10.6856
652 0.00288018 0.00230348 0.00233146 0.000289972 30.2994 10.6856
653 0.00260606 0.00253188 0.00230348 0.000287802 30.117 10.6455
654 0.0027994 0.00649194 0.00230348 0.000287802 30.117 10.6455
655 0.00265488 0.00304761 0.00230348 0.000287802 30.117 10.6455
656 0.00272308 0.00254972 0.00230348 0.000287802 30.117 10.6455
657 0.00248862 0.00619409 0.00230348 0.000287802 30.117 10.6455
658 0.00288584 0.00251242 0.00230348 0.000287802 30.117 10.6455
659 0.00291062 0.00241836 0.00230348 0.000287802 30.117 10.6455
660 0.00274132 0.00620016 0.00230348 0.000287802 30.117 10.6455
661 0.00265591 0.00272341 0.00230348 0.000287802 30.117 10.6455
662 0.00275536 0.00403852 0.00230348 0.000287802 30.117 10.6455
663 0.00292375 0.00269271 0.00230348 0.000287802 30.117 10.6455
664 0.0028666 0.00700364 0.00230348 0.000287802 30.117 10.6455
665 0.0026048 0.00228177 0.00230348 0.000287802 30.117 10.6455
666 0.00288037 0.0034212 0.00228177 0.00028769 29.9748 10.6435
667 0.00306461 0.00445676 0.00228177 0.00028769 29.9748 10.6435
668 0.00272004 0.00266447 0.00228177 0.00028769 29.9748 10.6435
669 0.00283097 0.00345321 0.00228177 0.00028769 29.9748 10.6435
670 0.00269836 0.00273974 0.00228177 0.00028769 29.9748 10.6435
671 0.00274969 0.00578707 0.00228177 0.00028769 29.9748 10.6435
672 0.00295197 0.00285478 0.00228177 0.00028769 29.9748 10.6435
673 0.00298943 0.00335192 0.00228177 0.00028769 29.9748 10.6435
674 0.00275462 0.00311952 0.00228177 0.00028769 29.9748 10.6435
675 0.00268822 0.00336871 0.00228177 0.00028769 29.9748 10.6435
676 0.00287426 0.00259667 0.00228177 0.00028769 29.9748 10.6435
677 0.00291984 0.0052039 0.00228177 0.00028769 29.9748 10.6435
678 0.00282938 0.00250148 0.00228177 0.00028769 29.9748 10.6435
679 0.00274079 0.002925 0.00228177 0.00028769 29.9748 10.6435
680 0.00320367 0.0028571 0.00228177 0.00028769 29.9748 10.6435
681 0.00277204 0.00292754 0.00228177 0.00028769 29.9748 10.6435
682 0.00288308 0.00301482 0.00228177 0.00028769 29.9748 10.6435
683 0.00305016 0.00288978 0.00228177 0.00028769 29.9748 10.6435
684 0.00278752 0.0037974 0.00228177 0.00028769 29.9748 10.6435
685 0.00277029 0.00300032 0.00228177 0.00028769 29.9748 10.6435
686 0.00278398 0.00303929 0.00228177 0.00028769 29.9748 10.6435
687 0.00331476 0.0024195 0.00228177 0.00028769 29.9748 10.6435
688 0.0026895 0.00290777 0.00228177 0.00028769 29.9748 10.6435
689 0.0029414 0.00262746 0.00228177 0.00028769 29.9748 10.6435
690 0.00289236 0.00258732 0.00228177 0.00028769 29.9748 10.6435
691 0.00274454 0.00252952 0.00228177 0.00028769 29.9748 10.6435
692 0.00311031 0.00319037 0.00228177 0.00028769 29.9748 10.6435
693 0.00290398 0.00457183 0.00228177 0.00028769 29.9748 10.6435
694 0.00290678 0.00293787 0.00228177 0.00028769 29.9748 10.6435
695 0.00319034 0.00286664 0.00228177 0.00028769 29.9748 10.6435
696 0.00276437 0.0028056 0.00228177 0.00028769 29.9748 10.6435
697 0.00286288 0.00347174 0.00228177 0.00028769 29.9748 10.6435
698 0.00305836 0.00328156 0.00228177 0.00028769 29.9748 10.6435
699 0.00291461 0.00647929 0.00228177 0.00028769 29.9748 10.6435
700 0.00291237 0.00575169 0.00228177 0.00028769 29.9748 10.6435
701 0.00320068 0.00339773 0.00228177 0.00028769 29.9748 10.6435
702 0.00301202 0.0034038 0.00228177 0.00028769 29.9748 10.6435
703 0.00297648 0.00288373 0.00228177 0.00028769 29.9748 10.6435
704 0.00292554 0.00269673 0.00228177 0.00028769 29.9748 10.6435
705 0.00293054 0.00345491 0.00228177 0.00028769 29.9748 10.6435
706 0.00322405 0.00417226 0.00228177 0.00028769 29.9748 10.6435
707 0.00300916 0.00485698 0.00228177 0.00028769 29.9748 10.6435
708 0.00289396 0.00418903 0.00228177 0.00028769 29.9748 10.6435
709 0.00297076 0.00290249 0.00228177 0.00028769 29.9748 10.6435
710 0.00317711 0.00418333 0.00228177 0.00028769 29.9748 10.6435
711 0.00290986 0.00393697 0.00228177 0.00028769 29.9748 10.6435
712 0.00297117 0.00402061 0.00228177 0.00028769 29.9748 10.6435
713 0.00306395 0.0037597 0.00228177 0.00028769 29.9748 10.6435
714 0.00310053 0.00554799 0.00228177 0.00028769 29.9748 10.6435
715 0.00332752 0.00287183 0.00228177 0.00028769 29.9748 10.6435
716 0.00303923 0.00258094 0.00228177 0.00028769 29.9748 10.6435
717 0.00299764 0.00273812 0.00228177 0.00028769 29.9748 10.6435
718 0.00312189 0.00659685 0.00228177 0.00028769 29.9748 10.6435
719 0.00302732 0.00494709 0.00228177 0.00028769 29.9748 10.6435
720 0.00350416 0.00860581 0.00228177 0.00028769 29.9748 10.6435
721 0.00309008 0.00241923 0.00228177 0.00028769 29.9748 10.6435
722 0.0030081 0.00674556 0.00228177 0.00028769 29.9748 10.6435
723 0.00319939 0.00330169 0.00228177 0.00028769 29.9748 10.6435
724 0.00312715 0.00390021 0.00228177 0.00028769 29.9748 10.6435
725 0.00348775 0.00282851 0.00228177 0.00028769 29.9748 10.6435
726 0.00320825 0.00340865 0.00228177 0.00028769 29.9748 10.6435
727 0.00315722 0.00487374 0.00228177 0.00028769 29.9748 10.6435
728 0.00336379 0.00280183 0.00228177 0.00028769 29.9748 10.6435
729 0.00302871 0.00391004 0.00228177 0.00028769 29.9748 10.6435
730 0.00324487 0.00380496 0.00228177 0.00028769 29.9748 10.6435
731 0.00317194 0.0083535 0.00228177 0.00028769 29.9748 10.6435
732 0.0031604 0.00401056 0.00228177 0.00028769 29.9748 10.6435
733 0.00295651 0.00228258 0.00228177 0.00028769 29.9748 10.6435
734 0.0032631 0.00252832 0.00228258 0.00028166 29.9801 10.5313
735 0.00308216 0.00349378 0.00228258 0.00028166 29.9801 10.5313
736 0.0035247 0.0041767 0.00228258 0.00028166 29.9801 10.5313
737 0.00303063 0.00279291 0.00228258 0.00028166 29.9801 10.5313
738 0.00356995 0.00512756 0.00228258 0.00028166 29.9801 10.5313
739 0.0030133 0.00380276 0.00228258 0.00028166 29.9801 10.5313
740 0.00309933 0.00301936 0.00228258 0.00028166 29.9801 10.5313
741 0.00326601 0.0027941 0.00228258 0.00028166 29.9801 10.5313
742 0.00361298 0.00308376 0.00228258 0.00028166 29.9801 10.5313
743 0.00333992 0.00264946 0.00228258 0.00028166 29.9801 10.5313
744 0.00312842 0.00278703 0.00228258 0.00028166 29.9801 10.5313
745 0.00313409 0.00460849 0.00228258 0.00028166 29.9801 10.5313
746 0.00326337 0.00271804 0.00228258 0.00028166 29.9801 10.5313
747 0.00321697 0.00421739 0.00228258 0.00028166 29.9801 10.5313
748 0.00323387 0.0043153 0.00228258 0.00028166 29.9801 10.5313
749 0.00312994 0.00273022 0.00228258 0.00028166 29.9801 10.5313
750 0.00336466 0.00408672 0.00228258 0.00028166 29.9801 10.5313
751 0.00331087 0.00437166 0.00228258 0.00028166 29.9801 10.5313
752 0.0033732 0.00565685 0.00228258 0.00028166 29.9801 10.5313
753 0.00312853 0.00343597 0.00228258 0.00028166 29.9801 10.5313
754 0.00323439 0.00298243 0.00228258 0.00028166 29.9801 10.5313
755 0.00326258 0.00268297 0.00228258 0.00028166 29.9801 10.5313
756 0.00316606 0.00573382 0.00228258 0.00028166 29.9801 10.5313
757 0.00340285 0.00316889 0.00228258 0.00028166 29.9801 10.5313
758 0.00334707 0.00318323 0.00228258 0.00028166 29.9801 10.5313
759 0.00359392 0.0029547 0.00228258 0.00028166 29.9801 10.5313
760 0.00314882 0.00309934 0.00228258 0.00028166 29.9801 10.5313
761 0.00332218 0.003198 0.00228258 0.00028166 29.9801 10.5313
762 0.00326052 0.00925874 0.00228258 0.00028166 29.9801 10.5313
763 0.00327322 0.00323937 0.00228258 0.00028166 29.9801 10.5313
764 0.00331489 0.00303567 0.00228258 0.00028166 29.9801 10.5313
765 0.00352536 0.00319134 0.00228258 0.00028166 29.9801 10.5313
766 0.00339113 0.00990697 0.00228258 0.00028166 29.9801 10.5313
767 0.00355319 0.00381101 0.00228258 0.00028166 29.9801 10.5313
768 0.00306951 0.00328116 0.00228258 0.00028166 29.9801 10.5313
769 0.00387066 0.00374664 0.00228258 0.00028166 29.9801 10.5313
770 0.00332382 0.0028021 0.00228258 0.00028166 29.9801 10.5313
771 0.00345268 0.00267388 0.00228258 0.00028166 29.9801 10.5313
772 0.00323434 0.00267005 0.00228258 0.00028166 29.9801 10.5313
773 0.00379116 0.00999947 0.00228258 0.00028166 29.9801 10.5313
774 0.0036818 0.00349235 0.00228258 0.00028166 29.9801 10.5313
775 0.00310973 0.00663055 0.00228258 0.00028166 29.9801 10.5313
776 0.00347222 0.0036442 0.00228258 0.00028166 29.9801 10.5313
777 0.00340803 0.00408319 0.00228258 0.00028166 29.9801 10.5313
778 0.00329628 0.00352262 0.00228258 0.00028166 29.9801 10.5313
779 0.00340078 0.00337339 0.00228258 0.00028166 29.9801 10.5313
780 0.00359076 0.00778994 0.00228258 0.00028166 29.9801 10.5313
781 0.00386705 0.00350467 0.00228258 0.00028166 29.9801 10.5313
782 0.00375592 0.00340078 0.00228258 0.00028166 29.9801 10.5313
783 0.00352401 0.00370364 0.00228258 0.00028166 29.9801 10.5313
784 0.00354086 0.00859389 0.00228258 0.00028166 29.9801 10.5313
785 0.003224 0.00401975 0.00228258 0.00028166 29.9801 10.5313
786 0.0038157 0.00303792 0.00228258 0.00028166 29.9801 10.5313
787 0.00339683 0.00486706 0.00228258 0.00028166 29.9801 10.5313
788 0.00403595 0.00285445 0.00228258 0.00028166 29.9801 10.5313
789 0.00330063 0.00257922 0.00228258 0.00028166 29.9801 10.5313
790 0.0032301 0.00296985 0.00228258 0.00028166 29.9801 10.5313
791 0.00346857 0.00275577 0.00228258 0.00028166 29.9801 10.5313
792 0.00371022 0.00289275 0.00228258 0.00028166 29.9801 10.5313
793 0.00362157 0.0030062 0.00228258 0.00028166 29.9801 10.5313
794 0.00355218 0.00377613 0.00228258 0.00028166 29.9801 10.5313
795 0.00336246 0.00521275 0.00228258 0.00028166 29.9801 10.5313
796 0.00353142 0.00409188 0.00228258 0.00028166 29.9801 10.5313
797 0.00339741 0.00300373 0.00228258 0.00028166 29.9801 10.5313
798 0.00375842 0.00302635 0.00228258 0.00028166 29.9801 10.5313
799 0.0038034 0.00263768 0.00228258 0.00028166 29.9801 10.5313
800 0.00368824 0.00397337 0.00228258 0.00028166 29.9801 10.5313
801 0.00360476 0.00582397 0.00228258 0.00028166 29.9801 10.5313
802 0.00341088 0.00311769 0.00228258 0.00028166 29.9801 10.5313
803 0.00347373 0.00339256 0.00228258 0.00028166 29.9801 10.5313
804 0.00348255 0.00415858 0.00228258 0.00028166 29.9801 10.5313
805 0.00376283 0.00957323 0.00228258 0.00028166 29.9801 10.5313
806 0.00350875 0.00708593 0.00228258 0.00028166 29.9801 10.5313
807 0.00351522 0.00266134 0.00228258 0.00028166 29.9801 10.5313
808 0.00340219 0.00287581 0.00228258 0.00028166 29.9801 10.5313
809 0.00394215 0.00296573 0.00228258 0.00028166 29.9801 10.5313
810 0.00334772 0.00281635 0.00228258 0.00028166 29.9801 10.5313
811 0.00456729 0.00614922 0.00228258 0.00028166 29.9801 10.5313
812 0.0034319 0.00278737 0.00228258 0.00028166 29.9801 10.5313
813 0.00323057 0.0029132 0.00228258 0.00028166 29.9801 10.5313
814 0.00426987 0.00293572 0.00228258 0.00028166 29.9801 10.5313
815 0.00351846 0.00548805 0.00228258 0.00028166 29.9801 10.5313
816 0.00398711 0.00575317 0.00228258 0.00028166 29.9801 10.5313
817 0.00337613 0.00392773 0.00228258 0.00028166 29.9801 10.5313
818 0.0045554 0.00422099 0.00228258 0.00028166 29.9801 10.5313
819 0.00349387 0.00383077 0.00228258 0.00028166 29.9801 10.5313
820 0.00350505 0.00323321 0.00228258 0.00028166 29.9801 10.5313
821 0.00385958 0.00280598 0.00228258 0.00028166 29.9801 10.5313
822 0.00393864 0.00238769 0.00228258 0.00028166 29.9801 10.5313
823 0.00370172 0.0034177 0.00228258 0.00028166 29.9801 10.5313
824 0.0036795 0.00322397 0.00228258 0.00028166 29.9801 10.5313
825 0.00479124 0.0028762 0.00228258 0.00028166 29.9801 10.5313
826 0.003349 0.00697869 0.00228258 0.00028166 29.9801 10.5313
827 0.00386115 0.00337281 0.00228258 0.00028166 29.9801 10.5313
828 0.00363259 0.00290472 0.00228258 0.00028166 29.9801 10.5313
829 0.00375833 0.00297998 0.00228258 0.00028166 29.9801 10.5313
830 0.00380272 0.0028557 0.00228258 0.00028166 29.9801 10.5313
831 0.00434679 0.00286294 0.00228258 0.00028166 29.9801 10.5313
832 0.00338552 0.00272825 0.00228258 0.00028166 29.9801 10.5313
833 0.00391393 0.00300839 0.00228258 0.00028166 29.9801 10.5313
834 0.00230694 0.00332344 0.00228258 0.00028166 29.9801 10.5313
835 0.00256937 0.00323488 0.00228258 0.00028166 29.9801 10.5313
836 0.00243916 0.00346299 0.00228258 0.00028166 29.9801 10.5313
837 0.00282906 0.00396041 0.00228258 0.00028166 29.9801 10.5313
838 0.00252548 0.00262489 0.00228258 0.00028166 29.9801 10.5313
839 0.00268047 0.00294696 0.00228258 0.00028166 29.9801 10.5313
840 0.00274256 0.00366944 0.00228258 0.00028166 29.9801 10.5313
841 0.00273097 0.00270308 0.00228258 0.00028166 29.9801 10.5313
842 0.00280159 0.00250039 0.00228258 0.00028166 29.9801 10.5313
843 0.00267582 0.00268815 0.00228258 0.00028166 29.9801 10.5313
844 0.00259654 0.00323151 0.00228258 0.00028166 29.9801 10.5313
845 0.00261427 0.0027453 0.00228258 0.00028166 29.9801 10.5313
846 0.00276164 0.00273386 0.00228258 0.00028166 29.9801 10.5313
847 0.00289131 0.0036262 0.00228258 0.00028166 29.9801 10.5313
848 0.00285028 0.00262544 0.00228258 0.00028166 29.9801 10.5313
849 0.00271446 0.00281604 0.00228258 0.00028166 29.9801 10.5313
850 0.00274033 0.00355098 0.00228258 0.00028166 29.9801 10.5313
851 0.00279275 0.00308443 0.00228258 0.00028166 29.9801 10.5313
852 0.00268642 0.00270397 0.00228258 0.00028166 29.9801 10.5313
853 0.00300271 0.00235509 0.00228258 0.00028166 29.9801 10.5313
854 0.00284367 0.00322992 0.00228258 0.00028166 29.9801 10.5313
855 0.00271772 0.00282024 0.00228258 0.00028166 29.9801 10.5313
856 0.00291154 0.00503313 0.00228258 0.00028166 29.9801 10.5313
857 0.00273061 0.00245688 0.00228258 0.00028166 29.9801 10.5313
858 0.00289187 0.00303769 0.00228258 0.00028166 29.9801 10.5313
859 0.00305512 0.00229058 0.00228258 0.00028166 29.9801 10.5313
860 0.00265839 0.0031069 0.00228258 0.00028166 29.9801 10.5313
861 0.00294861 0.00332445 0.00228258 0.00028166 29.9801 10.5313
862 0.00298663 0.00297743 0.00228258 0.00028166 29.9801 10.5313
863 0.00294617 0.00324727 0.00228258 0.00028166 29.9801 10.5313
864 0.00261471 0.00281967 0.00228258 0.00028166 29.9801 10.5313
865 0.00300089 0.00281597 0.00228258 0.00028166 29.9801 10.5313
866 0.00300545 0.00267316 0.00228258 0.00028166 29.9801 10.5313
867 0.0029134 0.00255706 0.00228258 0.00028166 29.9801 10.5313
868 0.00282159 0.00241581 0.00228258 0.00028166 29.9801 10.5313
869 0.00269226 0.00737155 0.00228258 0.00028166 29.9801 10.5313
870 0.00302 0.0027248 0.00228258 0.00028166 29.9801 10.5313
871 0.00291416 0.00267701 0.00228258 0.00028166 29.9801 10.5313
872 0.00281094 0.00297859 0.00228258 0.00028166 29.9801 10.5313
873 0.00292793 0.00305527 0.00228258 0.00028166 29.9801 10.5313
874 0.0031637 0.00328626 0.00228258 0.00028166 29.9801 10.5313
875 0.00269119 0.00298259 0.00228258 0.00028166 29.9801 10.5313
876 0.00304152 0.00309309 0.00228258 0.00028166 29.9801 10.5313
877 0.00284736 0.00236419 0.00228258 0.00028166 29.9801 10.5313
878 0.00313313 0.00355974 0.00228258 0.00028166 29.9801 10.5313
879 0.00289315 0.00431141 0.00228258 0.00028166 29.9801 10.5313
880 0.00314751 0.0026187 0.00228258 0.00028166 29.9801 10.5313
881 0.00285888 0.00267115 0.00228258 0.00028166 29.9801 10.5313
882 0.00291876 0.00452509 0.00228258 0.00028166 29.9801 10.5313
883 0.00293808 0.00517634 0.00228258 0.00028166 29.9801 10.5313
884 0.00289733 0.00312309 0.00228258 0.00028166 29.9801 10.5313
885 0.00278998 0.00273798 0.00228258 0.00028166 29.9801 10.5313
886 0.00304238 0.00687371 0.00228258 0.00028166 29.9801 10.5313
887 0.00313466 0.00286436 0.00228258 0.00028166 29.9801 10.5313
888 0.00285112 0.00474439 0.00228258 0.00028166 29.9801 10.5313
889 0.00293787 0.00255686 0.00228258 0.00028166 29.9801 10.5313
890 0.00308193 0.00474816 0.00228258 0.00028166 29.9801 10.5313
891 0.00328199 0.00290097 0.00228258 0.00028166 29.9801 10.5313
892 0.0029576 0.00329413 0.00228258 0.00028166 29.9801 10.5313
893 0.00306171 0.00242421 0.00228258 0.00028166 29.9801 10.5313
894 0.00329646 0.0030691 0.00228258 0.00028166 29.9801 10.5313
895 0.00309302 0.00301922 0.00228258 0.00028166 29.9801 10.5313
896 0.00296125 0.00370034 0.00228258 0.00028166 29.9801 10.5313
897 0.00308573 0.00278975 0.00228258 0.00028166 29.9801 10.5313
898 0.00312936 0.00443711 0.00228258 0.00028166 29.9801 10.5313
899 0.00310888 0.00315511 0.00228258 0.00028166 29.9801 10.5313
900 0.00314727 0.00387734 0.00228258 0.00028166 29.9801 10.5313
901 0.00307901 0.00343234 0.00228258 0.00028166 29.9801 10.5313
902 0.00358741 0.00298888 0.00228258 0.00028166 29.9801 10.5313
903 0.00324682 0.00388573 0.00228258 0.00028166 29.9801 10.5313
904 0.00334649 0.00258049 0.00228258 0.00028166 29.9801 10.5313
905 0.00298003 0.00684778 0.00228258 0.00028166 29.9801 10.5313
906 0.00348697 0.0041687 0.00228258 0.00028166 29.9801 10.5313
907 0.00293914 0.00343501 0.00228258 0.00028166 29.9801 10.5313
908 0.0029104 0.0031679 0.00228258 0.00028166 29.9801 10.5313
909 0.00302586 0.00388866 0.00228258 0.00028166 29.9801 10.5313
910 0.00325528 0.0025276 0.00228258 0.00028166 29.9801 10.5313
911 0.00316498 0.00346361 0.00228258 0.00028166 29.9801 10.5313
912 0.003885 0.00359861 0.00228258 0.00028166 29.9801 10.5313
913 0.00297345 0.00250355 0.00228258 0.00028166 29.9801 10.5313
914 0.00311678 0.00353016 0.00228258 0.00028166 29.9801 10.5313
915 0.00349905 0.00515521 0.00228258 0.00028166 29.9801 10.5313
916 0.00307256 0.00256562 0.00228258 0.00028166 29.9801 10.5313
917 0.00314987 0.00267249 0.00228258 0.00028166 29.9801 10.5313
918 0.00333694 0.00293336 0.00228258 0.00028166 29.9801 10.5313
919 0.00336899 0.00242191 0.00228258 0.00028166 29.9801 10.5313
920 0.00324922 0.00406957 0.00228258 0.00028166 29.9801 10.5313
921 0.00343423 0.00275528 0.00228258 0.00028166 29.9801 10.5313
922 0.00285454 0.00306766 0.00228258 0.00028166 29.9801 10.5313
923 0.00331009 0.00334739 0.00228258 0.00028166 29.9801 10.5313
924 0.00317462 0.0037281 0.00228258 0.00028166 29.9801 10.5313
925 0.0031905 0.00645734 0.00228258 0.00028166 29.9801 10.5313
926 0.00311506 0.00252876 0.00228258 0.00028166 29.9801 10.5313
927 0.00377472 0.00370257 0.00228258 0.00028166 29.9801 10.5313
928 0.00327649 0.00320341 0.00228258 0.00028166 29.9801 10.5313
929 0.00344558 0.00493023 0.00228258 0.00028166 29.9801 10.5313
930 0.00364223 0.00256971 0.00228258 0.00028166 29.9801 10.5313
931 0.00354817 0.00265239 0.00228258 0.00028166 29.9801 10.5313
932 0.00334042 0.00285304 0.00228258 0.00028166 29.9801 10.5313
933 0.00339655 0.00261102 0.00228258 0.00028166 29.9801 10.5313
934 0.00228457 0.00231829 0.00228258 0.00028166 29.9801 10.5313
935 0.00244543 0.00249883 0.00228258 0.00028166 29.9801 10.5313
936 0.00257132 0.00249895 0.00228258 0.00028166 29.9801 10.5313
937 0.00255311 0.00248894 0.00228258 0.00028166 29.9801 10.5313
938 0.00246151 0.00491988 0.00228258 0.00028166 29.9801 10.5313
939 0.00243671 0.00267892 0.00228258 0.00028166 29.9801 10.5313
940 0.00257857 0.00405052 0.00228258 0.00028166 29.9801 10.5313
941 0.00255675 0.00500647 0.00228258 0.00028166 29.9801 10.5313
942 0.00243538 0.00289757 0.00228258 0.00028166 29.9801 10.5313
943 0.00253201 0.002633 0.00228258 0.00028166 29.9801 10.5313
944 0.00255785 0.00315712 0.00228258 0.00028166 29.9801 10.5313
945 0.00255871 0.00255529 0.00228258 0.00028166 29.9801 10.5313
946 0.00259008 0.00290754 0.00228258 0.00028166 29.9801 10.5313
947 0.00250256 0.00258467 0.00228258 0.00028166 29.9801 10.5313
948 0.00272944 0.00277207 0.00228258 0.00028166 29.9801 10.5313
949 0.00271945 0.00254961 0.00228258 0.00028166 29.9801 10.5313
950 0.00260159 0.00254515 0.00228258 0.00028166 29.9801 10.5313
951 0.00272878 0.00328619 0.00228258 0.00028166 29.9801 10.5313
952 0.00277112 0.00263932 0.00228258 0.00028166 29.9801 10.5313
953 0.00270807 0.0030164 0.00228258 0.00028166 29.9801 10.5313
954 0.00266858 0.00291863 0.00228258 0.00028166 29.9801 10.5313
955 0.00273397 0.00299005 0.00228258 0.00028166 29.9801 10.5313
956 0.00278582 0.0024706 0.00228258 0.00028166 29.9801 10.5313
957 0.0028213 0.00241331 0.00228258 0.00028166 29.9801 10.5313
958 0.00252095 0.00281369 0.00228258 0.00028166 29.9801 10.5313
959 0.00285157 0.00262529 0.00228258 0.00028166 29.9801 10.5313
960 0.00257476 0.00278275 0.00228258 0.00028166 29.9801 10.5313
961 0.0027292 0.00307099 0.00228258 0.00028166 29.9801 10.5313
962 0.0026503 0.00257027 0.00228258 0.00028166 29.9801 10.5313
963 0.00278191 0.00292146 0.00228258 0.00028166 29.9801 10.5313
964 0.00259179 0.00693861 0.00228258 0.00028166 29.9801 10.5313
965 0.00274758 0.00564201 0.00228258 0.00028166 29.9801 10.5313
966 0.00275147 0.00253659 0.00228258 0.00028166 29.9801 10.5313
967 0.00280846 0.00315115 0.00228258 0.00028166 29.9801 10.5313
968 0.00280602 0.00442933 0.00228258 0.00028166 29.9801 10.5313
969 0.00278429 0.0029568 0.00228258 0.00028166 29.9801 10.5313
970 0.00274518 0.00288934 0.00228258 0.00028166 29.9801 10.5313
971 0.0028817 0.00345103 0.00228258 0.00028166 29.9801 10.5313
972 0.00263742 0.00310345 0.00228258 0.00028166 29.9801 10.5313
973 0.00277424 0.00254825 0.00228258 0.00028166 29.9801 10.5313
974 0.00280765 0.00324064 0.00228258 0.00028166 29.9801 10.5313
975 0.00285085 0.00238709 0.00228258 0.00028166 29.9801 10.5313
976 0.00298953 0.00487556 0.00228258 0.00028166 29.9801 10.5313
977 0.00283834 0.00434337 0.00228258 0.00028166 29.9801 10.5313
978 0.00275319 0.00237065 0.00228258 0.00028166 29.9801 10.5313
979 0.00305967 0.00312019 0.00228258 0.00028166 29.9801 10.5313
980 0.00272047 0.00791693 0.00228258 0.00028166 29.9801 10.5313
981 0.00306658 0.00360799 0.00228258 0.00028166 29.9801 10.5313
982 0.00300478 0.00310282 0.00228258 0.00028166 29.9801 10.5313
983 0.00308821 0.00278881 0.00228258 0.00028166 29.9801 10.5313
984 0.00270235 0.00400644 0.00228258 0.00028166 29.9801 10.5313
985 0.00286211 0.00302192 0.00228258 0.00028166 29.9801 10.5313
986 0.00288786 0.00233167 0.00228258 0.00028166 29.9801 10.5313
987 0.00293391 0.00265069 0.00228258 0.00028166 29.9801 10.5313
988 0.00300053 0.00325192 0.00228258 0.00028166 29.9801 10.5313
989 0.0029307 0.0026591 0.00228258 0.00028166 29.9801 10.5313
990 0.00292049 0.00240522 0.00228258 0.00028166 29.9801 10.5313
991 0.00293741 0.00397399 0.00228258 0.00028166 29.9801 10.5313
992 0.00314536 0.00277542 0.00228258 0.00028166 29.9801 10.5313
993 0.00275653 0.00713537 0.00228258 0.00028166 29.9801 10.5313
994 0.00312403 0.00312724 0.00228258 0.00028166 29.9801 10.5313
995 0.00319342 0.00416055 0.00228258 0.00028166 29.9801 10.5313
996 0.00296166 0.00324779 0.00228258 0.00028166 29.9801 10.5313
997 0.00304594 0.00273084 0.00228258 0.00028166 29.9801 10.5313
998 0.00321357 0.00368081 0.00228258 0.00028166 29.9801 10.5313
999 0.00296347 0.00429881 0.00228258 0.00028166 29.9801 10.5313
1000 0.0031028 0.00644879 0.00228258 0.00028166 29.9801 10.5313
1001 0.00321692 0.0033225 0.00228258 0.00028166 29.9801 10.5313
1002 0.00308218 0.00266886 0.00228258 0.00028166 29.9801 10.5313
1003 0.00308757 0.00316076 0.00228258 0.00028166 29.9801 10.5313
1004 0.00298106 0.00356006 0.00228258 0.00028166 29.9801 10.5313
1005 0.00316377 0.00288822 0.00228258 0.00028166 29.9801 10.5313
1006 0.0032113 0.00373587 0.00228258 0.00028166 29.9801 10.5313
1007 0.0031192 0.00260861 0.00228258 0.00028166 29.9801 10.5313
1008 0.00348795 0.00366852 0.00228258 0.00028166 29.9801 10.5313
1009 0.00302264 0.00401058 0.00228258 0.00028166 29.9801 10.5313
1010 0.00314215 0.00290262 0.00228258 0.00028166 29.9801 10.5313
1011 0.00320366 0.00314973 0.00228258 0.00028166 29.9801 10.5313
1012 0.00302798 0.00244339 0.00228258 0.00028166 29.9801 10.5313
1013 0.00343427 0.00389852 0.00228258 0.00028166 29.9801 10.5313
1014 0.00328168 0.00302606 0.00228258 0.00028166 29.9801 10.5313
1015 0.00344797 0.00524877 0.00228258 0.00028166 29.9801 10.5313
1016 0.0030126 0.00381542 0.00228258 0.00028166 29.9801 10.5313
1017 0.00324262 0.00319759 0.00228258 0.00028166 29.9801 10.5313
1018 0.00304908 0.00279565 0.00228258 0.00028166 29.9801 10.5313
1019 0.00362053 0.00265393 0.00228258 0.00028166 29.9801 10.5313
1020 0.00328024 0.00340444 0.00228258 0.00028166 29.9801 10.5313
1021 0.00315542 0.00362662 0.00228258 0.00028166 29.9801 10.5313
1022 0.0033837 0.0133364 0.00228258 0.00028166 29.9801 10.5313
1023 0.00381422 0.00515493 0.00228258 0.00028166 29.9801 10.5313
1024 0.00312551 0.00325221 0.00228258 0.00028166 29.9801 10.5313
1025 0.0031889 0.0026079 0.00228258 0.00028166 29.9801 10.5313
1026 0.00332054 0.00343176 0.00228258 0.00028166 29.9801 10.5313
1027 0.00317039 0.00547091 0.00228258 0.00028166 29.9801 10.5313
1028 0.00342888 0.00252944 0.00228258 0.00028166 29.9801 10.5313
1029 0.00346536 0.00331916 0.00228258 0.00028166 29.9801 10.5313
1030 0.00341024 0.00266756 0.00228258 0.00028166 29.9801 10.5313
1031 0.00326635 0.00561078 0.00228258 0.00028166 29.9801 10.5313
1032 0.00324839 0.00322436 0.00228258 0.00028166 29.9801 10.5313
1033 0.0034428 0.00307617 0.00228258 0.00028166 29.9801 10.5313
