1 28.7354 0.596424 1.79769e+308 1.79769e+308 inf inf
2 0.508708 0.218757 1.79769e+308 1.79769e+308 inf inf
3 0.187564 0.190813 0.218757 0.00128536 293.496 22.4974
4 0.232818 0.0243585 0.190813 0.000980576 274.11 19.6499
5 0.364739 0.0468055 0.0243585 0.000775251 97.9366 17.472
6 0.0884519 0.053211 0.0243585 0.000775251 97.9366 17.472
7 0.191496 0.0556255 0.0243585 0.000775251 97.9366 17.472
8 0.169968 0.0445746 0.0243585 0.000775251 97.9366 17.472
9 0.142937 0.168765 0.0243585 0.000775251 97.9366 17.472
10 0.16532 0.0247253 0.0243585 0.000775251 97.9366 17.472
11 0.175526 0.0139935 0.0243585 0.000775251 97.9366 17.472
12 0.323265 0.10728 0.0139935 0.000460147 74.2306 13.4607
13 0.0357339 0.00654184 0.0139935 0.000460147 74.2306 13.4607
14 0.0538118 0.0451221 0.00654184 0.000413447 50.754 12.7594
15 0.168354 0.00887865 0.00654184 0.000413447 50.754 12.7594
16 0.0321705 0.0225594 0.00654184 0.000413447 50.754 12.7594
17 0.0615835 0.00919249 0.00654184 0.000413447 50.754 12.7594
18 0.0557069 0.0353542 0.00654184 0.000413447 50.754 12.7594
19 0.103408 0.0606002 0.00654184 0.000413447 50.754 12.7594
20 0.0369764 0.0304827 0.00654184 0.000413447 50.754 12.7594
21 0.0617053 0.0993053 0.00654184 0.000413447 50.754 12.7594
22 0.0533524 0.0164895 0.00654184 0.000413447 50.754 12.7594
23 0.134458 0.0120819 0.00654184 0.000413447 50.754 12.7594
24 0.0245594 0.0324046 0.00654184 0.000413447 50.754 12.7594
25 0.0330069 0.0542698 0.00654184 0.000413447 50.754 12.7594
26 0.08632 0.0334216 0.00654184 0.000413447 50.754 12.7594
27 0.032362 0.00573824 0.00654184 0.000413447 50.754 12.7594
28 0.0580079 0.0205534 0.00573824 0.000310284 47.5346 11.0535
29 0.0261325 0.0323442 0.00573824 0.000310284 47.5346 11.0535
30 0.101464 0.0351664 0.00573824 0.000310284 47.5346 11.0535
31 0.0277437 0.0130265 0.00573824 0.000310284 47.5346 11.0535
32 0.0254537 0.00820504 0.00573824 0.000310284 47.5346 11.0535
33 0.0501053 0.224581 0.00573824 0.000310284 47.5346 11.0535
34 0.0388539 0.0423638 0.00573824 0.000310284 47.5346 11.0535
35 0.0500871 0.00849938 0.00573824 0.000310284 47.5346 11.0535
36 0.0524057 0.0172892 0.00573824 0.000310284 47.5346 11.0535
37 0.019754 0.00537086 0.00573824 0.000310284 47.5346 11.0535
38 0.0521619 0.0079879 0.00537086 0.000293195 45.9878 10.7448
39 0.0274389 0.0328134 0.00537086 0.000293195 45.9878 10.7448
40 0.0485505 0.00837895 0.00537086 0.000293195 45.9878 10.7448
41 0.0408808 0.02276 0.00537086 0.000293195 45.9878 10.7448
42 0.0244338 0.0267993 0.00537086 0.000293195 45.9878 10.7448
43 0.0427318 0.00918278 0.00537086 0.000293195 45.9878 10.7448
44 0.0206256 0.0479571 0.00537086 0.000293195 45.9878 10.7448
45 0.0894916 0.00479549 0.00537086 0.000293195 45.9878 10.7448
46 0.0162932 0.0463502 0.00479549 0.000291044 43.4547 10.7053
47 0.0440022 0.00892991 0.00479549 0.000291044 43.4547 10.7053
48 0.0286973 0.016653 0.00479549 0.000291044 43.4547 10.7053
49 0.0209976 0.0265295 0.00479549 0.000291044 43.4547 10.7053
50 0.156464 0.00744521 0.00479549 0.000291044 43.4547 10.7053
51 0.0168684 0.00690341 0.00479549 0.000291044 43.4547 10.7053
52 0.0219978 0.0229268 0.00479549 0.000291044 43.4547 10.7053
53 0.0339614 0.0494766 0.00479549 0.000291044 43.4547 10.7053
54 0.0351369 0.0240716 0.00479549 0.000291044 43.4547 10.7053
55 0.0592295 0.00863312 0.00479549 0.000291044 43.4547 10.7053
56 0.0205028 0.0186663 0.00479549 0.000291044 43.4547 10.7053
57 0.0533921 0.00647048 0.00479549 0.000291044 43.4547 10.7053
58 0.0659047 0.0052504 0.00479549 0.000291044 43.4547 10.7053
59 0.0146377 0.00775864 0.00479549 0.000291044 43.4547 10.7053
60 0.0255903 0.00567995 0.00479549 0.000291044 43.4547 10.7053
61 0.0273342 0.0185962 0.00479549 0.000291044 43.4547 10.7053
62 0.031732 0.00451597 0.00479549 0.000291044 43.4547 10.7053
63 0.0299797 0.0746328 0.00451597 0.000280182 42.1693 10.5037
64 0.0297639 0.0156275 0.00451597 0.000280182 42.1693 10.5037
65 0.0721089 0.00974082 0.00451597 0.000280182 42.1693 10.5037
66 0.0279859 0.0218506 0.00451597 0.000280182 42.1693 10.5037
67 0.0291397 0.00558753 0.00451597 0.000280182 42.1693 10.5037
68 0.0338836 0.0105362 0.00451597 0.000280182 42.1693 10.5037
69 0.049674 0.00844066 0.00451597 0.000280182 42.1693 10.5037
70 0.0170871 0.0197152 0.00451597 0.000280182 42.1693 10.5037
71 0.0309174 0.00880575 0.00451597 0.000280182 42.1693 10.5037
72 0.0271588 0.0100575 0.00451597 0.000280182 42.1693 10.5037
73 0.0373753 0.0138423 0.00451597 0.000280182 42.1693 10.5037
74 0.0734888 0.00481209 0.00451597 0.000280182 42.1693 10.5037
75 0.018916 0.0401155 0.00451597 0.000280182 42.1693 10.5037
76 0.0311213 0.006755 0.00451597 0.000280182 42.1693 10.5037
77 0.0410529 0.0119959 0.00451597 0.000280182 42.1693 10.5037
78 0.0217375 0.00777084 0.00451597 0.000280182 42.1693 10.5037
79 0.0856608 0.00461171 0.00451597 0.000280182 42.1693 10.5037
80 0.0257907 0.00547658 0.00451597 0.000280182 42.1693 10.5037
81 0.0524245 0.0116857 0.00451597 0.000280182 42.1693 10.5037
82 0.0117442 0.0185634 0.00451597 0.000280182 42.1693 10.5037
83 0.0435301 0.00712725 0.00451597 0.000280182 42.1693 10.5037
84 0.0184422 0.0155853 0.00451597 0.000280182 42.1693 10.5037
85 0.0407772 0.023817 0.00451597 0.000280182 42.1693 10.5037
86 0.0208386 0.00685483 0.00451597 0.000280182 42.1693 10.5037
87 0.0419197 0.0058833 0.00451597 0.000280182 42.1693 10.5037
88 0.0239881 0.0476553 0.00451597 0.000280182 42.1693 10.5037
89 0.0583363 0.0953997 0.00451597 0.000280182 42.1693 10.5037
90 0.0112775 0.0101795 0.00451597 0.000280182 42.1693 10.5037
91 0.0228426 0.0143721 0.00451597 0.000280182 42.1693 10.5037
92 0.0280193 0.0129648 0.00451597 0.000280182 42.1693 10.5037
93 0.0367853 0.00840961 0.00451597 0.000280182 42.1693 10.5037
94 0.0404023 0.00520521 0.00451597 0.000280182 42.1693 10.5037
95 0.0258016 0.0121141 0.00451597 0.000280182 42.1693 10.5037
96 0.0261393 0.0153941 0.00451597 0.000280182 42.1693 10.5037
97 0.0242852 0.00697932 0.00451597 0.000280182 42.1693 10.5037
98 0.101729 0.00552188 0.00451597 0.000280182 42.1693 10.5037
99 0.0118826 0.00413479 0.00451597 0.000280182 42.1693 10.5037
100 0.0336723 0.0128245 0.00413479 0.000282001 40.3503 10.5377
101 0.023318 0.0201548 0.00413479 0.000282001 40.3503 10.5377
102 0.0200051 0.0833247 0.00413479 0.000282001 40.3503 10.5377
103 0.0657178 0.00536752 0.00413479 0.000282001 40.3503 10.5377
104 0.0104784 0.0098219 0.00413479 0.000282001 40.3503 10.5377
105 0.0848585 0.0048105 0.00413479 0.000282001 40.3503 10.5377
106 0.0132699 0.00486119 0.00413479 0.000282001 40.3503 10.5377
107 0.0201634 0.136453 0.00413479 0.000282001 40.3503 10.5377
108 0.0270507 0.0218671 0.00413479 0.000282001 40.3503 10.5377
109 0.028106 0.00909139 0.00413479 0.000282001 40.3503 10.5377
110 0.0425244 0.00699438 0.00413479 0.000282001 40.3503 10.5377
111 0.0206752 0.0223624 0.00413479 0.000282001 40.3503 10.5377
112 0.0265048 0.00940942 0.00413479 0.000282001 40.3503 10.5377
113 0.0262906 0.00681964 0.00413479 0.000282001 40.3503 10.5377
114 0.0457274 0.00409234 0.00413479 0.000282001 40.3503 10.5377
115 0.0345436 0.0263619 0.00409234 0.000278177 40.1427 10.466
116 0.0164978 0.776964 0.00409234 0.000278177 40.1427 10.466
117 0.0300567 0.0330451 0.00409234 0.000278177 40.1427 10.466
118 0.0810709 0.00480229 0.00409234 0.000278177 40.1427 10.466
119 0.00924857 0.0129138 0.00409234 0.000278177 40.1427 10.466
120 0.0185576 0.00778309 0.00409234 0.000278177 40.1427 10.466
121 0.0248038 0.00444051 0.00409234 0.000278177 40.1427 10.466
122 0.056322 0.0448952 0.00409234 0.000278177 40.1427 10.466
123 0.0255 0.00429075 0.00409234 0.000278177 40.1427 10.466
124 0.0511154 0.00437072 0.00409234 0.000278177 40.1427 10.466
125 0.00821232 0.00836116 0.00409234 0.000278177 40.1427 10.466
126 0.098144 0.00767574 0.00409234 0.000278177 40.1427 10.466
127 0.00865283 0.00346307 0.00409234 0.000278177 40.1427 10.466
128 0.0206743 0.0183928 0.00346307 0.000280846 36.9276 10.5161
129 0.0333134 0.00362868 0.00346307 0.000280846 36.9276 10.5161
130 0.0321666 0.00435181 0.00346307 0.000280846 36.9276 10.5161
131 0.0203768 0.00405421 0.00346307 0.000280846 36.9276 10.5161
132 0.0557278 0.00671675 0.00346307 0.000280846 36.9276 10.5161
133 0.0096587 0.0110489 0.00346307 0.000280846 36.9276 10.5161
134 0.0225465 0.0049004 0.00346307 0.000280846 36.9276 10.5161
135 0.0383576 0.0128577 0.00346307 0.000280846 36.9276 10.5161
136 0.0247502 0.015976 0.00346307 0.000280846 36.9276 10.5161
137 0.0375508 0.00586808 0.00346307 0.000280846 36.9276 10.5161
138 0.0175905 0.00958592 0.00346307 0.000280846 36.9276 10.5161
139 0.0477634 0.00851591 0.00346307 0.000280846 36.9276 10.5161
140 0.0180408 0.00761975 0.00346307 0.000280846 36.9276 10.5161
141 0.088621 0.00348358 0.00346307 0.000280846 36.9276 10.5161
142 0.010635 0.00859784 0.00346307 0.000280846 36.9276 10.5161
143 0.0247407 0.0162074 0.00346307 0.000280846 36.9276 10.5161
144 0.0347598 0.0224977 0.00346307 0.000280846 36.9276 10.5161
145 0.023789 0.00951002 0.00346307 0.000280846 36.9276 10.5161
146 0.0368419 0.00792718 0.00346307 0.000280846 36.9276 10.5161
147 0.0246077 0.0133193 0.00346307 0.000280846 36.9276 10.5161
148 0.0178028 0.00398876 0.00346307 0.000280846 36.9276 10.5161
149 0.0477274 0.0154387 0.00346307 0.000280846 36.9276 10.5161
150 0.0214368 0.0115933 0.00346307 0.000280846 36.9276 10.5161
151 0.0264689 0.0135324 0.00346307 0.000280846 36.9276 10.5161
152 0.028435 0.00755081 0.00346307 0.000280846 36.9276 10.5161
153 0.0724535 0.00291893 0.00346307 0.000280846 36.9276 10.5161
154 0.0131205 0.00442781 0.00291893 0.000282566 33.9025 10.5482
155 0.037109 0.00469762 0.00291893 0.000282566 33.9025 10.5482
156 0.0616354 0.0249744 0.00291893 0.000282566 33.9025 10.5482
157 0.00985031 0.00685099 0.00291893 0.000282566 33.9025 10.5482
158 0.0193051 0.0344263 0.00291893 0.000282566 33.9025 10.5482
159 0.0306676 0.0108459 0.00291893 0.000282566 33.9025 10.5482
160 0.0267378 0.00748327 0.00291893 0.000282566 33.9025 10.5482
161 0.0807933 0.0108983 0.00291893 0.000282566 33.9025 10.5482
162 0.00933239 0.0519636 0.00291893 0.000282566 33.9025 10.5482
163 0.0299497 0.00407117 0.00291893 0.000282566 33.9025 10.5482
164 0.0231091 0.0182687 0.00291893 0.000282566 33.9025 10.5482
165 0.0250227 0.00567352 0.00291893 0.000282566 33.9025 10.5482
166 0.0579228 0.00347207 0.00291893 0.000282566 33.9025 10.5482
167 0.0159047 0.0214454 0.00291893 0.000282566 33.9025 10.5482
168 0.0282883 0.140586 0.00291893 0.000282566 33.9025 10.5482
169 0.0303677 0.0382654 0.00291893 0.000282566 33.9025 10.5482
170 0.0428319 0.288631 0.00291893 0.000282566 33.9025 10.5482
171 0.030891 0.00352737 0.00291893 0.000282566 33.9025 10.5482
172 0.0232099 0.0098032 0.00291893 0.000282566 33.9025 10.5482
173 0.0893321 0.00527148 0.00291893 0.000282566 33.9025 10.5482
174 0.0112829 0.0148979 0.00291893 0.000282566 33.9025 10.5482
175 0.0265979 0.0042971 0.00291893 0.000282566 33.9025 10.5482
176 0.0320536 0.0468305 0.00291893 0.000282566 33.9025 10.5482
177 0.0205575 0.00692306 0.00291893 0.000282566 33.9025 10.5482
178 0.0304928 0.0238917 0.00291893 0.000282566 33.9025 10.5482
179 0.0331642 0.479736 0.00291893 0.000282566 33.9025 10.5482
180 0.0244982 0.00429261 0.00291893 0.000282566 33.9025 10.5482
181 0.0311496 0.0116883 0.00291893 0.000282566 33.9025 10.5482
182 0.0493734 0.00455464 0.00291893 0.000282566 33.9025 10.5482
183 0.0245936 0.0221452 0.00291893 0.000282566 33.9025 10.5482
184 0.0194213 0.0142262 0.00291893 0.000282566 33.9025 10.5482
185 0.0313629 0.00404181 0.00291893 0.000282566 33.9025 10.5482
186 0.0728546 0.00374198 0.00291893 0.000282566 33.9025 10.5482
187 0.025573 0.0252056 0.00291893 0.000282566 33.9025 10.5482
188 0.0238603 0.0184433 0.00291893 0.000282566 33.9025 10.5482
189 0.0187679 0.0419447 0.00291893 0.000282566 33.9025 10.5482
190 0.0231308 0.0207336 0.00291893 0.000282566 33.9025 10.5482
191 0.0346007 0.0112027 0.00291893 0.000282566 33.9025 10.5482
192 0.0242397 0.0276804 0.00291893 0.000282566 33.9025 10.5482
193 0.0261146 0.00484907 0.00291893 0.000282566 33.9025 10.5482
194 0.100501 0.0123395 0.00291893 0.000282566 33.9025 10.5482
195 0.00926273 0.00587815 0.00291893 0.000282566 33.9025 10.5482
196 0.0201585 0.00705579 0.00291893 0.000282566 33.9025 10.5482
197 0.0542185 0.00398036 0.00291893 0.000282566 33.9025 10.5482
198 0.0132399 0.00599242 0.00291893 0.000282566 33.9025 10.5482
199 0.0279837 0.00342195 0.00291893 0.000282566 33.9025 10.5482
200 0.0232684 0.00763043 0.00291893 0.000282566 33.9025 10.5482
201 0.0330213 0.0128982 0.00291893 0.000282566 33.9025 10.5482
202 0.0265759 0.054559 0.00291893 0.000282566 33.9025 10.5482
203 0.0359454 0.0138328 0.00291893 0.000282566 33.9025 10.5482
204 0.0173399 0.0475868 0.00291893 0.000282566 33.9025 10.5482
205 0.0478327 0.00417361 0.00291893 0.000282566 33.9025 10.5482
206 0.0819657 0.00890262 0.00291893 0.000282566 33.9025 10.5482
207 0.00616997 0.011582 0.00291893 0.000282566 33.9025 10.5482
208 0.0177991 0.00602482 0.00291893 0.000282566 33.9025 10.5482
209 0.0288289 0.0171507 0.00291893 0.000282566 33.9025 10.5482
210 0.0264406 0.00620017 0.00291893 0.000282566 33.9025 10.5482
211 0.0219244 0.00604749 0.00291893 0.000282566 33.9025 10.5482
212 0.0441144 0.0194119 0.00291893 0.000282566 33.9025 10.5482
213 0.0253338 0.0643988 0.00291893 0.000282566 33.9025 10.5482
214 0.0186464 0.0189816 0.00291893 0.000282566 33.9025 10.5482
215 0.0751729 0.00469228 0.00291893 0.000282566 33.9025 10.5482
216 0.0092286 0.00485815 0.00291893 0.000282566 33.9025 10.5482
217 0.033922 0.0197637 0.00291893 0.000282566 33.9025 10.5482
218 0.0213027 0.0104097 0.00291893 0.000282566 33.9025 10.5482
219 0.0436527 0.0128977 0.00291893 0.000282566 33.9025 10.5482
220 0.015125 0.00826841 0.00291893 0.000282566 33.9025 10.5482
221 0.0297645 0.00866676 0.00291893 0.000282566 33.9025 10.5482
222 0.0314062 0.00362445 0.00291893 0.000282566 33.9025 10.5482
223 0.0243547 0.00512423 0.00291893 0.000282566 33.9025 10.5482
224 0.0366744 0.00411605 0.00291893 0.000282566 33.9025 10.5482
225 0.0316554 0.00670184 0.00291893 0.000282566 33.9025 10.5482
226 0.0310338 0.00879615 0.00291893 0.000282566 33.9025 10.5482
227 0.0378235 0.0227059 0.00291893 0.000282566 33.9025 10.5482
228 0.019739 0.00663447 0.00291893 0.000282566 33.9025 10.5482
229 0.0341712 0.00471101 0.00291893 0.000282566 33.9025 10.5482
230 0.0232073 0.0270821 0.00291893 0.000282566 33.9025 10.5482
231 0.0392114 0.00653223 0.00291893 0.000282566 33.9025 10.5482
232 0.0317483 0.0366892 0.00291893 0.000282566 33.9025 10.5482
233 0.0287948 0.00689434 0.00291893 0.000282566 33.9025 10.5482
234 0.0155491 0.00894607 0.00291893 0.000282566 33.9025 10.5482
235 0.0426906 0.00580634 0.00291893 0.000282566 33.9025 10.5482
236 0.0323341 0.0308624 0.00291893 0.000282566 33.9025 10.5482
237 0.0166611 0.00801679 0.00291893 0.000282566 33.9025 10.5482
238 0.0392516 0.00471264 0.00291893 0.000282566 33.9025 10.5482
239 0.0149637 0.0559751 0.00291893 0.000282566 33.9025 10.5482
240 0.0356626 0.0282828 0.00291893 0.000282566 33.9025 10.5482
241 0.0393851 0.00650262 0.00291893 0.000282566 33.9025 10.5482
242 0.0117034 0.0202774 0.00291893 0.000282566 33.9025 10.5482
243 0.0268729 0.00826662 0.00291893 0.000282566 33.9025 10.5482
244 0.0276135 0.00957666 0.00291893 0.000282566 33.9025 10.5482
245 0.0250757 0.00694687 0.00291893 0.000282566 33.9025 10.5482
246 0.0791186 0.255545 0.00291893 0.000282566 33.9025 10.5482
247 0.0145494 0.00362976 0.00291893 0.000282566 33.9025 10.5482
248 0.022367 0.00445349 0.00291893 0.000282566 33.9025 10.5482
249 0.0280274 0.00627926 0.00291893 0.000282566 33.9025 10.5482
250 0.0346026 0.0105533 0.00291893 0.000282566 33.9025 10.5482
251 0.017572 0.00551559 0.00291893 0.000282566 33.9025 10.5482
252 0.0307088 0.00397718 0.00291893 0.000282566 33.9025 10.5482
253 0.0305786 0.00476947 0.00291893 0.000282566 33.9025 10.5482
254 0.00458883 0.0047151 0.00291893 0.000282566 33.9025 10.5482
255 0.00354536 0.00326681 0.00291893 0.000282566 33.9025 10.5482
256 0.00461537 0.00340499 0.00291893 0.000282566 33.9025 10.5482
257 0.00789863 0.012214 0.00291893 0.000282566 33.9025 10.5482
258 0.00702062 0.00956907 0.00291893 0.000282566 33.9025 10.5482
259 0.00785338 0.00999318 0.00291893 0.000282566 33.9025 10.5482
260 0.007213 0.00615544 0.00291893 0.000282566 33.9025 10.5482
261 0.00756493 0.0103672 0.00291893 0.000282566 33.9025 10.5482
262 0.00594285 0.00403569 0.00291893 0.000282566 33.9025 10.5482
263 0.00720488 0.0126056 0.00291893 0.000282566 33.9025 10.5482
264 0.00778165 0.0040772 0.00291893 0.000282566 33.9025 10.5482
265 0.00759471 0.00731588 0.00291893 0.000282566 33.9025 10.5482
266 0.00726639 0.00477654 0.00291893 0.000282566 33.9025 10.5482
267 0.00665025 0.00803081 0.00291893 0.000282566 33.9025 10.5482
268 0.00729668 0.00610938 0.00291893 0.000282566 33.9025 10.5482
269 0.00841734 0.0114095 0.00291893 0.000282566 33.9025 10.5482
270 0.00659278 0.00500759 0.00291893 0.000282566 33.9025 10.5482
271 0.00847496 0.00463792 0.00291893 0.000282566 33.9025 10.5482
272 0.0067353 0.00510787 0.00291893 0.000282566 33.9025 10.5482
273 0.00727939 0.00384527 0.00291893 0.000282566 33.9025 10.5482
274 0.00733127 0.0081531 0.00291893 0.000282566 33.9025 10.5482
275 0.00758781 0.00354271 0.00291893 0.000282566 33.9025 10.5482
276 0.00799213 0.0107322 0.00291893 0.000282566 33.9025 10.5482
277 0.00715737 0.0104792 0.00291893 0.000282566 33.9025 10.5482
278 0.00854279 0.00873771 0.00291893 0.000282566 33.9025 10.5482
279 0.00701689 0.00335516 0.00291893 0.000282566 33.9025 10.5482
280 0.00663209 0.00374779 0.00291893 0.000282566 33.9025 10.5482
281 0.00680549 0.00807926 0.00291893 0.000282566 33.9025 10.5482
282 0.00693712 0.00376924 0.00291893 0.000282566 33.9025 10.5482
283 0.00915654 0.00332655 0.00291893 0.000282566 33.9025 10.5482
284 0.00762641 0.00495262 0.00291893 0.000282566 33.9025 10.5482
285 0.00801753 0.004656 0.00291893 0.000282566 33.9025 10.5482
286 0.0073292 0.00444501 0.00291893 0.000282566 33.9025 10.5482
287 0.00882974 0.0110751 0.00291893 0.000282566 33.9025 10.5482
288 0.00654728 0.0199001 0.00291893 0.000282566 33.9025 10.5482
289 0.00930024 0.00358844 0.00291893 0.000282566 33.9025 10.5482
290 0.00729737 0.0173324 0.00291893 0.000282566 33.9025 10.5482
291 0.0066807 0.0321798 0.00291893 0.000282566 33.9025 10.5482
292 0.00872724 0.00336645 0.00291893 0.000282566 33.9025 10.5482
293 0.00599858 0.0115573 0.00291893 0.000282566 33.9025 10.5482
294 0.00749282 0.00433751 0.00291893 0.000282566 33.9025 10.5482
295 0.00867272 0.00398233 0.00291893 0.000282566 33.9025 10.5482
296 0.00743253 0.0071603 0.00291893 0.000282566 33.9025 10.5482
297 0.00896063 0.01044 0.00291893 0.000282566 33.9025 10.5482
298 0.00682306 0.00743074 0.00291893 0.000282566 33.9025 10.5482
299 0.00734347 0.0072527 0.00291893 0.000282566 33.9025 10.5482
300 0.00718806 0.00450496 0.00291893 0.000282566 33.9025 10.5482
301 0.00864759 0.00619401 0.00291893 0.000282566 33.9025 10.5482
302 0.00915 0.00287899 0.00291893 0.000282566 33.9025 10.5482
303 0.00602532 0.0143696 0.00287899 0.000284256 33.6698 10.5797
304 0.00845501 0.00394435 0.00287899 0.000284256 33.6698 10.5797
305 0.00836662 0.0056137 0.00287899 0.000284256 33.6698 10.5797
306 0.00807449 0.00615531 0.00287899 0.000284256 33.6698 10.5797
307 0.00707398 0.00618915 0.00287899 0.000284256 33.6698 10.5797
308 0.00831678 0.00762 0.00287899 0.000284256 33.6698 10.5797
309 0.00885354 0.006074 0.00287899 0.000284256 33.6698 10.5797
310 0.00774038 0.00433036 0.00287899 0.000284256 33.6698 10.5797
311 0.00813724 0.0106821 0.00287899 0.000284256 33.6698 10.5797
312 0.008333 0.00362006 0.00287899 0.000284256 33.6698 10.5797
313 0.00730207 0.0042054 0.00287899 0.000284256 33.6698 10.5797
314 0.0116712 0.00428802 0.00287899 0.000284256 33.6698 10.5797
315 0.00639728 0.00767317 0.00287899 0.000284256 33.6698 10.5797
316 0.00813905 0.00556267 0.00287899 0.000284256 33.6698 10.5797
317 0.00827848 0.00497854 0.00287899 0.000284256 33.6698 10.5797
318 0.0072964 0.00436481 0.00287899 0.000284256 33.6698 10.5797
319 0.00878307 0.0037764 0.00287899 0.000284256 33.6698 10.5797
320 0.00877573 0.0110054 0.00287899 0.000284256 33.6698 10.5797
321 0.00750117 0.00956605 0.00287899 0.000284256 33.6698 10.5797
322 0.0068412 0.00679728 0.00287899 0.000284256 33.6698 10.5797
323 0.00903542 0.00573765 0.00287899 0.000284256 33.6698 10.5797
324 0.00831976 0.00526244 0.00287899 0.000284256 33.6698 10.5797
325 0.00716868 0.00528558 0.00287899 0.000284256 33.6698 10.5797
326 0.0108563 0.00679027 0.00287899 0.000284256 33.6698 10.5797
327 0.00615978 0.00872841 0.00287899 0.000284256 33.6698 10.5797
328 0.00911194 0.00563236 0.00287899 0.000284256 33.6698 10.5797
329 0.00988413 0.0104566 0.00287899 0.000284256 33.6698 10.5797
330 0.0105648 0.00399087 0.00287899 0.000284256 33.6698 10.5797
331 0.00582609 0.0044428 0.00287899 0.000284256 33.6698 10.5797
332 0.00859442 0.00896325 0.00287899 0.000284256 33.6698 10.5797
333 0.00911282 0.00314489 0.00287899 0.000284256 33.6698 10.5797
334 0.00706206 0.00555643 0.00287899 0.000284256 33.6698 10.5797
335 0.00959345 0.00275842 0.00287899 0.000284256 33.6698 10.5797
336 0.00782696 0.0138746 0.00275842 0.00028655 32.9572 10.6224
337 0.0091091 0.00354655 0.00275842 0.00028655 32.9572 10.6224
338 0.00898986 0.00331502 0.00275842 0.00028655 32.9572 10.6224
339 0.00722346 0.0126436 0.00275842 0.00028655 32.9572 10.6224
340 0.00830309 0.00329546 0.00275842 0.00028655 32.9572 10.6224
341 0.00774289 0.0148353 0.00275842 0.00028655 32.9572 10.6224
342 0.00852681 0.00611239 0.00275842 0.00028655 32.9572 10.6224
343 0.00741313 0.00480564 0.00275842 0.00028655 32.9572 10.6224
344 0.00886166 0.00361914 0.00275842 0.00028655 32.9572 10.6224
345 0.00888979 0.00660399 0.00275842 0.00028655 32.9572 10.6224
346 0.00814484 0.00313848 0.00275842 0.00028655 32.9572 10.6224
347 0.00672621 0.00393517 0.00275842 0.00028655 32.9572 10.6224
348 0.0108912 0.00599551 0.00275842 0.00028655 32.9572 10.6224
349 0.00656219 0.0044632 0.00275842 0.00028655 32.9572 10.6224
350 0.00803012 0.0100254 0.00275842 0.00028655 32.9572 10.6224
351 0.0100109 0.0120523 0.00275842 0.00028655 32.9572 10.6224
352 0.00725744 0.00819216 0.00275842 0.00028655 32.9572 10.6224
353 0.00751714 0.00438339 0.00275842 0.00028655 32.9572 10.6224
354 0.0069619 0.0135978 0.00275842 0.00028655 32.9572 10.6224
355 0.0101694 0.00636105 0.00275842 0.00028655 32.9572 10.6224
356 0.00958358 0.00562134 0.00275842 0.00028655 32.9572 10.6224
357 0.00729546 0.00965743 0.00275842 0.00028655 32.9572 10.6224
358 0.00737527 0.00517423 0.00275842 0.00028655 32.9572 10.6224
359 0.00834163 0.0077991 0.00275842 0.00028655 32.9572 10.6224
360 0.00965293 0.00433786 0.00275842 0.00028655 32.9572 10.6224
361 0.00830796 0.00434684 0.00275842 0.00028655 32.9572 10.6224
362 0.00650872 0.00392277 0.00275842 0.00028655 32.9572 10.6224
363 0.00899599 0.00739478 0.00275842 0.00028655 32.9572 10.6224
364 0.00809572 0.0153518 0.00275842 0.00028655 32.9572 10.6224
365 0.00863488 0.00374309 0.00275842 0.00028655 32.9572 10.6224
366 0.00794636 0.00708858 0.00275842 0.00028655 32.9572 10.6224
367 0.00910663 0.00410062 0.00275842 0.00028655 32.9572 10.6224
368 0.00999627 0.0217918 0.00275842 0.00028655 32.9572 10.6224
369 0.0080879 0.00704052 0.00275842 0.00028655 32.9572 10.6224
370 0.00914944 0.00722091 0.00275842 0.00028655 32.9572 10.6224
371 0.00798283 0.00352386 0.00275842 0.00028655 32.9572 10.6224
372 0.00785372 0.00612694 0.00275842 0.00028655 32.9572 10.6224
373 0.0085108 0.00476468 0.00275842 0.00028655 32.9572 10.6224
374 0.00760573 0.00799939 0.00275842 0.00028655 32.9572 10.6224
375 0.00735961 0.0144178 0.00275842 0.00028655 32.9572 10.6224
376 0.00851774 0.0072648 0.00275842 0.00028655 32.9572 10.6224
377 0.00914384 0.00419478 0.00275842 0.00028655 32.9572 10.6224
378 0.00805777 0.0319657 0.00275842 0.00028655 32.9572 10.6224
379 0.00882248 0.00527039 0.00275842 0.00028655 32.9572 10.6224
380 0.0102467 0.0076825 0.00275842 0.00028655 32.9572 10.6224
381 0.00751772 0.00957266 0.00275842 0.00028655 32.9572 10.6224
382 0.00879316 0.011279 0.00275842 0.00028655 32.9572 10.6224
383 0.00749477 0.017728 0.00275842 0.00028655 32.9572 10.6224
384 0.00875928 0.015933 0.00275842 0.00028655 32.9572 10.6224
385 0.00879969 0.00827963 0.00275842 0.00028655 32.9572 10.6224
386 0.00679302 0.00824124 0.00275842 0.00028655 32.9572 10.6224
387 0.008368 0.0110293 0.00275842 0.00028655 32.9572 10.6224
388 0.00978088 0.00475651 0.00275842 0.00028655 32.9572 10.6224
389 0.00823341 0.00525863 0.00275842 0.00028655 32.9572 10.6224
390 0.00807084 0.00986057 0.00275842 0.00028655 32.9572 10.6224
391 0.00802093 0.00458967 0.00275842 0.00028655 32.9572 10.6224
392 0.0087763 0.00511164 0.00275842 0.00028655 32.9572 10.6224
393 0.00883396 0.00376147 0.00275842 0.00028655 32.9572 10.6224
394 0.00727291 0.0054904 0.00275842 0.00028655 32.9572 10.6224
395 0.00850904 0.0122855 0.00275842 0.00028655 32.9572 10.6224
396 0.0101676 0.00429473 0.00275842 0.00028655 32.9572 10.6224
397 0.00911678 0.00610068 0.00275842 0.00028655 32.9572 10.6224
398 0.00825146 0.00676943 0.00275842 0.00028655 32.9572 10.6224
399 0.00886356 0.00326681 0.00275842 0.00028655 32.9572 10.6224
400 0.00807887 0.00673199 0.00275842 0.00028655 32.9572 10.6224
401 0.00776292 0.0139409 0.00275842 0.00028655 32.9572 10.6224
402 0.00855008 0.0073779 0.00275842 0.00028655 32.9572 10.6224
403 0.00782825 0.00606826 0.00275842 0.00028655 32.9572 10.6224
404 0.00932084 0.00520629 0.00275842 0.00028655 32.9572 10.6224
405 0.0106992 0.0047863 0.00275842 0.00028655 32.9572 10.6224
406 0.00891143 0.0319973 0.00275842 0.00028655 32.9572 10.6224
407 0.00734059 0.00385435 0.00275842 0.00028655 32.9572 10.6224
408 0.00849577 0.00522891 0.00275842 0.00028655 32.9572 10.6224
409 0.00804605 0.0205985 0.00275842 0.00028655 32.9572 10.6224
410 0.00969932 0.00732856 0.00275842 0.00028655 32.9572 10.6224
411 0.00922136 0.0139941 0.00275842 0.00028655 32.9572 10.6224
412 0.00749522 0.00586131 0.00275842 0.00028655 32.9572 10.6224
413 0.00857521 0.00787768 0.00275842 0.00028655 32.9572 10.6224
414 0.00923686 0.00323843 0.00275842 0.00028655 32.9572 10.6224
415 0.0125389 0.00358735 0.00275842 0.00028655 32.9572 10.6224
416 0.00569298 0.023289 0.00275842 0.00028655 32.9572 10.6224
417 0.00972281 0.0104215 0.00275842 0.00028655 32.9572 10.6224
418 0.00665935 0.00354253 0.00275842 0.00028655 32.9572 10.6224
419 0.00883021 0.00487773 0.00275842 0.00028655 32.9572 10.6224
420 0.00911311 0.00370088 0.00275842 0.00028655 32.9572 10.6224
421 0.0083775 0.00382977 0.00275842 0.00028655 32.9572 10.6224
422 0.0137016 0.00652325 0.00275842 0.00028655 32.9572 10.6224
423 0.00695299 0.0103369 0.00275842 0.00028655 32.9572 10.6224
424 0.00918217 0.0281626 0.00275842 0.00028655 32.9572 10.6224
425 0.00681542 0.00546894 0.00275842 0.00028655 32.9572 10.6224
426 0.0109876 0.00413763 0.00275842 0.00028655 32.9572 10.6224
427 0.0081287 0.00371721 0.00275842 0.00028655 32.9572 10.6224
428 0.0132439 0.00400715 0.00275842 0.00028655 32.9572 10.6224
429 0.00690362 0.0232895 0.00275842 0.00028655 32.9572 10.6224
430 0.00861095 0.0798166 0.00275842 0.00028655 32.9572 10.6224
431 0.00918898 0.00515018 0.00275842 0.00028655 32.9572 10.6224
432 0.0103991 0.0604049 0.00275842 0.00028655 32.9572 10.6224
433 0.0076317 0.00837017 0.00275842 0.00028655 32.9572 10.6224
434 0.008824 0.004147 0.00275842 0.00028655 32.9572 10.6224
435 0.0104249 0.00277426 0.00275842 0.00028655 32.9572 10.6224
436 0.00295571 0.00311756 0.00275842 0.00028655 32.9572 10.6224
437 0.00317493 0.003522 0.00275842 0.00028655 32.9572 10.6224
438 0.00375998 0.00801139 0.00275842 0.00028655 32.9572 10.6224
439 0.0036353 0.0051318 0.00275842 0.00028655 32.9572 10.6224
440 0.00519195 0.00378199 0.00275842 0.00028655 32.9572 10.6224
441 0.00394235 0.00316774 0.00275842 0.00028655 32.9572 10.6224
442 0.00443617 0.00447027 0.00275842 0.00028655 32.9572 10.6224
443 0.00440845 0.00308477 0.00275842 0.00028655 32.9572 10.6224
444 0.00424539 0.00373417 0.00275842 0.00028655 32.9572 10.6224
445 0.00390292 0.00294827 0.00275842 0.00028655 32.9572 10.6224
446 0.00428073 0.00302491 0.00275842 0.00028655 32.9572 10.6224
447 0.00412312 0.00325752 0.00275842 0.00028655 32.9572 10.6224
448 0.00415444 0.00364302 0.00275842 0.00028655 32.9572 10.6224
449 0.004712 0.00312416 0.00275842 0.00028655 32.9572 10.6224
450 0.00450546 0.0034752 0.00275842 0.00028655 32.9572 10.6224
451 0.00412139 0.0049411 0.00275842 0.00028655 32.9572 10.6224
452 0.00477215 0.00374569 0.00275842 0.00028655 32.9572 10.6224
453 0.00418697 0.00906086 0.00275842 0.00028655 32.9572 10.6224
454 0.00443773 0.00526243 0.00275842 0.00028655 32.9572 10.6224
455 0.00460091 0.00772701 0.00275842 0.00028655 32.9572 10.6224
456 0.00408295 0.00440101 0.00275842 0.00028655 32.9572 10.6224
457 0.00424902 0.00351373 0.00275842 0.00028655 32.9572 10.6224
458 0.00429704 0.00361826 0.00275842 0.00028655 32.9572 10.6224
459 0.00412056 0.00291545 0.00275842 0.00028655 32.9572 10.6224
460 0.00446243 0.00500393 0.00275842 0.00028655 32.9572 10.6224
461 0.00448924 0.00378985 0.00275842 0.00028655 32.9572 10.6224
462 0.00449421 0.00331334 0.00275842 0.00028655 32.9572 10.6224
463 0.00489385 0.00321669 0.00275842 0.00028655 32.9572 10.6224
464 0.00386967 0.0032381 0.00275842 0.00028655 32.9572 10.6224
465 0.00546395 0.00369492 0.00275842 0.00028655 32.9572 10.6224
466 0.00424382 0.00784867 0.00275842 0.00028655 32.9572 10.6224
467 0.00419959 0.00407278 0.00275842 0.00028655 32.9572 10.6224
468 0.00514539 0.00377487 0.00275842 0.00028655 32.9572 10.6224
469 0.00524045 0.00372829 0.00275842 0.00028655 32.9572 10.6224
470 0.00398594 0.00287747 0.00275842 0.00028655 32.9572 10.6224
471 0.00519098 0.00424398 0.00275842 0.00028655 32.9572 10.6224
472 0.00478169 0.00890857 0.00275842 0.00028655 32.9572 10.6224
473 0.00420343 0.00385009 0.00275842 0.00028655 32.9572 10.6224
474 0.0048435 0.00364245 0.00275842 0.00028655 32.9572 10.6224
475 0.0049892 0.00411819 0.00275842 0.00028655 32.9572 10.6224
476 0.00384335 0.00310129 0.00275842 0.00028655 32.9572 10.6224
477 0.00474198 0.00902614 0.00275842 0.00028655 32.9572 10.6224
478 0.00443784 0.00726606 0.00275842 0.00028655 32.9572 10.6224
479 0.00604697 0.00654146 0.00275842 0.00028655 32.9572 10.6224
480 0.00407729 0.00448523 0.00275842 0.00028655 32.9572 10.6224
481 0.00428497 0.00325555 0.00275842 0.00028655 32.9572 10.6224
482 0.0039604 0.00436625 0.00275842 0.00028655 32.9572 10.6224
483 0.00452756 0.00370877 0.00275842 0.00028655 32.9572 10.6224
484 0.00520115 0.0041027 0.00275842 0.00028655 32.9572 10.6224
485 0.00497524 0.00695373 0.00275842 0.00028655 32.9572 10.6224
486 0.00420485 0.00531717 0.00275842 0.00028655 32.9572 10.6224
487 0.00484489 0.00651409 0.00275842 0.00028655 32.9572 10.6224
488 0.0051356 0.00340274 0.00275842 0.00028655 32.9572 10.6224
489 0.00440914 0.00467449 0.00275842 0.00028655 32.9572 10.6224
490 0.00479448 0.00837473 0.00275842 0.00028655 32.9572 10.6224
491 0.00504331 0.00433879 0.00275842 0.00028655 32.9572 10.6224
492 0.00395983 0.00620692 0.00275842 0.00028655 32.9572 10.6224
493 0.00460307 0.0053268 0.00275842 0.00028655 32.9572 10.6224
494 0.00486037 0.00321613 0.00275842 0.00028655 32.9572 10.6224
495 0.0053743 0.00513927 0.00275842 0.00028655 32.9572 10.6224
496 0.00443019 0.00676973 0.00275842 0.00028655 32.9572 10.6224
497 0.0057965 0.00572044 0.00275842 0.00028655 32.9572 10.6224
498 0.00499994 0.00438297 0.00275842 0.00028655 32.9572 10.6224
499 0.00496416 0.0093969 0.00275842 0.00028655 32.9572 10.6224
500 0.00471645 0.00385157 0.00275842 0.00028655 32.9572 10.6224
501 0.00426661 0.00668753 0.00275842 0.00028655 32.9572 10.6224
502 0.00434333 0.00284207 0.00275842 0.00028655 32.9572 10.6224
503 0.00458428 0.00559757 0.00275842 0.00028655 32.9572 10.6224
504 0.0049677 0.00372671 0.00275842 0.00028655 32.9572 10.6224
505 0.00431153 0.0051019 0.00275842 0.00028655 32.9572 10.6224
506 0.00544477 0.00342455 0.00275842 0.00028655 32.9572 10.6224
507 0.00520805 0.00678086 0.00275842 0.00028655 32.9572 10.6224
508 0.00453414 0.00336752 0.00275842 0.00028655 32.9572 10.6224
509 0.00454451 0.00502789 0.00275842 0.00028655 32.9572 10.6224
510 0.00505373 0.00333165 0.00275842 0.00028655 32.9572 10.6224
511 0.00476427 0.00342967 0.00275842 0.00028655 32.9572 10.6224
512 0.00411702 0.0041395 0.00275842 0.00028655 32.9572 10.6224
513 0.00553103 0.00532509 0.00275842 0.00028655 32.9572 10.6224
514 0.00510865 0.00292146 0.00275842 0.00028655 32.9572 10.6224
515 0.00432132 0.00510515 0.00275842 0.00028655 32.9572 10.6224
516 0.00491303 0.00315143 0.00275842 0.00028655 32.9572 10.6224
517 0.00538847 0.00672134 0.00275842 0.00028655 32.9572 10.6224
518 0.0042513 0.00509677 0.00275842 0.00028655 32.9572 10.6224
519 0.00513078 0.00358767 0.00275842 0.00028655 32.9572 10.6224
520 0.0045329 0.00690322 0.00275842 0.00028655 32.9572 10.6224
521 0.00431709 0.00530661 0.00275842 0.00028655 32.9572 10.6224
522 0.00539375 0.00285781 0.00275842 0.00028655 32.9572 10.6224
523 0.00531509 0.00365282 0.00275842 0.00028655 32.9572 10.6224
524 0.00531391 0.00911351 0.00275842 0.00028655 32.9572 10.6224
525 0.00486563 0.00383506 0.00275842 0.00028655 32.9572 10.6224
526 0.00492752 0.00460202 0.00275842 0.00028655 32.9572 10.6224
527 0.00474028 0.00324165 0.00275842 0.00028655 32.9572 10.6224
528 0.00508277 0.00357498 0.00275842 0.00028655 32.9572 10.6224
529 0.00534291 0.00618787 0.00275842 0.00028655 32.9572 10.6224
530 0.00446107 0.00450453 0.00275842 0.00028655 32.9572 10.6224
531 0.00585207 0.00943902 0.00275842 0.00028655 32.9572 10.6224
532 0.00498729 0.00279894 0.00275842 0.00028655 32.9572 10.6224
533 0.00467366 0.00271205 0.00275842 0.00028655 32.9572 10.6224
534 0.00457973 0.00360471 0.00271205 0.000286511 32.6791 10.6216
535 0.00550522 0.0147027 0.00271205 0.000286511 32.6791 10.6216
536 0.00477361 0.00510913 0.00271205 0.000286511 32.6791 10.6216
537 0.00470309 0.00432688 0.00271205 0.000286511 32.6791 10.6216
538 0.0048198 0.00890147 0.00271205 0.000286511 32.6791 10.6216
539 0.0055328 0.0036267 0.00271205 0.000286511 32.6791 10.6216
540 0.00506309 0.00536802 0.00271205 0.000286511 32.6791 10.6216
541 0.00537528 0.00334227 0.00271205 0.000286511 32.6791 10.6216
542 0.00441123 0.00366472 0.00271205 0.000286511 32.6791 10.6216
543 0.00483681 0.00665702 0.00271205 0.000286511 32.6791 10.6216
544 0.00565533 0.00847935 0.00271205 0.000286511 32.6791 10.6216
545 0.00451757 0.00394802 0.00271205 0.000286511 32.6791 10.6216
546 0.00546402 0.00335042 0.00271205 0.000286511 32.6791 10.6216
547 0.00546276 0.00758715 0.00271205 0.000286511 32.6791 10.6216
548 0.00441757 0.00369962 0.00271205 0.000286511 32.6791 10.6216
549 0.00569678 0.00377121 0.00271205 0.000286511 32.6791 10.6216
550 0.00505566 0.00279137 0.00271205 0.000286511 32.6791 10.6216
551 0.0048514 0.00349101 0.00271205 0.000286511 32.6791 10.6216
552 0.0050145 0.00598361 0.00271205 0.000286511 32.6791 10.6216
553 0.00568015 0.00580236 0.00271205 0.000286511 32.6791 10.6216
554 0.00525136 0.0134561 0.00271205 0.000286511 32.6791 10.6216
555 0.00597711 0.00403657 0.00271205 0.000286511 32.6791 10.6216
556 0.00409637 0.00782122 0.00271205 0.000286511 32.6791 10.6216
557 0.00502967 0.0071558 0.00271205 0.000286511 32.6791 10.6216
558 0.00476814 0.00542988 0.00271205 0.000286511 32.6791 10.6216
559 0.00580738 0.00643048 0.00271205 0.000286511 32.6791 10.6216
560 0.00483386 0.011964 0.00271205 0.000286511 32.6791 10.6216
561 0.00516305 0.00491782 0.00271205 0.000286511 32.6791 10.6216
562 0.00482969 0.00432216 0.00271205 0.000286511 32.6791 10.6216
563 0.00616328 0.00720588 0.00271205 0.000286511 32.6791 10.6216
564 0.00423656 0.0055365 0.00271205 0.000286511 32.6791 10.6216
565 0.00538258 0.00345008 0.00271205 0.000286511 32.6791 10.6216
566 0.00523006 0.00752698 0.00271205 0.000286511 32.6791 10.6216
567 0.00532084 0.00314039 0.00271205 0.000286511 32.6791 10.6216
568 0.00485226 0.00329336 0.00271205 0.000286511 32.6791 10.6216
569 0.00533651 0.00501819 0.00271205 0.000286511 32.6791 10.6216
570 0.0050667 0.00349181 0.00271205 0.000286511 32.6791 10.6216
571 0.00544182 0.00406169 0.00271205 0.000286511 32.6791 10.6216
572 0.0050607 0.00410144 0.00271205 0.000286511 32.6791 10.6216
573 0.00515982 0.00821641 0.00271205 0.000286511 32.6791 10.6216
574 0.00577248 0.00262728 0.00271205 0.000286511 32.6791 10.6216
575 0.0050592 0.00435479 0.00262728 0.000288311 32.1643 10.6549
576 0.00499652 0.00351197 0.00262728 0.000288311 32.1643 10.6549
577 0.00564034 0.00591072 0.00262728 0.000288311 32.1643 10.6549
578 0.00584397 0.00963335 0.00262728 0.000288311 32.1643 10.6549
579 0.00531896 0.00520095 0.00262728 0.000288311 32.1643 10.6549
580 0.00528446 0.00740851 0.00262728 0.000288311 32.1643 10.6549
581 0.00622336 0.0135851 0.00262728 0.000288311 32.1643 10.6549
582 0.00436572 0.00448349 0.00262728 0.000288311 32.1643 10.6549
583 0.00516038 0.00438723 0.00262728 0.000288311 32.1643 10.6549
584 0.00560051 0.00438024 0.00262728 0.000288311 32.1643 10.6549
585 0.00499169 0.00625805 0.00262728 0.000288311 32.1643 10.6549
586 0.00527945 0.0102535 0.00262728 0.000288311 32.1643 10.6549
587 0.00539264 0.00347333 0.00262728 0.000288311 32.1643 10.6549
588 0.00472668 0.00353865 0.00262728 0.000288311 32.1643 10.6549
589 0.00563269 0.006301 0.00262728 0.000288311 32.1643 10.6549
590 0.00469943 0.00631956 0.00262728 0.000288311 32.1643 10.6549
591 0.00619946 0.00518655 0.00262728 0.000288311 32.1643 10.6549
592 0.00566882 0.0047809 0.00262728 0.000288311 32.1643 10.6549
593 0.00490898 0.00617453 0.00262728 0.000288311 32.1643 10.6549
594 0.00526555 0.00701484 0.00262728 0.000288311 32.1643 10.6549
595 0.00623108 0.00410155 0.00262728 0.000288311 32.1643 10.6549
596 0.00607467 0.0031931 0.00262728 0.000288311 32.1643 10.6549
597 0.00486752 0.00303127 0.00262728 0.000288311 32.1643 10.6549
598 0.00574018 0.00759895 0.00262728 0.000288311 32.1643 10.6549
599 0.00481479 0.00288746 0.00262728 0.000288311 32.1643 10.6549
600 0.00561916 0.00329185 0.00262728 0.000288311 32.1643 10.6549
601 0.00554335 0.00606037 0.00262728 0.000288311 32.1643 10.6549
602 0.0056615 0.00344453 0.00262728 0.000288311 32.1643 10.6549
603 0.0046545 0.00682338 0.00262728 0.000288311 32.1643 10.6549
604 0.00512165 0.00481154 0.00262728 0.000288311 32.1643 10.6549
605 0.00506413 0.00420915 0.00262728 0.000288311 32.1643 10.6549
606 0.00547454 0.0156203 0.00262728 0.000288311 32.1643 10.6549
607 0.00538015 0.00391914 0.00262728 0.000288311 32.1643 10.6549
608 0.00528341 0.00654453 0.00262728 0.000288311 32.1643 10.6549
609 0.00542064 0.00370211 0.00262728 0.000288311 32.1643 10.6549
610 0.00507346 0.00404485 0.00262728 0.000288311 32.1643 10.6549
611 0.00765686 0.00782663 0.00262728 0.000288311 32.1643 10.6549
612 0.00512794 0.00350787 0.00262728 0.000288311 32.1643 10.6549
613 0.00510786 0.00400055 0.00262728 0.000288311 32.1643 10.6549
614 0.00560411 0.00510985 0.00262728 0.000288311 32.1643 10.6549
615 0.00677669 0.0043902 0.00262728 0.000288311 32.1643 10.6549
616 0.00557609 0.00347638 0.00262728 0.000288311 32.1643 10.6549
617 0.00467192 0.00671697 0.00262728 0.000288311 32.1643 10.6549
618 0.00612522 0.00517635 0.00262728 0.000288311 32.1643 10.6549
619 0.00513819 0.0085086 0.00262728 0.000288311 32.1643 10.6549
620 0.00532946 0.00312921 0.00262728 0.000288311 32.1643 10.6549
621 0.00564751 0.00345604 0.00262728 0.000288311 32.1643 10.6549
622 0.00516489 0.00524873 0.00262728 0.000288311 32.1643 10.6549
623 0.00573108 0.00450832 0.00262728 0.000288311 32.1643 10.6549
624 0.00534578 0.00397887 0.00262728 0.000288311 32.1643 10.6549
625 0.00615331 0.00374033 0.00262728 0.000288311 32.1643 10.6549
626 0.00477343 0.00518187 0.00262728 0.000288311 32.1643 10.6549
627 0.00480846 0.00776283 0.00262728 0.000288311 32.1643 10.6549
628 0.0056953 0.00396905 0.00262728 0.000288311 32.1643 10.6549
629 0.00576713 0.00419781 0.00262728 0.000288311 32.1643 10.6549
630 0.00445032 0.00513511 0.00262728 0.000288311 32.1643 10.6549
631 0.00605094 0.00390118 0.00262728 0.000288311 32.1643 10.6549
632 0.00524524 0.00631291 0.00262728 0.000288311 32.1643 10.6549
633 0.00579239 0.00800281 0.00262728 0.000288311 32.1643 10.6549
634 0.00494383 0.00865354 0.00262728 0.000288311 32.1643 10.6549
635 0.00610624 0.0124423 0.00262728 0.000288311 32.1643 10.6549
636 0.00560996 0.00329578 0.00262728 0.000288311 32.1643 10.6549
637 0.00602701 0.00517213 0.00262728 0.000288311 32.1643 10.6549
638 0.00590621 0.00427289 0.00262728 0.000288311 32.1643 10.6549
639 0.00745044 0.00275955 0.00262728 0.000288311 32.1643 10.6549
640 0.00534283 0.00664718 0.00262728 0.000288311 32.1643 10.6549
641 0.00484472 0.00682746 0.00262728 0.000288311 32.1643 10.6549
642 0.00509682 0.0067303 0.00262728 0.000288311 32.1643 10.6549
643 0.00916071 0.00407822 0.00262728 0.000288311 32.1643 10.6549
644 0.00455173 0.0045467 0.00262728 0.000288311 32.1643 10.6549
645 0.00577888 0.00425993 0.00262728 0.000288311 32.1643 10.6549
646 0.0052103 0.0044767 0.00262728 0.000288311 32.1643 10.6549
647 0.00504569 0.00500298 0.00262728 0.000288311 32.1643 10.6549
648 0.00504474 0.0039653 0.00262728 0.000288311 32.1643 10.6549
649 0.0058235 0.00437312 0.00262728 0.000288311 32.1643 10.6549
650 0.00509556 0.0117768 0.00262728 0.000288311 32.1643 10.6549
651 0.00659679 0.0116213 0.00262728 0.000288311 32.1643 10.6549
652 0.00612348 0.00597574 0.00262728 0.000288311 32.1643 10.6549
653 0.0048103 0.00794984 0.00262728 0.000288311 32.1643 10.6549
654 0.00522428 0.00441432 0.00262728 0.000288311 32.1643 10.6549
655 0.00715554 0.00338089 0.00262728 0.000288311 32.1643 10.6549
656 0.00504973 0.00419192 0.00262728 0.000288311 32.1643 10.6549
657 0.00476802 0.00467331 0.00262728 0.000288311 32.1643 10.6549
658 0.00548993 0.00735187 0.00262728 0.000288311 32.1643 10.6549
659 0.00542251 0.00272499 0.00262728 0.000288311 32.1643 10.6549
660 0.00656953 0.00336661 0.00262728 0.000288311 32.1643 10.6549
661 0.00522164 0.00427931 0.00262728 0.000288311 32.1643 10.6549
662 0.00551501 0.00632959 0.00262728 0.000288311 32.1643 10.6549
663 0.00518904 0.00337811 0.00262728 0.000288311 32.1643 10.6549
664 0.00615829 0.00343924 0.00262728 0.000288311 32.1643 10.6549
665 0.00576852 0.00571226 0.00262728 0.000288311 32.1643 10.6549
666 0.00516995 0.00973386 0.00262728 0.000288311 32.1643 10.6549
667 0.00579727 0.00408549 0.00262728 0.000288311 32.1643 10.6549
668 0.00505326 0.00632426 0.00262728 0.000288311 32.1643 10.6549
669 0.0057554 0.00625102 0.00262728 0.000288311 32.1643 10.6549
670 0.00521285 0.00493593 0.00262728 0.000288311 32.1643 10.6549
671 0.00541786 0.0091965 0.00262728 0.000288311 32.1643 10.6549
672 0.00702867 0.00755942 0.00262728 0.000288311 32.1643 10.6549
673 0.00542763 0.0082595 0.00262728 0.000288311 32.1643 10.6549
674 0.00615936 0.00306483 0.00262728 0.000288311 32.1643 10.6549
675 0.00241816 0.00310465 0.00262728 0.000288311 32.1643 10.6549
676 0.00295631 0.00419478 0.00262728 0.000288311 32.1643 10.6549
677 0.00317246 0.00530014 0.00262728 0.000288311 32.1643 10.6549
678 0.0034762 0.00255376 0.00262728 0.000288311 32.1643 10.6549
679 0.00341843 0.00323169 0.00255376 0.000286859 31.711 10.6281
680 0.00335492 0.00276024 0.00255376 0.000286859 31.711 10.6281
681 0.00358732 0.00277744 0.00255376 0.000286859 31.711 10.6281
682 0.00355348 0.00746695 0.00255376 0.000286859 31.711 10.6281
683 0.00342015 0.00361818 0.00255376 0.000286859 31.711 10.6281
684 0.00351458 0.00862944 0.00255376 0.000286859 31.711 10.6281
685 0.00331827 0.00287478 0.00255376 0.000286859 31.711 10.6281
686 0.00333893 0.00390543 0.00255376 0.000286859 31.711 10.6281
687 0.00341412 0.00281107 0.00255376 0.000286859 31.711 10.6281
688 0.00323126 0.00329094 0.00255376 0.000286859 31.711 10.6281
689 0.00301726 0.00278722 0.00255376 0.000286859 31.711 10.6281
690 0.0035318 0.00572701 0.00255376 0.000286859 31.711 10.6281
691 0.00389028 0.00292961 0.00255376 0.000286859 31.711 10.6281
692 0.00318154 0.00432327 0.00255376 0.000286859 31.711 10.6281
693 0.00348665 0.00309169 0.00255376 0.000286859 31.711 10.6281
694 0.00344352 0.0026254 0.00255376 0.000286859 31.711 10.6281
695 0.00346601 0.00281184 0.00255376 0.000286859 31.711 10.6281
696 0.00333473 0.00448527 0.00255376 0.000286859 31.711 10.6281
697 0.0037753 0.0031666 0.00255376 0.000286859 31.711 10.6281
698 0.00324578 0.00491605 0.00255376 0.000286859 31.711 10.6281
699 0.00370807 0.0035691 0.00255376 0.000286859 31.711 10.6281
700 0.00414233 0.00369468 0.00255376 0.000286859 31.711 10.6281
701 0.00332148 0.00291627 0.00255376 0.000286859 31.711 10.6281
702 0.00345349 0.00271488 0.00255376 0.000286859 31.711 10.6281
703 0.00432742 0.00272654 0.00255376 0.000286859 31.711 10.6281
704 0.00348797 0.00361026 0.00255376 0.000286859 31.711 10.6281
705 0.00324508 0.00792011 0.00255376 0.000286859 31.711 10.6281
706 0.00394989 0.00313149 0.00255376 0.000286859 31.711 10.6281
707 0.00331353 0.00381501 0.00255376 0.000286859 31.711 10.6281
708 0.00368273 0.00299078 0.00255376 0.000286859 31.711 10.6281
709 0.00321017 0.00359259 0.00255376 0.000286859 31.711 10.6281
710 0.00396007 0.00536887 0.00255376 0.000286859 31.711 10.6281
711 0.00342762 0.00331018 0.00255376 0.000286859 31.711 10.6281
712 0.00372438 0.00330083 0.00255376 0.000286859 31.711 10.6281
713 0.00336919 0.00289178 0.00255376 0.000286859 31.711 10.6281
714 0.00356607 0.00373927 0.00255376 0.000286859 31.711 10.6281
715 0.00377853 0.00536959 0.00255376 0.000286859 31.711 10.6281
716 0.0034317 0.00690014 0.00255376 0.000286859 31.711 10.6281
717 0.00381371 0.00649253 0.00255376 0.000286859 31.711 10.6281
718 0.00352261 0.00510051 0.00255376 0.000286859 31.711 10.6281
719 0.00354756 0.00383511 0.00255376 0.000286859 31.711 10.6281
720 0.00421398 0.0124751 0.00255376 0.000286859 31.711 10.6281
721 0.00331479 0.00629642 0.00255376 0.000286859 31.711 10.6281
722 0.00357224 0.00538576 0.00255376 0.000286859 31.711 10.6281
723 0.00391736 0.00564752 0.00255376 0.000286859 31.711 10.6281
724 0.00328295 0.00762641 0.00255376 0.000286859 31.711 10.6281
725 0.0037235 0.00529816 0.00255376 0.000286859 31.711 10.6281
726 0.00380203 0.00744793 0.00255376 0.000286859 31.711 10.6281
727 0.00374039 0.00273086 0.00255376 0.000286859 31.711 10.6281
728 0.00374582 0.00344973 0.00255376 0.000286859 31.711 10.6281
729 0.00329245 0.00316703 0.00255376 0.000286859 31.711 10.6281
730 0.00404474 0.0025698 0.00255376 0.000286859 31.711 10.6281
731 0.00386422 0.00282386 0.00255376 0.000286859 31.711 10.6281
732 0.00375743 0.00451096 0.00255376 0.000286859 31.711 10.6281
733 0.00379228 0.00803 0.00255376 0.000286859 31.711 10.6281
734 0.00366539 0.00381961 0.00255376 0.000286859 31.711 10.6281
735 0.00351239 0.00321024 0.00255376 0.000286859 31.711 10.6281
736 0.00406173 0.0026999 0.00255376 0.000286859 31.711 10.6281
737 0.00413539 0.00381585 0.00255376 0.000286859 31.711 10.6281
738 0.0033759 0.00338166 0.00255376 0.000286859 31.711 10.6281
739 0.00364777 0.00337351 0.00255376 0.000286859 31.711 10.6281
740 0.00430243 0.00351064 0.00255376 0.000286859 31.711 10.6281
741 0.00393174 0.00324195 0.00255376 0.000286859 31.711 10.6281
742 0.00321599 0.00912677 0.00255376 0.000286859 31.711 10.6281
743 0.00361267 0.00722653 0.00255376 0.000286859 31.711 10.6281
744 0.0037644 0.00660049 0.00255376 0.000286859 31.711 10.6281
745 0.00401294 0.00354638 0.00255376 0.000286859 31.711 10.6281
746 0.00402832 0.00399918 0.00255376 0.000286859 31.711 10.6281
747 0.00337174 0.00301021 0.00255376 0.000286859 31.711 10.6281
748 0.00363382 0.00738549 0.00255376 0.000286859 31.711 10.6281
749 0.00378069 0.0036048 0.00255376 0.000286859 31.711 10.6281
750 0.00356983 0.00340436 0.00255376 0.000286859 31.711 10.6281
751 0.00357178 0.00358522 0.00255376 0.000286859 31.711 10.6281
752 0.00404738 0.00517226 0.00255376 0.000286859 31.711 10.6281
753 0.00429748 0.00408687 0.00255376 0.000286859 31.711 10.6281
754 0.00357557 0.00476556 0.00255376 0.000286859 31.711 10.6281
755 0.00373564 0.0043485 0.00255376 0.000286859 31.711 10.6281
756 0.00391233 0.00729252 0.00255376 0.000286859 31.711 10.6281
757 0.00369177 0.0036318 0.00255376 0.000286859 31.711 10.6281
758 0.0038769 0.00354623 0.00255376 0.000286859 31.711 10.6281
759 0.00371368 0.00403995 0.00255376 0.000286859 31.711 10.6281
760 0.00366113 0.00500426 0.00255376 0.000286859 31.711 10.6281
761 0.00403572 0.00469081 0.00255376 0.000286859 31.711 10.6281
762 0.0045873 0.00278458 0.00255376 0.000286859 31.711 10.6281
763 0.00357655 0.00290706 0.00255376 0.000286859 31.711 10.6281
764 0.00394792 0.00479173 0.00255376 0.000286859 31.711 10.6281
765 0.00400663 0.00736674 0.00255376 0.000286859 31.711 10.6281
766 0.0037217 0.00325996 0.00255376 0.000286859 31.711 10.6281
767 0.00414932 0.00316557 0.00255376 0.000286859 31.711 10.6281
768 0.00398801 0.00382383 0.00255376 0.000286859 31.711 10.6281
769 0.00404264 0.00413229 0.00255376 0.000286859 31.711 10.6281
770 0.00418273 0.00345734 0.00255376 0.000286859 31.711 10.6281
771 0.00383616 0.0103245 0.00255376 0.000286859 31.711 10.6281
772 0.00402434 0.0036584 0.00255376 0.000286859 31.711 10.6281
773 0.00369579 0.00385968 0.00255376 0.000286859 31.711 10.6281
774 0.0043404 0.00699402 0.00255376 0.000286859 31.711 10.6281
775 0.00394574 0.00500903 0.00255376 0.000286859 31.711 10.6281
776 0.00369603 0.00435029 0.00255376 0.000286859 31.711 10.6281
777 0.00437375 0.00346206 0.00255376 0.000286859 31.711 10.6281
778 0.00430921 0.00558242 0.00255376 0.000286859 31.711 10.6281
779 0.00243687 0.00287458 0.00255376 0.000286859 31.711 10.6281
780 0.00237802 0.00303499 0.00255376 0.000286859 31.711 10.6281
781 0.00270259 0.00315178 0.00255376 0.000286859 31.711 10.6281
782 0.00277988 0.00495914 0.00255376 0.000286859 31.711 10.6281
783 0.00272689 0.00304802 0.00255376 0.000286859 31.711 10.6281
784 0.00275961 0.00345793 0.00255376 0.000286859 31.711 10.6281
785 0.00271333 0.00295522 0.00255376 0.000286859 31.711 10.6281
786 0.00275924 0.00321741 0.00255376 0.000286859 31.711 10.6281
787 0.00255592 0.00333824 0.00255376 0.000286859 31.711 10.6281
788 0.00272179 0.00279584 0.00255376 0.000286859 31.711 10.6281
789 0.00269912 0.00386294 0.00255376 0.000286859 31.711 10.6281
790 0.00265125 0.00332737 0.00255376 0.000286859 31.711 10.6281
791 0.00290078 0.00417028 0.00255376 0.000286859 31.711 10.6281
792 0.00270106 0.00981474 0.00255376 0.000286859 31.711 10.6281
793 0.00267052 0.00412904 0.00255376 0.000286859 31.711 10.6281
794 0.00273744 0.00285664 0.00255376 0.000286859 31.711 10.6281
795 0.00277377 0.00277986 0.00255376 0.000286859 31.711 10.6281
796 0.00274322 0.00380673 0.00255376 0.000286859 31.711 10.6281
797 0.00267411 0.00239217 0.00255376 0.000286859 31.711 10.6281
798 0.0028434 0.00428651 0.00239217 0.00028042 30.6914 10.5081
799 0.00275688 0.00400646 0.00239217 0.00028042 30.6914 10.5081
800 0.00271824 0.00274126 0.00239217 0.00028042 30.6914 10.5081
801 0.00284416 0.00418602 0.00239217 0.00028042 30.6914 10.5081
802 0.00289978 0.00253715 0.00239217 0.00028042 30.6914 10.5081
803 0.00271769 0.00306318 0.00239217 0.00028042 30.6914 10.5081
804 0.00291147 0.00466732 0.00239217 0.00028042 30.6914 10.5081
805 0.00279913 0.00357819 0.00239217 0.00028042 30.6914 10.5081
806 0.00286655 0.00256483 0.00239217 0.00028042 30.6914 10.5081
807 0.002976 0.00438874 0.00239217 0.00028042 30.6914 10.5081
808 0.0027883 0.00312157 0.00239217 0.00028042 30.6914 10.5081
809 0.00283687 0.00279011 0.00239217 0.00028042 30.6914 10.5081
810 0.00314862 0.00300563 0.00239217 0.00028042 30.6914 10.5081
811 0.00283368 0.00330807 0.00239217 0.00028042 30.6914 10.5081
812 0.00263274 0.0028166 0.00239217 0.00028042 30.6914 10.5081
813 0.00296315 0.00396598 0.00239217 0.00028042 30.6914 10.5081
814 0.00286049 0.00618342 0.00239217 0.00028042 30.6914 10.5081
815 0.00282518 0.00256 0.00239217 0.00028042 30.6914 10.5081
816 0.00306333 0.00284478 0.00239217 0.00028042 30.6914 10.5081
817 0.00278401 0.00329482 0.00239217 0.00028042 30.6914 10.5081
818 0.0030246 0.00275723 0.00239217 0.00028042 30.6914 10.5081
819 0.00286556 0.00325422 0.00239217 0.00028042 30.6914 10.5081
820 0.00294719 0.00257726 0.00239217 0.00028042 30.6914 10.5081
821 0.00281982 0.00257188 0.00239217 0.00028042 30.6914 10.5081
822 0.00299897 0.00312067 0.00239217 0.00028042 30.6914 10.5081
823 0.00284162 0.00683266 0.00239217 0.00028042 30.6914 10.5081
824 0.00305937 0.00276539 0.00239217 0.00028042 30.6914 10.5081
825 0.00291167 0.00273279 0.00239217 0.00028042 30.6914 10.5081
826 0.00294492 0.00280698 0.00239217 0.00028042 30.6914 10.5081
827 0.00303327 0.00296289 0.00239217 0.00028042 30.6914 10.5081
828 0.00312414 0.00393703 0.00239217 0.00028042 30.6914 10.5081
829 0.00301209 0.00261091 0.00239217 0.00028042 30.6914 10.5081
830 0.00296736 0.00596628 0.00239217 0.00028042 30.6914 10.5081
831 0.00284546 0.00587194 0.00239217 0.00028042 30.6914 10.5081
832 0.00299533 0.00330602 0.00239217 0.00028042 30.6914 10.5081
833 0.00294153 0.0028518 0.00239217 0.00028042 30.6914 10.5081
834 0.00319293 0.00316925 0.00239217 0.00028042 30.6914 10.5081
835 0.00305182 0.00324505 0.00239217 0.00028042 30.6914 10.5081
836 0.0031488 0.00293399 0.00239217 0.00028042 30.6914 10.5081
837 0.00298288 0.00509627 0.00239217 0.00028042 30.6914 10.5081
838 0.0027247 0.00382976 0.00239217 0.00028042 30.6914 10.5081
839 0.0030817 0.00253407 0.00239217 0.00028042 30.6914 10.5081
840 0.00294324 0.00390746 0.00239217 0.00028042 30.6914 10.5081
841 0.00281312 0.00344127 0.00239217 0.00028042 30.6914 10.5081
842 0.00340111 0.00261666 0.00239217 0.00028042 30.6914 10.5081
843 0.00286862 0.00427919 0.00239217 0.00028042 30.6914 10.5081
844 0.00290228 0.00311722 0.00239217 0.00028042 30.6914 10.5081
845 0.00291703 0.00282375 0.00239217 0.00028042 30.6914 10.5081
846 0.00296006 0.00671036 0.00239217 0.00028042 30.6914 10.5081
847 0.00320051 0.00330242 0.00239217 0.00028042 30.6914 10.5081
848 0.00293546 0.00299205 0.00239217 0.00028042 30.6914 10.5081
849 0.0032246 0.00309121 0.00239217 0.00028042 30.6914 10.5081
850 0.00317854 0.00258913 0.00239217 0.00028042 30.6914 10.5081
851 0.00321673 0.00256288 0.00239217 0.00028042 30.6914 10.5081
852 0.00279539 0.00260655 0.00239217 0.00028042 30.6914 10.5081
853 0.00332537 0.00333859 0.00239217 0.00028042 30.6914 10.5081
854 0.00315194 0.00532846 0.00239217 0.00028042 30.6914 10.5081
855 0.00292803 0.00268265 0.00239217 0.00028042 30.6914 10.5081
856 0.0032047 0.00263413 0.00239217 0.00028042 30.6914 10.5081
857 0.00314091 0.00272232 0.00239217 0.00028042 30.6914 10.5081
858 0.0030859 0.00312083 0.00239217 0.00028042 30.6914 10.5081
859 0.00304063 0.0060802 0.00239217 0.00028042 30.6914 10.5081
860 0.00302596 0.00322737 0.00239217 0.00028042 30.6914 10.5081
861 0.00324921 0.00311934 0.00239217 0.00028042 30.6914 10.5081
862 0.00329448 0.00276757 0.00239217 0.00028042 30.6914 10.5081
863 0.00298532 0.00334743 0.00239217 0.00028042 30.6914 10.5081
864 0.00328332 0.0067094 0.00239217 0.00028042 30.6914 10.5081
865 0.002907 0.00582384 0.00239217 0.00028042 30.6914 10.5081
866 0.00342185 0.00369664 0.00239217 0.00028042 30.6914 10.5081
867 0.00314792 0.00276939 0.00239217 0.00028042 30.6914 10.5081
868 0.0029775 0.0048194 0.00239217 0.00028042 30.6914 10.5081
869 0.00309868 0.00340176 0.00239217 0.00028042 30.6914 10.5081
870 0.00327989 0.00467687 0.00239217 0.00028042 30.6914 10.5081
871 0.00344864 0.00281814 0.00239217 0.00028042 30.6914 10.5081
872 0.00312307 0.00379502 0.00239217 0.00028042 30.6914 10.5081
873 0.00334573 0.00560042 0.00239217 0.00028042 30.6914 10.5081
874 0.00326724 0.00399874 0.00239217 0.00028042 30.6914 10.5081
875 0.00326076 0.00367509 0.00239217 0.00028042 30.6914 10.5081
876 0.00324281 0.002782 0.00239217 0.00028042 30.6914 10.5081
877 0.00341063 0.00344209 0.00239217 0.00028042 30.6914 10.5081
878 0.00313733 0.00373391 0.00239217 0.00028042 30.6914 10.5081
879 0.00319702 0.004947 0.00239217 0.00028042 30.6914 10.5081
880 0.00333756 0.00330565 0.00239217 0.00028042 30.6914 10.5081
881 0.0035163 0.00352527 0.00239217 0.00028042 30.6914 10.5081
882 0.00281321 0.00396568 0.00239217 0.00028042 30.6914 10.5081
883 0.00315535 0.0030791 0.00239217 0.00028042 30.6914 10.5081
884 0.00299164 0.00378903 0.00239217 0.00028042 30.6914 10.5081
885 0.0033881 0.00389942 0.00239217 0.00028042 30.6914 10.5081
886 0.00344576 0.00341148 0.00239217 0.00028042 30.6914 10.5081
887 0.00335892 0.0029698 0.00239217 0.00028042 30.6914 10.5081
888 0.00305784 0.00266774 0.00239217 0.00028042 30.6914 10.5081
889 0.00358901 0.00242633 0.00239217 0.00028042 30.6914 10.5081
890 0.00324967 0.00320546 0.00239217 0.00028042 30.6914 10.5081
891 0.00300668 0.00359872 0.00239217 0.00028042 30.6914 10.5081
892 0.00308346 0.00302316 0.00239217 0.00028042 30.6914 10.5081
893 0.00301806 0.00712691 0.00239217 0.00028042 30.6914 10.5081
894 0.0035487 0.00658931 0.00239217 0.00028042 30.6914 10.5081
895 0.00341375 0.00486616 0.00239217 0.00028042 30.6914 10.5081
896 0.00323712 0.00304722 0.00239217 0.00028042 30.6914 10.5081
897 0.00353073 0.00308754 0.00239217 0.00028042 30.6914 10.5081
898 0.00224031 0.00268247 0.00239217 0.00028042 30.6914 10.5081
899 0.00237098 0.00266392 0.00239217 0.00028042 30.6914 10.5081
900 0.00240897 0.00243005 0.00239217 0.00028042 30.6914 10.5081
901 0.00248637 0.00305869 0.00239217 0.00028042 30.6914 10.5081
902 0.00249312 0.00359008 0.00239217 0.00028042 30.6914 10.5081
903 0.00248292 0.00259064 0.00239217 0.00028042 30.6914 10.5081
904 0.00249563 0.00242031 0.00239217 0.00028042 30.6914 10.5081
905 0.00237078 0.00292127 0.00239217 0.00028042 30.6914 10.5081
906 0.00265345 0.00267608 0.00239217 0.00028042 30.6914 10.5081
907 0.00247225 0.00247803 0.00239217 0.00028042 30.6914 10.5081
908 0.00241274 0.0034226 0.00239217 0.00028042 30.6914 10.5081
909 0.00252979 0.00271932 0.00239217 0.00028042 30.6914 10.5081
910 0.00252348 0.00262618 0.00239217 0.00028042 30.6914 10.5081
911 0.00253714 0.00263904 0.00239217 0.00028042 30.6914 10.5081
912 0.0023956 0.00377696 0.00239217 0.00028042 30.6914 10.5081
913 0.00255803 0.00357649 0.00239217 0.00028042 30.6914 10.5081
914 0.00259947 0.00258859 0.00239217 0.00028042 30.6914 10.5081
915 0.00255397 0.00262191 0.00239217 0.00028042 30.6914 10.5081
916 0.00255187 0.00345337 0.00239217 0.00028042 30.6914 10.5081
917 0.00246014 0.00411932 0.00239217 0.00028042 30.6914 10.5081
918 0.0025759 0.00364549 0.00239217 0.00028042 30.6914 10.5081
919 0.00262915 0.00279775 0.00239217 0.00028042 30.6914 10.5081
920 0.00248472 0.00310266 0.00239217 0.00028042 30.6914 10.5081
921 0.00250018 0.00281123 0.00239217 0.00028042 30.6914 10.5081
922 0.00278975 0.00297696 0.00239217 0.00028042 30.6914 10.5081
923 0.00250441 0.00251881 0.00239217 0.00028042 30.6914 10.5081
924 0.00261084 0.00311849 0.00239217 0.00028042 30.6914 10.5081
925 0.00256365 0.00275942 0.00239217 0.00028042 30.6914 10.5081
926 0.00268343 0.00256621 0.00239217 0.00028042 30.6914 10.5081
927 0.00262996 0.00359421 0.00239217 0.00028042 30.6914 10.5081
928 0.0025759 0.00296042 0.00239217 0.00028042 30.6914 10.5081
929 0.00280276 0.00267221 0.00239217 0.00028042 30.6914 10.5081
930 0.00261492 0.00330561 0.00239217 0.00028042 30.6914 10.5081
931 0.00300698 0.00240427 0.00239217 0.00028042 30.6914 10.5081
932 0.00246351 0.00653897 0.00239217 0.00028042 30.6914 10.5081
933 0.00266395 0.00262777 0.00239217 0.00028042 30.6914 10.5081
934 0.00277007 0.00265606 0.00239217 0.00028042 30.6914 10.5081
935 0.00272303 0.00238279 0.00239217 0.00028042 30.6914 10.5081
936 0.00259732 0.0036982 0.00238279 0.000266851 30.6312 10.2507
937 0.00262983 0.00471791 0.00238279 0.000266851 30.6312 10.2507
938 0.00275014 0.00291683 0.00238279 0.000266851 30.6312 10.2507
939 0.00278051 0.00278448 0.00238279 0.000266851 30.6312 10.2507
940 0.00269062 0.00384449 0.00238279 0.000266851 30.6312 10.2507
941 0.00296992 0.00283781 0.00238279 0.000266851 30.6312 10.2507
942 0.00274866 0.00426194 0.00238279 0.000266851 30.6312 10.2507
943 0.00258632 0.00265763 0.00238279 0.000266851 30.6312 10.2507
944 0.00284082 0.00386979 0.00238279 0.000266851 30.6312 10.2507
945 0.00261288 0.00258149 0.00238279 0.000266851 30.6312 10.2507
946 0.00292884 0.00233426 0.00238279 0.000266851 30.6312 10.2507
947 0.00278493 0.0027902 0.00233426 0.000267819 30.3176 10.2693
948 0.00284176 0.0034292 0.00233426 0.000267819 30.3176 10.2693
949 0.00289128 0.00418538 0.00233426 0.000267819 30.3176 10.2693
950 0.00275243 0.00305276 0.00233426 0.000267819 30.3176 10.2693
951 0.00258621 0.00332403 0.00233426 0.000267819 30.3176 10.2693
952 0.0028121 0.00433231 0.00233426 0.000267819 30.3176 10.2693
953 0.00278183 0.00275234 0.00233426 0.000267819 30.3176 10.2693
954 0.00277441 0.00258448 0.00233426 0.000267819 30.3176 10.2693
955 0.00262569 0.00322186 0.00233426 0.000267819 30.3176 10.2693
956 0.00266656 0.00317875 0.00233426 0.000267819 30.3176 10.2693
957 0.0028814 0.00256256 0.00233426 0.000267819 30.3176 10.2693
958 0.00293018 0.00550837 0.00233426 0.000267819 30.3176 10.2693
959 0.00292354 0.00268293 0.00233426 0.000267819 30.3176 10.2693
960 0.00277714 0.00377044 0.00233426 0.000267819 30.3176 10.2693
961 0.00281329 0.00272089 0.00233426 0.000267819 30.3176 10.2693
962 0.00307 0.00258247 0.00233426 0.000267819 30.3176 10.2693
963 0.0027325 0.00255225 0.00233426 0.000267819 30.3176 10.2693
964 0.0026787 0.00490107 0.00233426 0.000267819 30.3176 10.2693
965 0.00293823 0.00269735 0.00233426 0.000267819 30.3176 10.2693
966 0.0028222 0.00362191 0.00233426 0.000267819 30.3176 10.2693
967 0.00265498 0.00316262 0.00233426 0.000267819 30.3176 10.2693
968 0.00287364 0.00329687 0.00233426 0.000267819 30.3176 10.2693
969 0.00287698 0.00267247 0.00233426 0.000267819 30.3176 10.2693
970 0.00275811 0.00243995 0.00233426 0.000267819 30.3176 10.2693
971 0.0026952 0.00365602 0.00233426 0.000267819 30.3176 10.2693
972 0.00292855 0.00258826 0.00233426 0.000267819 30.3176 10.2693
973 0.00305135 0.00259181 0.00233426 0.000267819 30.3176 10.2693
974 0.00288163 0.00278198 0.00233426 0.000267819 30.3176 10.2693
975 0.00275899 0.00459784 0.00233426 0.000267819 30.3176 10.2693
976 0.00285942 0.00275281 0.00233426 0.000267819 30.3176 10.2693
977 0.00288906 0.00292539 0.00233426 0.000267819 30.3176 10.2693
978 0.00307488 0.00271235 0.00233426 0.000267819 30.3176 10.2693
979 0.00314108 0.00282691 0.00233426 0.000267819 30.3176 10.2693
980 0.00275645 0.00430567 0.00233426 0.000267819 30.3176 10.2693
981 0.00292419 0.00262333 0.00233426 0.000267819 30.3176 10.2693
982 0.00291905 0.00290328 0.00233426 0.000267819 30.3176 10.2693
983 0.00302429 0.00292236 0.00233426 0.000267819 30.3176 10.2693
984 0.00334256 0.00357918 0.00233426 0.000267819 30.3176 10.2693
985 0.00273786 0.00300631 0.00233426 0.000267819 30.3176 10.2693
986 0.00293177 0.00257022 0.00233426 0.000267819 30.3176 10.2693
987 0.00289339 0.00405225 0.00233426 0.000267819 30.3176 10.2693
988 0.00320864 0.00290224 0.00233426 0.000267819 30.3176 10.2693
989 0.00294852 0.00323159 0.00233426 0.000267819 30.3176 10.2693
990 0.0034442 0.00809279 0.00233426 0.000267819 30.3176 10.2693
991 0.00305212 0.00278828 0.00233426 0.000267819 30.3176 10.2693
992 0.0027957 0.00333455 0.00233426 0.000267819 30.3176 10.2693
993 0.0028562 0.00452751 0.00233426 0.000267819 30.3176 10.2693
994 0.00295536 0.00367079 0.00233426 0.000267819 30.3176 10.2693
995 0.00286673 0.00277465 0.00233426 0.000267819 30.3176 10.2693
996 0.00329779 0.00370654 0.00233426 0.000267819 30.3176 10.2693
997 0.0033754 0.00486122 0.00233426 0.000267819 30.3176 10.2693
998 0.00287543 0.002967 0.00233426 0.000267819 30.3176 10.2693
999 0.00274382 0.0032142 0.00233426 0.000267819 30.3176 10.2693
1000 0.00305716 0.0035126 0.00233426 0.000267819 30.3176 10.2693
1001 0.00310547 0.00293984 0.00233426 0.000267819 30.3176 10.2693
1002 0.00324831 0.00304245 0.00233426 0.000267819 30.3176 10.2693
1003 0.0032144 0.00314955 0.00233426 0.000267819 30.3176 10.2693
1004 0.0030676 0.00335939 0.00233426 0.000267819 30.3176 10.2693
1005 0.00312582 0.00528331 0.00233426 0.000267819 30.3176 10.2693
1006 0.00304544 0.00339914 0.00233426 0.000267819 30.3176 10.2693
1007 0.00297473 0.00386784 0.00233426 0.000267819 30.3176 10.2693
1008 0.00356055 0.00258568 0.00233426 0.000267819 30.3176 10.2693
1009 0.00282932 0.0031602 0.00233426 0.000267819 30.3176 10.2693
1010 0.00300177 0.00280979 0.00233426 0.000267819 30.3176 10.2693
1011 0.00321185 0.00406918 0.00233426 0.000267819 30.3176 10.2693
1012 0.00322891 0.00354566 0.00233426 0.000267819 30.3176 10.2693
1013 0.00305976 0.00481275 0.00233426 0.000267819 30.3176 10.2693
1014 0.0031856 0.0028918 0.00233426 0.000267819 30.3176 10.2693
1015 0.00287098 0.00272792 0.00233426 0.000267819 30.3176 10.2693
1016 0.00361797 0.00296727 0.00233426 0.000267819 30.3176 10.2693
1017 0.0032143 0.00513878 0.00233426 0.000267819 30.3176 10.2693
1018 0.00318088 0.0046614 0.00233426 0.000267819 30.3176 10.2693
1019 0.00298079 0.00543353 0.00233426 0.000267819 30.3176 10.2693
1020 0.0035617 0.00794077 0.00233426 0.000267819 30.3176 10.2693
1021 0.00324454 0.00362084 0.00233426 0.000267819 30.3176 10.2693
1022 0.00310792 0.00297809 0.00233426 0.000267819 30.3176 10.2693
1023 0.00340533 0.00263217 0.00233426 0.000267819 30.3176 10.2693
1024 0.00314403 0.00399443 0.00233426 0.000267819 30.3176 10.2693
1025 0.00333545 0.00283226 0.00233426 0.000267819 30.3176 10.2693
1026 0.00360892 0.00284836 0.00233426 0.000267819 30.3176 10.2693
1027 0.00338081 0.00338145 0.00233426 0.000267819 30.3176 10.2693
1028 0.00303974 0.00569711 0.00233426 0.000267819 30.3176 10.2693
1029 0.00310251 0.00262341 0.00233426 0.000267819 30.3176 10.2693
1030 0.00376982 0.00252192 0.00233426 0.000267819 30.3176 10.2693
1031 0.00315366 0.00367693 0.00233426 0.000267819 30.3176 10.2693
1032 0.00335228 0.00602215 0.00233426 0.000267819 30.3176 10.2693
1033 0.00305397 0.00307058 0.00233426 0.000267819 30.3176 10.2693
1034 0.00396728 0.00266988 0.00233426 0.000267819 30.3176 10.2693
1035 0.00313527 0.00306116 0.00233426 0.000267819 30.3176 10.2693
1036 0.00388954 0.00350155 0.00233426 0.000267819 30.3176 10.2693
1037 0.00348068 0.00492966 0.00233426 0.000267819 30.3176 10.2693
1038 0.00349254 0.0029679 0.00233426 0.000267819 30.3176 10.2693
1039 0.00328626 0.00305267 0.00233426 0.000267819 30.3176 10.2693
1040 0.00329008 0.00342667 0.00233426 0.000267819 30.3176 10.2693
1041 0.00327743 0.0034984 0.00233426 0.000267819 30.3176 10.2693
1042 0.00351506 0.00755831 0.00233426 0.000267819 30.3176 10.2693
1043 0.00348569 0.00870531 0.00233426 0.000267819 30.3176 10.2693
1044 0.00339261 0.00299337 0.00233426 0.000267819 30.3176 10.2693
1045 0.00316999 0.0041356 0.00233426 0.000267819 30.3176 10.2693
1046 0.00397242 0.00258354 0.00233426 0.000267819 30.3176 10.2693
1047 0.00234526 0.00268357 0.00233426 0.000267819 30.3176 10.2693
1048 0.00248463 0.00264193 0.00233426 0.000267819 30.3176 10.2693
1049 0.00240442 0.00286388 0.00233426 0.000267819 30.3176 10.2693
1050 0.00261867 0.00241746 0.00233426 0.000267819 30.3176 10.2693
1051 0.00261465 0.00291904 0.00233426 0.000267819 30.3176 10.2693
1052 0.00267871 0.00315441 0.00233426 0.000267819 30.3176 10.2693
1053 0.00254907 0.00283843 0.00233426 0.000267819 30.3176 10.2693
1054 0.00255008 0.00309164 0.00233426 0.000267819 30.3176 10.2693
1055 0.00256786 0.00254203 0.00233426 0.000267819 30.3176 10.2693
1056 0.00247646 0.00266423 0.00233426 0.000267819 30.3176 10.2693
1057 0.00267635 0.00252976 0.00233426 0.000267819 30.3176 10.2693
1058 0.00257666 0.00383113 0.00233426 0.000267819 30.3176 10.2693
1059 0.00262538 0.00280199 0.00233426 0.000267819 30.3176 10.2693
1060 0.00263041 0.00349268 0.00233426 0.000267819 30.3176 10.2693
1061 0.00268571 0.0026028 0.00233426 0.000267819 30.3176 10.2693
1062 0.00248751 0.00250101 0.00233426 0.000267819 30.3176 10.2693
1063 0.00265492 0.00259769 0.00233426 0.000267819 30.3176 10.2693
1064 0.00276098 0.0023955 0.00233426 0.000267819 30.3176 10.2693
1065 0.00267923 0.00293804 0.00233426 0.000267819 30.3176 10.2693
1066 0.0028078 0.00301957 0.00233426 0.000267819 30.3176 10.2693
1067 0.00271561 0.00284804 0.00233426 0.000267819 30.3176 10.2693
1068 0.00255911 0.00300848 0.00233426 0.000267819 30.3176 10.2693
1069 0.00263895 0.0024055 0.00233426 0.000267819 30.3176 10.2693
1070 0.00269785 0.00286603 0.00233426 0.000267819 30.3176 10.2693
1071 0.00284117 0.00253382 0.00233426 0.000267819 30.3176 10.2693
1072 0.00274215 0.00290033 0.00233426 0.000267819 30.3176 10.2693
1073 0.002746 0.00636509 0.00233426 0.000267819 30.3176 10.2693
1074 0.00263598 0.0039406 0.00233426 0.000267819 30.3176 10.2693
1075 0.00266142 0.00284455 0.00233426 0.000267819 30.3176 10.2693
1076 0.00282832 0.00328229 0.00233426 0.000267819 30.3176 10.2693
1077 0.0028076 0.00253616 0.00233426 0.000267819 30.3176 10.2693
1078 0.00282492 0.00343291 0.00233426 0.000267819 30.3176 10.2693
1079 0.00274596 0.00251828 0.00233426 0.000267819 30.3176 10.2693
1080 0.0027285 0.00344516 0.00233426 0.000267819 30.3176 10.2693
1081 0.00293191 0.00318105 0.00233426 0.000267819 30.3176 10.2693
1082 0.00281891 0.00376444 0.00233426 0.000267819 30.3176 10.2693
1083 0.00286679 0.00255775 0.00233426 0.000267819 30.3176 10.2693
1084 0.00282278 0.00336016 0.00233426 0.000267819 30.3176 10.2693
1085 0.00297994 0.0041649 0.00233426 0.000267819 30.3176 10.2693
1086 0.0027298 0.00337206 0.00233426 0.000267819 30.3176 10.2693
1087 0.00278077 0.00299507 0.00233426 0.000267819 30.3176 10.2693
1088 0.00290397 0.00395243 0.00233426 0.000267819 30.3176 10.2693
1089 0.0029546 0.00336771 0.00233426 0.000267819 30.3176 10.2693
1090 0.00277086 0.00342374 0.00233426 0.000267819 30.3176 10.2693
1091 0.00285501 0.00236021 0.00233426 0.000267819 30.3176 10.2693
1092 0.00288645 0.00327264 0.00233426 0.000267819 30.3176 10.2693
1093 0.00310993 0.0028243 0.00233426 0.000267819 30.3176 10.2693
1094 0.0029528 0.00341328 0.00233426 0.000267819 30.3176 10.2693
1095 0.00310478 0.00313596 0.00233426 0.000267819 30.3176 10.2693
1096 0.00283559 0.00266319 0.00233426 0.000267819 30.3176 10.2693
1097 0.00328318 0.00252371 0.00233426 0.000267819 30.3176 10.2693
1098 0.0028141 0.00251083 0.00233426 0.000267819 30.3176 10.2693
1099 0.00283804 0.00372084 0.00233426 0.000267819 30.3176 10.2693
1100 0.00316674 0.00262195 0.00233426 0.000267819 30.3176 10.2693
1101 0.00287796 0.0040434 0.00233426 0.000267819 30.3176 10.2693
1102 0.00298821 0.00263413 0.00233426 0.000267819 30.3176 10.2693
1103 0.00317569 0.0051588 0.00233426 0.000267819 30.3176 10.2693
1104 0.00303777 0.00236684 0.00233426 0.000267819 30.3176 10.2693
1105 0.00299827 0.00260011 0.00233426 0.000267819 30.3176 10.2693
1106 0.00301981 0.00396643 0.00233426 0.000267819 30.3176 10.2693
1107 0.00309106 0.00331298 0.00233426 0.000267819 30.3176 10.2693
1108 0.0029222 0.00375842 0.00233426 0.000267819 30.3176 10.2693
1109 0.00301079 0.00327087 0.00233426 0.000267819 30.3176 10.2693
1110 0.00308934 0.00285647 0.00233426 0.000267819 30.3176 10.2693
1111 0.00302934 0.00292101 0.00233426 0.000267819 30.3176 10.2693
1112 0.00295975 0.00348552 0.00233426 0.000267819 30.3176 10.2693
1113 0.00319895 0.00256726 0.00233426 0.000267819 30.3176 10.2693
1114 0.00319582 0.00262695 0.00233426 0.000267819 30.3176 10.2693
1115 0.00335046 0.00432671 0.00233426 0.000267819 30.3176 10.2693
1116 0.00325623 0.00324937 0.00233426 0.000267819 30.3176 10.2693
1117 0.00312155 0.00393552 0.00233426 0.000267819 30.3176 10.2693
1118 0.00360851 0.00341787 0.00233426 0.000267819 30.3176 10.2693
1119 0.00313393 0.00309999 0.00233426 0.000267819 30.3176 10.2693
1120 0.00299225 0.00419896 0.00233426 0.000267819 30.3176 10.2693
1121 0.00311667 0.00361432 0.00233426 0.000267819 30.3176 10.2693
1122 0.00329025 0.00315122 0.00233426 0.000267819 30.3176 10.2693
1123 0.0032585 0.0035728 0.00233426 0.000267819 30.3176 10.2693
1124 0.00335993 0.00392041 0.00233426 0.000267819 30.3176 10.2693
1125 0.00325075 0.0029706 0.00233426 0.000267819 30.3176 10.2693
1126 0.00332308 0.00249769 0.00233426 0.000267819 30.3176 10.2693
1127 0.00325457 0.00279587 0.00233426 0.000267819 30.3176 10.2693
1128 0.00314024 0.00311305 0.00233426 0.000267819 30.3176 10.2693
1129 0.00374117 0.00380655 0.00233426 0.000267819 30.3176 10.2693
1130 0.00315458 0.00494791 0.00233426 0.000267819 30.3176 10.2693
1131 0.00330627 0.00473314 0.00233426 0.000267819 30.3176 10.2693
1132 0.00318723 0.00292804 0.00233426 0.000267819 30.3176 10.2693
1133 0.00354959 0.00251485 0.00233426 0.000267819 30.3176 10.2693
1134 0.00329635 0.00311235 0.00233426 0.000267819 30.3176 10.2693
1135 0.00308063 0.0027789 0.00233426 0.000267819 30.3176 10.2693
1136 0.0032107 0.00328411 0.00233426 0.000267819 30.3176 10.2693
1137 0.00330542 0.00383755 0.00233426 0.000267819 30.3176 10.2693
1138 0.00372802 0.00370806 0.00233426 0.000267819 30.3176 10.2693
1139 0.003274 0.00273195 0.00233426 0.000267819 30.3176 10.2693
1140 0.00353015 0.00278217 0.00233426 0.000267819 30.3176 10.2693
1141 0.00312531 0.00615406 0.00233426 0.000267819 30.3176 10.2693
1142 0.00359516 0.00397251 0.00233426 0.000267819 30.3176 10.2693
1143 0.00362939 0.00277205 0.00233426 0.000267819 30.3176 10.2693
1144 0.00328239 0.00292159 0.00233426 0.000267819 30.3176 10.2693
1145 0.00337828 0.00319178 0.00233426 0.000267819 30.3176 10.2693
1146 0.00346718 0.00343947 0.00233426 0.000267819 30.3176 10.2693
