1 15.7078 0.0599024 1.79769e+308 1.79769e+308 inf inf
2 0.286222 0.049936 1.79769e+308 1.79769e+308 inf inf
3 0.24829 0.0331845 0.049936 0.00113875 140.226 21.1755
4 0.401208 0.0651384 0.0331845 0.000857555 114.311 18.376
5 0.128932 0.018139 0.0331845 0.000857555 114.311 18.376
6 0.524204 0.0372244 0.018139 0.000639527 84.5137 15.869
7 0.0935748 0.0140581 0.018139 0.000639527 84.5137 15.869
8 0.0973264 0.0365964 0.0140581 0.000534062 74.4019 14.5016
9 0.379631 0.0283421 0.0140581 0.000534062 74.4019 14.5016
10 0.0332849 0.0211984 0.0140581 0.000534062 74.4019 14.5016
11 0.111887 0.0538864 0.0140581 0.000534062 74.4019 14.5016
12 0.100206 0.0177462 0.0140581 0.000534062 74.4019 14.5016
13 0.125281 0.0224814 0.0140581 0.000534062 74.4019 14.5016
14 0.0291573 0.0361705 0.0140581 0.000534062 74.4019 14.5016
15 0.106215 0.050725 0.0140581 0.000534062 74.4019 14.5016
16 0.0780588 0.0159694 0.0140581 0.000534062 74.4019 14.5016
17 0.0499008 0.395912 0.0140581 0.000534062 74.4019 14.5016
18 0.0642629 0.20409 0.0140581 0.000534062 74.4019 14.5016
19 0.0499047 0.0286481 0.0140581 0.000534062 74.4019 14.5016
20 0.103023 0.0120314 0.0140581 0.000534062 74.4019 14.5016
21 0.0317689 0.0202837 0.0120314 0.000340396 68.83 11.5774
22 0.238868 0.0322005 0.0120314 0.000340396 68.83 11.5774
23 0.0219732 0.0201156 0.0120314 0.000340396 68.83 11.5774
24 0.0428183 0.011085 0.0120314 0.000340396 68.83 11.5774
25 0.0416752 0.0746391 0.011085 0.000324365 66.0676 11.3015
26 0.0682022 0.00845978 0.011085 0.000324365 66.0676 11.3015
27 0.0375333 0.00881572 0.00845978 0.000306777 57.7165 10.9909
28 0.0642625 0.136699 0.00845978 0.000306777 57.7165 10.9909
29 0.037931 0.00660464 0.00845978 0.000306777 57.7165 10.9909
30 0.100769 0.265496 0.00660464 0.000311498 50.997 11.0751
31 0.0425765 0.00967411 0.00660464 0.000311498 50.997 11.0751
32 0.0376468 0.0111497 0.00660464 0.000311498 50.997 11.0751
33 0.0333536 0.018225 0.00660464 0.000311498 50.997 11.0751
34 0.0415281 0.0277352 0.00660464 0.000311498 50.997 11.0751
35 0.0648329 0.0152289 0.00660464 0.000311498 50.997 11.0751
36 0.0432908 0.00595763 0.00660464 0.000311498 50.997 11.0751
37 0.0273103 0.145147 0.00595763 0.000302497 48.4347 10.9139
38 0.0470089 0.0828561 0.00595763 0.000302497 48.4347 10.9139
39 0.0683164 0.00558521 0.00595763 0.000302497 48.4347 10.9139
40 0.0207294 0.0137824 0.00558521 0.000300206 46.8964 10.8725
41 0.0331163 0.0136596 0.00558521 0.000300206 46.8964 10.8725
42 0.0647885 0.00991487 0.00558521 0.000300206 46.8964 10.8725
43 0.0321206 0.00856371 0.00558521 0.000300206 46.8964 10.8725
44 0.0420277 0.00629408 0.00558521 0.000300206 46.8964 10.8725
45 0.0274745 0.00438227 0.00558521 0.000300206 46.8964 10.8725
46 0.040348 0.00951911 0.00438227 0.000284509 41.5403 10.5845
47 0.068801 0.00576123 0.00438227 0.000284509 41.5403 10.5845
48 0.0308803 0.0116873 0.00438227 0.000284509 41.5403 10.5845
49 0.0288354 0.00561714 0.00438227 0.000284509 41.5403 10.5845
50 0.042465 0.0162051 0.00438227 0.000284509 41.5403 10.5845
51 0.0792165 0.00495416 0.00438227 0.000284509 41.5403 10.5845
52 0.0140126 0.00438374 0.00438227 0.000284509 41.5403 10.5845
53 0.081524 0.0111166 0.00438374 0.000279889 41.5473 10.4982
54 0.0197729 0.126932 0.00438374 0.000279889 41.5473 10.4982
55 0.0392884 0.033087 0.00438374 0.000279889 41.5473 10.4982
56 0.0243325 0.00652466 0.00438374 0.000279889 41.5473 10.4982
57 0.0502133 0.00894734 0.00438374 0.000279889 41.5473 10.4982
58 0.0215973 0.0220843 0.00438374 0.000279889 41.5473 10.4982
59 0.0322044 0.0124449 0.00438374 0.000279889 41.5473 10.4982
60 0.0469248 0.00757187 0.00438374 0.000279889 41.5473 10.4982
61 0.030347 0.00640295 0.00438374 0.000279889 41.5473 10.4982
62 0.0299027 0.00618881 0.00438374 0.000279889 41.5473 10.4982
63 0.0500842 0.00633168 0.00438374 0.000279889 41.5473 10.4982
64 0.0251335 0.0341192 0.00438374 0.000279889 41.5473 10.4982
65 0.0342343 0.0100064 0.00438374 0.000279889 41.5473 10.4982
66 0.0346382 0.00751425 0.00438374 0.000279889 41.5473 10.4982
67 0.0253513 0.00474779 0.00438374 0.000279889 41.5473 10.4982
68 0.0442492 0.0180102 0.00438374 0.000279889 41.5473 10.4982
69 0.0472727 0.056214 0.00438374 0.000279889 41.5473 10.4982
70 0.0240492 0.19718 0.00438374 0.000279889 41.5473 10.4982
71 0.0510491 0.00545726 0.00438374 0.000279889 41.5473 10.4982
72 0.0166625 0.0463865 0.00438374 0.000279889 41.5473 10.4982
73 0.0447198 0.030235 0.00438374 0.000279889 41.5473 10.4982
74 0.0875335 0.01711 0.00438374 0.000279889 41.5473 10.4982
75 0.0150046 0.00581696 0.00438374 0.000279889 41.5473 10.4982
76 0.0284334 0.0196616 0.00438374 0.000279889 41.5473 10.4982
77 0.0363333 0.0159075 0.00438374 0.000279889 41.5473 10.4982
78 0.0346015 0.00559169 0.00438374 0.000279889 41.5473 10.4982
79 0.023965 0.00764678 0.00438374 0.000279889 41.5473 10.4982
80 0.079452 0.00399187 0.00438374 0.000279889 41.5473 10.4982
81 0.0183369 0.00461026 0.00399187 0.000284895 39.6468 10.5916
82 0.0265791 0.00691253 0.00399187 0.000284895 39.6468 10.5916
83 0.0392668 0.0139006 0.00399187 0.000284895 39.6468 10.5916
84 0.0201562 0.00981766 0.00399187 0.000284895 39.6468 10.5916
85 0.0307874 0.013363 0.00399187 0.000284895 39.6468 10.5916
86 0.0285105 0.0231082 0.00399187 0.000284895 39.6468 10.5916
87 0.0431211 0.00420307 0.00399187 0.000284895 39.6468 10.5916
88 0.0387747 0.00749182 0.00399187 0.000284895 39.6468 10.5916
89 0.0195955 0.0160812 0.00399187 0.000284895 39.6468 10.5916
90 0.0409969 0.0062997 0.00399187 0.000284895 39.6468 10.5916
91 0.0255051 0.00851098 0.00399187 0.000284895 39.6468 10.5916
92 0.0438361 0.0127502 0.00399187 0.000284895 39.6468 10.5916
93 0.0285848 0.00511936 0.00399187 0.000284895 39.6468 10.5916
94 0.0303462 0.0177478 0.00399187 0.000284895 39.6468 10.5916
95 0.0282758 0.00564834 0.00399187 0.000284895 39.6468 10.5916
96 0.0270969 0.0145938 0.00399187 0.000284895 39.6468 10.5916
97 0.0360345 0.007544 0.00399187 0.000284895 39.6468 10.5916
98 0.0259547 0.0121763 0.00399187 0.000284895 39.6468 10.5916
99 0.104428 0.00445073 0.00399187 0.000284895 39.6468 10.5916
100 0.0068225 0.0603479 0.00399187 0.000284895 39.6468 10.5916
101 0.0177469 0.0106926 0.00399187 0.000284895 39.6468 10.5916
102 0.0272072 0.00490979 0.00399187 0.000284895 39.6468 10.5916
103 0.0376331 0.0168944 0.00399187 0.000284895 39.6468 10.5916
104 0.0226166 0.00810109 0.00399187 0.000284895 39.6468 10.5916
105 0.0383866 0.0191225 0.00399187 0.000284895 39.6468 10.5916
106 0.0158227 0.00733975 0.00399187 0.000284895 39.6468 10.5916
107 0.0301415 0.120389 0.00399187 0.000284895 39.6468 10.5916
108 0.046278 0.00510811 0.00399187 0.000284895 39.6468 10.5916
109 0.0268365 0.0146953 0.00399187 0.000284895 39.6468 10.5916
110 0.0151939 0.00668758 0.00399187 0.000284895 39.6468 10.5916
111 0.0285197 0.0239015 0.00399187 0.000284895 39.6468 10.5916
112 0.107307 0.0228809 0.00399187 0.000284895 39.6468 10.5916
113 0.00848361 0.00988521 0.00399187 0.000284895 39.6468 10.5916
114 0.0276044 0.00634772 0.00399187 0.000284895 39.6468 10.5916
115 0.02387 0.12843 0.00399187 0.000284895 39.6468 10.5916
116 0.0337736 0.010414 0.00399187 0.000284895 39.6468 10.5916
117 0.0262824 0.00698743 0.00399187 0.000284895 39.6468 10.5916
118 0.0427119 0.00687364 0.00399187 0.000284895 39.6468 10.5916
119 0.0201833 0.0742709 0.00399187 0.000284895 39.6468 10.5916
120 0.0713964 0.0351945 0.00399187 0.000284895 39.6468 10.5916
121 0.00709809 0.00465244 0.00399187 0.000284895 39.6468 10.5916
122 0.03195 0.00426402 0.00399187 0.000284895 39.6468 10.5916
123 0.0357758 0.00597752 0.00399187 0.000284895 39.6468 10.5916
124 0.0104504 0.00741005 0.00399187 0.000284895 39.6468 10.5916
125 0.0335824 0.00635083 0.00399187 0.000284895 39.6468 10.5916
126 0.04012 0.00642636 0.00399187 0.000284895 39.6468 10.5916
127 0.0270501 0.0490623 0.00399187 0.000284895 39.6468 10.5916
128 0.0344428 0.00637975 0.00399187 0.000284895 39.6468 10.5916
129 0.0187921 0.00400212 0.00399187 0.000284895 39.6468 10.5916
130 0.0492548 0.00611693 0.00399187 0.000284895 39.6468 10.5916
131 0.0226634 0.0194528 0.00399187 0.000284895 39.6468 10.5916
132 0.0231891 0.00473096 0.00399187 0.000284895 39.6468 10.5916
133 0.0346218 0.0105834 0.00399187 0.000284895 39.6468 10.5916
134 0.0214365 0.0038459 0.00399187 0.000284895 39.6468 10.5916
135 0.040265 0.0508529 0.0038459 0.000283882 38.9152 10.5728
136 0.0262366 0.00851885 0.0038459 0.000283882 38.9152 10.5728
137 0.0230153 0.00517004 0.0038459 0.000283882 38.9152 10.5728
138 0.0244106 0.0890925 0.0038459 0.000283882 38.9152 10.5728
139 0.0421171 0.00758643 0.0038459 0.000283882 38.9152 10.5728
140 0.0272961 0.0416032 0.0038459 0.000283882 38.9152 10.5728
141 0.0753424 0.00385904 0.0038459 0.000283882 38.9152 10.5728
142 0.00895692 0.0107245 0.0038459 0.000283882 38.9152 10.5728
143 0.0370128 0.010522 0.0038459 0.000283882 38.9152 10.5728
144 0.0377305 0.00705972 0.0038459 0.000283882 38.9152 10.5728
145 0.0120695 0.00709586 0.0038459 0.000283882 38.9152 10.5728
146 0.0404976 0.00872112 0.0038459 0.000283882 38.9152 10.5728
147 0.0248518 0.00665198 0.0038459 0.000283882 38.9152 10.5728
148 0.0347496 0.010157 0.0038459 0.000283882 38.9152 10.5728
149 0.0439741 0.00771537 0.0038459 0.000283882 38.9152 10.5728
150 0.02238 0.00713891 0.0038459 0.000283882 38.9152 10.5728
151 0.0385606 0.0257353 0.0038459 0.000283882 38.9152 10.5728
152 0.0265502 0.00379815 0.0038459 0.000283882 38.9152 10.5728
153 0.0195692 0.0209078 0.00379815 0.000284259 38.6728 10.5798
154 0.09172 0.00771203 0.00379815 0.000284259 38.6728 10.5798
155 0.00679323 0.00600166 0.00379815 0.000284259 38.6728 10.5798
156 0.0237012 0.0161972 0.00379815 0.000284259 38.6728 10.5798
157 0.0317067 0.104319 0.00379815 0.000284259 38.6728 10.5798
158 0.0278992 0.0124954 0.00379815 0.000284259 38.6728 10.5798
159 0.0184611 0.00798472 0.00379815 0.000284259 38.6728 10.5798
160 0.0394302 0.0324541 0.00379815 0.000284259 38.6728 10.5798
161 0.0236649 0.00334464 0.00379815 0.000284259 38.6728 10.5798
162 0.0199244 0.0106425 0.00334464 0.000287212 36.2907 10.6346
163 0.0286097 0.0137807 0.00334464 0.000287212 36.2907 10.6346
164 0.084313 0.0191647 0.00334464 0.000287212 36.2907 10.6346
165 0.0211534 0.00324458 0.00334464 0.000287212 36.2907 10.6346
166 0.0162998 0.0105991 0.00324458 0.000285714 35.7437 10.6068
167 0.0288077 0.00639343 0.00324458 0.000285714 35.7437 10.6068
168 0.0324295 0.00447584 0.00324458 0.000285714 35.7437 10.6068
169 0.0224006 0.00874659 0.00324458 0.000285714 35.7437 10.6068
170 0.0298939 0.00664142 0.00324458 0.000285714 35.7437 10.6068
171 0.0223098 0.0335918 0.00324458 0.000285714 35.7437 10.6068
172 0.0332499 0.00596063 0.00324458 0.000285714 35.7437 10.6068
173 0.0308056 0.0368157 0.00324458 0.000285714 35.7437 10.6068
174 0.0392407 0.0160127 0.00324458 0.000285714 35.7437 10.6068
175 0.0167269 0.00908345 0.00324458 0.000285714 35.7437 10.6068
176 0.0417482 0.026468 0.00324458 0.000285714 35.7437 10.6068
177 0.0191641 0.0331713 0.00324458 0.000285714 35.7437 10.6068
178 0.0259862 0.013276 0.00324458 0.000285714 35.7437 10.6068
179 0.0221849 0.042788 0.00324458 0.000285714 35.7437 10.6068
180 0.0492792 0.00900364 0.00324458 0.000285714 35.7437 10.6068
181 0.0373761 0.00798938 0.00324458 0.000285714 35.7437 10.6068
182 0.0199914 0.00856314 0.00324458 0.000285714 35.7437 10.6068
183 0.0190905 0.00436827 0.00324458 0.000285714 35.7437 10.6068
184 0.0237031 0.00430735 0.00324458 0.000285714 35.7437 10.6068
185 0.0337442 0.0339083 0.00324458 0.000285714 35.7437 10.6068
186 0.0186386 0.0138218 0.00324458 0.000285714 35.7437 10.6068
187 0.0584202 0.0192832 0.00324458 0.000285714 35.7437 10.6068
188 0.0218856 0.00422147 0.00324458 0.000285714 35.7437 10.6068
189 0.0163481 0.0347195 0.00324458 0.000285714 35.7437 10.6068
190 0.0373433 0.00966084 0.00324458 0.000285714 35.7437 10.6068
191 0.0177524 0.00790057 0.00324458 0.000285714 35.7437 10.6068
192 0.0558545 0.00347466 0.00324458 0.000285714 35.7437 10.6068
193 0.0133657 0.00434683 0.00324458 0.000285714 35.7437 10.6068
194 0.0229274 0.00533677 0.00324458 0.000285714 35.7437 10.6068
195 0.0252896 0.0204109 0.00324458 0.000285714 35.7437 10.6068
196 0.034082 0.00534314 0.00324458 0.000285714 35.7437 10.6068
197 0.116991 0.00474357 0.00324458 0.000285714 35.7437 10.6068
198 0.0113395 0.00411716 0.00324458 0.000285714 35.7437 10.6068
199 0.0177266 0.0108613 0.00324458 0.000285714 35.7437 10.6068
200 0.0352076 0.00359952 0.00324458 0.000285714 35.7437 10.6068
201 0.0203978 0.00392461 0.00324458 0.000285714 35.7437 10.6068
202 0.0411549 0.00905078 0.00324458 0.000285714 35.7437 10.6068
203 0.0204957 0.0102728 0.00324458 0.000285714 35.7437 10.6068
204 0.0266553 0.0094744 0.00324458 0.000285714 35.7437 10.6068
205 0.0263754 0.0470545 0.00324458 0.000285714 35.7437 10.6068
206 0.0423221 0.0080649 0.00324458 0.000285714 35.7437 10.6068
207 0.0175473 0.0166511 0.00324458 0.000285714 35.7437 10.6068
208 0.0259748 0.260983 0.00324458 0.000285714 35.7437 10.6068
209 0.0505056 0.00447571 0.00324458 0.000285714 35.7437 10.6068
210 0.0196213 0.030199 0.00324458 0.000285714 35.7437 10.6068
211 0.0305317 0.0061009 0.00324458 0.000285714 35.7437 10.6068
212 0.0289071 0.00835186 0.00324458 0.000285714 35.7437 10.6068
213 0.0348554 0.0134938 0.00324458 0.000285714 35.7437 10.6068
214 0.0459709 0.0102449 0.00324458 0.000285714 35.7437 10.6068
215 0.0255779 0.00714376 0.00324458 0.000285714 35.7437 10.6068
216 0.0131084 0.0297338 0.00324458 0.000285714 35.7437 10.6068
217 0.0509155 0.00462751 0.00324458 0.000285714 35.7437 10.6068
218 0.0175908 0.0116387 0.00324458 0.000285714 35.7437 10.6068
219 0.0478123 0.00453842 0.00324458 0.000285714 35.7437 10.6068
220 0.0235931 0.00622423 0.00324458 0.000285714 35.7437 10.6068
221 0.0589529 0.00389633 0.00324458 0.000285714 35.7437 10.6068
222 0.0159021 0.05097 0.00324458 0.000285714 35.7437 10.6068
223 0.0292151 0.00647851 0.00324458 0.000285714 35.7437 10.6068
224 0.0252793 0.00533514 0.00324458 0.000285714 35.7437 10.6068
225 0.0252983 0.0133467 0.00324458 0.000285714 35.7437 10.6068
226 0.0435103 0.00433424 0.00324458 0.000285714 35.7437 10.6068
227 0.0147873 0.0109069 0.00324458 0.000285714 35.7437 10.6068
228 0.0386341 0.0202657 0.00324458 0.000285714 35.7437 10.6068
229 0.0376867 0.0143065 0.00324458 0.000285714 35.7437 10.6068
230 0.0164236 0.00536875 0.00324458 0.000285714 35.7437 10.6068
231 0.0240047 0.00589925 0.00324458 0.000285714 35.7437 10.6068
232 0.0313237 0.00537341 0.00324458 0.000285714 35.7437 10.6068
233 0.0281245 0.017204 0.00324458 0.000285714 35.7437 10.6068
234 0.0258593 0.016408 0.00324458 0.000285714 35.7437 10.6068
235 0.0318258 0.0129779 0.00324458 0.000285714 35.7437 10.6068
236 0.0236331 0.0116883 0.00324458 0.000285714 35.7437 10.6068
237 0.0708461 0.0102472 0.00324458 0.000285714 35.7437 10.6068
238 0.0100186 0.00615958 0.00324458 0.000285714 35.7437 10.6068
239 0.0219856 0.00834603 0.00324458 0.000285714 35.7437 10.6068
240 0.0422618 0.00450046 0.00324458 0.000285714 35.7437 10.6068
241 0.0113882 0.180641 0.00324458 0.000285714 35.7437 10.6068
242 0.0780013 0.00559598 0.00324458 0.000285714 35.7437 10.6068
243 0.00855838 0.00819957 0.00324458 0.000285714 35.7437 10.6068
244 0.0276773 0.00551136 0.00324458 0.000285714 35.7437 10.6068
245 0.050385 0.00690088 0.00324458 0.000285714 35.7437 10.6068
246 0.0136453 0.0120547 0.00324458 0.000285714 35.7437 10.6068
247 0.0287755 0.0536172 0.00324458 0.000285714 35.7437 10.6068
248 0.035604 0.106052 0.00324458 0.000285714 35.7437 10.6068
249 0.0260636 0.778406 0.00324458 0.000285714 35.7437 10.6068
250 0.0461207 0.0369142 0.00324458 0.000285714 35.7437 10.6068
251 0.0139393 0.0178727 0.00324458 0.000285714 35.7437 10.6068
252 0.027883 0.00979131 0.00324458 0.000285714 35.7437 10.6068
253 0.0545673 0.00427201 0.00324458 0.000285714 35.7437 10.6068
254 0.0158679 0.0259563 0.00324458 0.000285714 35.7437 10.6068
255 0.022739 0.00405666 0.00324458 0.000285714 35.7437 10.6068
256 0.0406454 0.0227598 0.00324458 0.000285714 35.7437 10.6068
257 0.0167617 0.176246 0.00324458 0.000285714 35.7437 10.6068
258 0.0394756 0.0281152 0.00324458 0.000285714 35.7437 10.6068
259 0.0174062 0.0076833 0.00324458 0.000285714 35.7437 10.6068
260 0.0450996 0.0190659 0.00324458 0.000285714 35.7437 10.6068
261 0.013331 0.0182857 0.00324458 0.000285714 35.7437 10.6068
262 0.0277018 0.0576789 0.00324458 0.000285714 35.7437 10.6068
263 0.0289049 0.257531 0.00324458 0.000285714 35.7437 10.6068
264 0.0370571 0.00709313 0.00324458 0.000285714 35.7437 10.6068
265 0.0217412 0.00621824 0.00324458 0.000285714 35.7437 10.6068
266 0.00316553 0.00359336 0.00324458 0.000285714 35.7437 10.6068
267 0.00349545 0.0055108 0.00324458 0.000285714 35.7437 10.6068
268 0.00446131 0.00682367 0.00324458 0.000285714 35.7437 10.6068
269 0.00833558 0.00745817 0.00324458 0.000285714 35.7437 10.6068
270 0.00713167 0.00739927 0.00324458 0.000285714 35.7437 10.6068
271 0.00665313 0.00440328 0.00324458 0.000285714 35.7437 10.6068
272 0.00879605 0.00448301 0.00324458 0.000285714 35.7437 10.6068
273 0.0062754 0.00786063 0.00324458 0.000285714 35.7437 10.6068
274 0.00848522 0.0105324 0.00324458 0.000285714 35.7437 10.6068
275 0.00694538 0.0155819 0.00324458 0.000285714 35.7437 10.6068
276 0.00774826 0.00869707 0.00324458 0.000285714 35.7437 10.6068
277 0.00680242 0.0228175 0.00324458 0.000285714 35.7437 10.6068
278 0.00651879 0.00679714 0.00324458 0.000285714 35.7437 10.6068
279 0.00803537 0.00396806 0.00324458 0.000285714 35.7437 10.6068
280 0.0107158 0.00405088 0.00324458 0.000285714 35.7437 10.6068
281 0.00597358 0.00582998 0.00324458 0.000285714 35.7437 10.6068
282 0.00685925 0.00510101 0.00324458 0.000285714 35.7437 10.6068
283 0.0109657 0.00506009 0.00324458 0.000285714 35.7437 10.6068
284 0.00538138 0.012505 0.00324458 0.000285714 35.7437 10.6068
285 0.00767412 0.00340986 0.00324458 0.000285714 35.7437 10.6068
286 0.00659301 0.00755791 0.00324458 0.000285714 35.7437 10.6068
287 0.00736749 0.00770941 0.00324458 0.000285714 35.7437 10.6068
288 0.00749158 0.0055655 0.00324458 0.000285714 35.7437 10.6068
289 0.00895041 0.0049008 0.00324458 0.000285714 35.7437 10.6068
290 0.00586659 0.00458761 0.00324458 0.000285714 35.7437 10.6068
291 0.00829286 0.00644049 0.00324458 0.000285714 35.7437 10.6068
292 0.007347 0.00362675 0.00324458 0.000285714 35.7437 10.6068
293 0.007639 0.00434898 0.00324458 0.000285714 35.7437 10.6068
294 0.0062302 0.00685302 0.00324458 0.000285714 35.7437 10.6068
295 0.00954407 0.00463986 0.00324458 0.000285714 35.7437 10.6068
296 0.00790563 0.023507 0.00324458 0.000285714 35.7437 10.6068
297 0.00686208 0.00617422 0.00324458 0.000285714 35.7437 10.6068
298 0.00806396 0.0149845 0.00324458 0.000285714 35.7437 10.6068
299 0.00681107 0.00863874 0.00324458 0.000285714 35.7437 10.6068
300 0.00863249 0.00617059 0.00324458 0.000285714 35.7437 10.6068
301 0.00774192 0.00442252 0.00324458 0.000285714 35.7437 10.6068
302 0.00621728 0.00352817 0.00324458 0.000285714 35.7437 10.6068
303 0.00919331 0.00644372 0.00324458 0.000285714 35.7437 10.6068
304 0.00762635 0.0039917 0.00324458 0.000285714 35.7437 10.6068
305 0.00903942 0.00327632 0.00324458 0.000285714 35.7437 10.6068
306 0.00818649 0.00356272 0.00324458 0.000285714 35.7437 10.6068
307 0.00685502 0.00456526 0.00324458 0.000285714 35.7437 10.6068
308 0.00729378 0.00484491 0.00324458 0.000285714 35.7437 10.6068
309 0.00754966 0.00643904 0.00324458 0.000285714 35.7437 10.6068
310 0.00708689 0.00476085 0.00324458 0.000285714 35.7437 10.6068
311 0.00797957 0.00614824 0.00324458 0.000285714 35.7437 10.6068
312 0.00796443 0.0051531 0.00324458 0.000285714 35.7437 10.6068
313 0.00726714 0.00681732 0.00324458 0.000285714 35.7437 10.6068
314 0.00766264 0.0090115 0.00324458 0.000285714 35.7437 10.6068
315 0.0094067 0.00319426 0.00324458 0.000285714 35.7437 10.6068
316 0.00622624 0.0100216 0.00319426 0.000284293 35.4654 10.5804
317 0.00990041 0.00491546 0.00319426 0.000284293 35.4654 10.5804
318 0.00839963 0.00591514 0.00319426 0.000284293 35.4654 10.5804
319 0.00697429 0.00317066 0.00319426 0.000284293 35.4654 10.5804
320 0.00750601 0.00522914 0.00317066 0.000283697 35.3342 10.5693
321 0.00863046 0.00746708 0.00317066 0.000283697 35.3342 10.5693
322 0.00841274 0.00358817 0.00317066 0.000283697 35.3342 10.5693
323 0.00767952 0.0145149 0.00317066 0.000283697 35.3342 10.5693
324 0.00766842 0.00346201 0.00317066 0.000283697 35.3342 10.5693
325 0.0089144 0.00565855 0.00317066 0.000283697 35.3342 10.5693
326 0.00836619 0.0046214 0.00317066 0.000283697 35.3342 10.5693
327 0.00836047 0.00770676 0.00317066 0.000283697 35.3342 10.5693
328 0.00748893 0.0039319 0.00317066 0.000283697 35.3342 10.5693
329 0.00875507 0.00404712 0.00317066 0.000283697 35.3342 10.5693
330 0.0070482 0.0155331 0.00317066 0.000283697 35.3342 10.5693
331 0.00765896 0.00717813 0.00317066 0.000283697 35.3342 10.5693
332 0.00772361 0.0216197 0.00317066 0.000283697 35.3342 10.5693
333 0.00902979 0.00618438 0.00317066 0.000283697 35.3342 10.5693
334 0.0062758 0.00816687 0.00317066 0.000283697 35.3342 10.5693
335 0.00886862 0.00467296 0.00317066 0.000283697 35.3342 10.5693
336 0.00911382 0.00506288 0.00317066 0.000283697 35.3342 10.5693
337 0.00777896 0.0149508 0.00317066 0.000283697 35.3342 10.5693
338 0.00731621 0.00593867 0.00317066 0.000283697 35.3342 10.5693
339 0.00962178 0.00469727 0.00317066 0.000283697 35.3342 10.5693
340 0.00836603 0.00443998 0.00317066 0.000283697 35.3342 10.5693
341 0.00925465 0.00545342 0.00317066 0.000283697 35.3342 10.5693
342 0.00829569 0.00737759 0.00317066 0.000283697 35.3342 10.5693
343 0.00811981 0.00424528 0.00317066 0.000283697 35.3342 10.5693
344 0.00838574 0.00542137 0.00317066 0.000283697 35.3342 10.5693
345 0.00791399 0.0287479 0.00317066 0.000283697 35.3342 10.5693
346 0.00717138 0.0119069 0.00317066 0.000283697 35.3342 10.5693
347 0.00732831 0.0653074 0.00317066 0.000283697 35.3342 10.5693
348 0.0102818 0.0102815 0.00317066 0.000283697 35.3342 10.5693
349 0.010603 0.0054378 0.00317066 0.000283697 35.3342 10.5693
350 0.00617437 0.0037486 0.00317066 0.000283697 35.3342 10.5693
351 0.00925773 0.00300024 0.00317066 0.000283697 35.3342 10.5693
352 0.00801762 0.00513671 0.00300024 0.000283124 34.3715 10.5586
353 0.00817937 0.00692289 0.00300024 0.000283124 34.3715 10.5586
354 0.00736619 0.0160169 0.00300024 0.000283124 34.3715 10.5586
355 0.0086828 0.00720352 0.00300024 0.000283124 34.3715 10.5586
356 0.007554 0.0259611 0.00300024 0.000283124 34.3715 10.5586
357 0.00852297 0.00335512 0.00300024 0.000283124 34.3715 10.5586
358 0.00790942 0.00363007 0.00300024 0.000283124 34.3715 10.5586
359 0.00852404 0.00955713 0.00300024 0.000283124 34.3715 10.5586
360 0.0114221 0.00664766 0.00300024 0.000283124 34.3715 10.5586
361 0.00571105 0.00594752 0.00300024 0.000283124 34.3715 10.5586
362 0.0116629 0.00466829 0.00300024 0.000283124 34.3715 10.5586
363 0.00713991 0.01062 0.00300024 0.000283124 34.3715 10.5586
364 0.0111928 0.00602454 0.00300024 0.000283124 34.3715 10.5586
365 0.00834772 0.0111905 0.00300024 0.000283124 34.3715 10.5586
366 0.00724704 0.00402476 0.00300024 0.000283124 34.3715 10.5586
367 0.00963765 0.00575994 0.00300024 0.000283124 34.3715 10.5586
368 0.00668266 0.0077712 0.00300024 0.000283124 34.3715 10.5586
369 0.00989857 0.0175327 0.00300024 0.000283124 34.3715 10.5586
370 0.00830063 0.00427782 0.00300024 0.000283124 34.3715 10.5586
371 0.0124294 0.0053765 0.00300024 0.000283124 34.3715 10.5586
372 0.00564341 0.0140119 0.00300024 0.000283124 34.3715 10.5586
373 0.00939244 0.00522326 0.00300024 0.000283124 34.3715 10.5586
374 0.00878461 0.00315444 0.00300024 0.000283124 34.3715 10.5586
375 0.00779395 0.00434071 0.00300024 0.000283124 34.3715 10.5586
376 0.00740239 0.00617525 0.00300024 0.000283124 34.3715 10.5586
377 0.00883824 0.00478311 0.00300024 0.000283124 34.3715 10.5586
378 0.00861271 0.00555107 0.00300024 0.000283124 34.3715 10.5586
379 0.00971597 0.0133899 0.00300024 0.000283124 34.3715 10.5586
380 0.00847738 0.00426312 0.00300024 0.000283124 34.3715 10.5586
381 0.00805065 0.00583679 0.00300024 0.000283124 34.3715 10.5586
382 0.00932165 0.0063608 0.00300024 0.000283124 34.3715 10.5586
383 0.00781217 0.00763973 0.00300024 0.000283124 34.3715 10.5586
384 0.00734165 0.00545595 0.00300024 0.000283124 34.3715 10.5586
385 0.0094398 0.00599939 0.00300024 0.000283124 34.3715 10.5586
386 0.0082289 0.00482902 0.00300024 0.000283124 34.3715 10.5586
387 0.0094589 0.00423518 0.00300024 0.000283124 34.3715 10.5586
388 0.00715975 0.00529973 0.00300024 0.000283124 34.3715 10.5586
389 0.00910875 0.0146952 0.00300024 0.000283124 34.3715 10.5586
390 0.00917347 0.00288983 0.00300024 0.000283124 34.3715 10.5586
391 0.00824331 0.00451252 0.00288983 0.000283232 33.7331 10.5607
392 0.0113337 0.0047453 0.00288983 0.000283232 33.7331 10.5607
393 0.01376 0.00541169 0.00288983 0.000283232 33.7331 10.5607
394 0.0054028 0.00523864 0.00288983 0.000283232 33.7331 10.5607
395 0.0118059 0.00417597 0.00288983 0.000283232 33.7331 10.5607
396 0.00673667 0.011937 0.00288983 0.000283232 33.7331 10.5607
397 0.0127382 0.00526528 0.00288983 0.000283232 33.7331 10.5607
398 0.00588016 0.00568829 0.00288983 0.000283232 33.7331 10.5607
399 0.00803348 0.00402829 0.00288983 0.000283232 33.7331 10.5607
400 0.0103568 0.00413416 0.00288983 0.000283232 33.7331 10.5607
401 0.00707884 0.00429831 0.00288983 0.000283232 33.7331 10.5607
402 0.00746263 0.00776369 0.00288983 0.000283232 33.7331 10.5607
403 0.00933741 0.00459254 0.00288983 0.000283232 33.7331 10.5607
404 0.00829499 0.0322035 0.00288983 0.000283232 33.7331 10.5607
405 0.0099622 0.0555627 0.00288983 0.000283232 33.7331 10.5607
406 0.00963497 0.00426811 0.00288983 0.000283232 33.7331 10.5607
407 0.00721711 0.00558969 0.00288983 0.000283232 33.7331 10.5607
408 0.00900943 0.0106787 0.00288983 0.000283232 33.7331 10.5607
409 0.00965542 0.0147784 0.00288983 0.000283232 33.7331 10.5607
410 0.0101385 0.00411014 0.00288983 0.000283232 33.7331 10.5607
411 0.0100248 0.00501521 0.00288983 0.000283232 33.7331 10.5607
412 0.00663115 0.00365444 0.00288983 0.000283232 33.7331 10.5607
413 0.00884929 0.00380063 0.00288983 0.000283232 33.7331 10.5607
414 0.0103973 0.00539323 0.00288983 0.000283232 33.7331 10.5607
415 0.00799283 0.00493259 0.00288983 0.000283232 33.7331 10.5607
416 0.00848076 0.0331798 0.00288983 0.000283232 33.7331 10.5607
417 0.00952751 0.00980975 0.00288983 0.000283232 33.7331 10.5607
418 0.00777267 0.00891961 0.00288983 0.000283232 33.7331 10.5607
419 0.00974493 0.00650618 0.00288983 0.000283232 33.7331 10.5607
420 0.00964975 0.00492572 0.00288983 0.000283232 33.7331 10.5607
421 0.00606467 0.0177618 0.00288983 0.000283232 33.7331 10.5607
422 0.00967367 0.00359654 0.00288983 0.000283232 33.7331 10.5607
423 0.00840052 0.00559421 0.00288983 0.000283232 33.7331 10.5607
424 0.0126151 0.0148899 0.00288983 0.000283232 33.7331 10.5607
425 0.00705875 0.00519845 0.00288983 0.000283232 33.7331 10.5607
426 0.00761129 0.0201956 0.00288983 0.000283232 33.7331 10.5607
427 0.00884975 0.00586854 0.00288983 0.000283232 33.7331 10.5607
428 0.00872518 0.0038814 0.00288983 0.000283232 33.7331 10.5607
429 0.00629316 0.00552728 0.00288983 0.000283232 33.7331 10.5607
430 0.0116495 0.00440845 0.00288983 0.000283232 33.7331 10.5607
431 0.00781715 0.00341619 0.00288983 0.000283232 33.7331 10.5607
432 0.0087092 0.00393111 0.00288983 0.000283232 33.7331 10.5607
433 0.00980495 0.00561784 0.00288983 0.000283232 33.7331 10.5607
434 0.00886155 0.00512489 0.00288983 0.000283232 33.7331 10.5607
435 0.00982719 0.0220269 0.00288983 0.000283232 33.7331 10.5607
436 0.00786328 0.00683969 0.00288983 0.000283232 33.7331 10.5607
437 0.00834697 0.00391597 0.00288983 0.000283232 33.7331 10.5607
438 0.0081158 0.00420311 0.00288983 0.000283232 33.7331 10.5607
439 0.00983142 0.0106877 0.00288983 0.000283232 33.7331 10.5607
440 0.007434 0.0064021 0.00288983 0.000283232 33.7331 10.5607
441 0.00962382 0.0183253 0.00288983 0.000283232 33.7331 10.5607
442 0.00975343 0.0165087 0.00288983 0.000283232 33.7331 10.5607
443 0.00928366 0.00922196 0.00288983 0.000283232 33.7331 10.5607
444 0.00892496 0.00455884 0.00288983 0.000283232 33.7331 10.5607
445 0.0105798 0.00948333 0.00288983 0.000283232 33.7331 10.5607
446 0.00967381 0.0122083 0.00288983 0.000283232 33.7331 10.5607
447 0.00740237 0.00478828 0.00288983 0.000283232 33.7331 10.5607
448 0.00766237 0.00712262 0.00288983 0.000283232 33.7331 10.5607
449 0.00993939 0.00805252 0.00288983 0.000283232 33.7331 10.5607
450 0.0088047 0.00444254 0.00288983 0.000283232 33.7331 10.5607
451 0.00832543 0.0110238 0.00288983 0.000283232 33.7331 10.5607
452 0.00695232 0.00877515 0.00288983 0.000283232 33.7331 10.5607
453 0.0111281 0.00630485 0.00288983 0.000283232 33.7331 10.5607
454 0.00772433 0.00432494 0.00288983 0.000283232 33.7331 10.5607
455 0.00749881 0.00667587 0.00288983 0.000283232 33.7331 10.5607
456 0.0122175 0.00620934 0.00288983 0.000283232 33.7331 10.5607
457 0.00669473 0.00641287 0.00288983 0.000283232 33.7331 10.5607
458 0.00948611 0.00340171 0.00288983 0.000283232 33.7331 10.5607
459 0.00788914 0.0436017 0.00288983 0.000283232 33.7331 10.5607
460 0.0132244 0.0200245 0.00288983 0.000283232 33.7331 10.5607
461 0.00665697 0.00453948 0.00288983 0.000283232 33.7331 10.5607
462 0.00916348 0.00627519 0.00288983 0.000283232 33.7331 10.5607
463 0.0113274 0.00552228 0.00288983 0.000283232 33.7331 10.5607
464 0.00903792 0.010171 0.00288983 0.000283232 33.7331 10.5607
465 0.0075018 0.00393458 0.00288983 0.000283232 33.7331 10.5607
466 0.00830271 0.00553928 0.00288983 0.000283232 33.7331 10.5607
467 0.00923517 0.00917523 0.00288983 0.000283232 33.7331 10.5607
468 0.00956286 0.00404712 0.00288983 0.000283232 33.7331 10.5607
469 0.00938325 0.00295915 0.00288983 0.000283232 33.7331 10.5607
470 0.00736119 0.0275399 0.00288983 0.000283232 33.7331 10.5607
471 0.0117386 0.00886802 0.00288983 0.000283232 33.7331 10.5607
472 0.00794146 0.0439095 0.00288983 0.000283232 33.7331 10.5607
473 0.00935931 0.0140237 0.00288983 0.000283232 33.7331 10.5607
474 0.00859343 0.00310212 0.00288983 0.000283232 33.7331 10.5607
475 0.00838005 0.00993241 0.00288983 0.000283232 33.7331 10.5607
476 0.00949373 0.0358435 0.00288983 0.000283232 33.7331 10.5607
477 0.0111443 0.00336817 0.00288983 0.000283232 33.7331 10.5607
478 0.0068471 0.0049388 0.00288983 0.000283232 33.7331 10.5607
479 0.00925117 0.00493632 0.00288983 0.000283232 33.7331 10.5607
480 0.00959007 0.0169513 0.00288983 0.000283232 33.7331 10.5607
481 0.0098014 0.0171167 0.00288983 0.000283232 33.7331 10.5607
482 0.00827288 0.00477862 0.00288983 0.000283232 33.7331 10.5607
483 0.00866482 0.00677306 0.00288983 0.000283232 33.7331 10.5607
484 0.0093581 0.00483362 0.00288983 0.000283232 33.7331 10.5607
485 0.00897932 0.00813658 0.00288983 0.000283232 33.7331 10.5607
486 0.00697958 0.00578595 0.00288983 0.000283232 33.7331 10.5607
487 0.0110914 0.00599959 0.00288983 0.000283232 33.7331 10.5607
488 0.0121958 0.00613571 0.00288983 0.000283232 33.7331 10.5607
489 0.00727275 0.00491883 0.00288983 0.000283232 33.7331 10.5607
490 0.0106018 0.00577418 0.00288983 0.000283232 33.7331 10.5607
491 0.00279045 0.00316014 0.00288983 0.000283232 33.7331 10.5607
492 0.00333406 0.00585303 0.00288983 0.000283232 33.7331 10.5607
493 0.00383582 0.00514176 0.00288983 0.000283232 33.7331 10.5607
494 0.00422776 0.00388974 0.00288983 0.000283232 33.7331 10.5607
495 0.00415924 0.00339314 0.00288983 0.000283232 33.7331 10.5607
496 0.00377215 0.00397409 0.00288983 0.000283232 33.7331 10.5607
497 0.00460017 0.00520423 0.00288983 0.000283232 33.7331 10.5607
498 0.00456111 0.003347 0.00288983 0.000283232 33.7331 10.5607
499 0.00455239 0.0046203 0.00288983 0.000283232 33.7331 10.5607
500 0.00396011 0.00487419 0.00288983 0.000283232 33.7331 10.5607
501 0.00565503 0.00330845 0.00288983 0.000283232 33.7331 10.5607
502 0.00402855 0.0049557 0.00288983 0.000283232 33.7331 10.5607
503 0.00406731 0.00477246 0.00288983 0.000283232 33.7331 10.5607
504 0.00442167 0.00462423 0.00288983 0.000283232 33.7331 10.5607
505 0.00391864 0.00369457 0.00288983 0.000283232 33.7331 10.5607
506 0.00447344 0.00350217 0.00288983 0.000283232 33.7331 10.5607
507 0.00473435 0.00656985 0.00288983 0.000283232 33.7331 10.5607
508 0.00392522 0.00303084 0.00288983 0.000283232 33.7331 10.5607
509 0.0043508 0.00451645 0.00288983 0.000283232 33.7331 10.5607
510 0.0045556 0.00300807 0.00288983 0.000283232 33.7331 10.5607
511 0.00454247 0.00633193 0.00288983 0.000283232 33.7331 10.5607
512 0.0054046 0.00486467 0.00288983 0.000283232 33.7331 10.5607
513 0.00494162 0.00531041 0.00288983 0.000283232 33.7331 10.5607
514 0.00411 0.00510467 0.00288983 0.000283232 33.7331 10.5607
515 0.00434989 0.0109422 0.00288983 0.000283232 33.7331 10.5607
516 0.00436809 0.00319068 0.00288983 0.000283232 33.7331 10.5607
517 0.004824 0.0129985 0.00288983 0.000283232 33.7331 10.5607
518 0.00495943 0.0101078 0.00288983 0.000283232 33.7331 10.5607
519 0.00463032 0.00306078 0.00288983 0.000283232 33.7331 10.5607
520 0.00456482 0.00457648 0.00288983 0.000283232 33.7331 10.5607
521 0.00548316 0.00745025 0.00288983 0.000283232 33.7331 10.5607
522 0.00419539 0.00439568 0.00288983 0.000283232 33.7331 10.5607
523 0.00415645 0.00557588 0.00288983 0.000283232 33.7331 10.5607
524 0.00462411 0.00422941 0.00288983 0.000283232 33.7331 10.5607
525 0.00481287 0.00457022 0.00288983 0.000283232 33.7331 10.5607
526 0.00480262 0.00471835 0.00288983 0.000283232 33.7331 10.5607
527 0.00444565 0.00467976 0.00288983 0.000283232 33.7331 10.5607
528 0.00448641 0.0152219 0.00288983 0.000283232 33.7331 10.5607
529 0.00447786 0.00345898 0.00288983 0.000283232 33.7331 10.5607
530 0.0043875 0.0070222 0.00288983 0.000283232 33.7331 10.5607
531 0.00447024 0.00456263 0.00288983 0.000283232 33.7331 10.5607
532 0.00468993 0.00509998 0.00288983 0.000283232 33.7331 10.5607
533 0.00494496 0.0137654 0.00288983 0.000283232 33.7331 10.5607
534 0.00447839 0.0131649 0.00288983 0.000283232 33.7331 10.5607
535 0.00519833 0.00591029 0.00288983 0.000283232 33.7331 10.5607
536 0.00457611 0.00413031 0.00288983 0.000283232 33.7331 10.5607
537 0.00486517 0.00735604 0.00288983 0.000283232 33.7331 10.5607
538 0.00417283 0.00390636 0.00288983 0.000283232 33.7331 10.5607
539 0.00555957 0.0027599 0.00288983 0.000283232 33.7331 10.5607
540 0.00396278 0.00878095 0.0027599 0.000289885 32.9661 10.684
541 0.00487335 0.00761935 0.0027599 0.000289885 32.9661 10.684
542 0.00507366 0.00387358 0.0027599 0.000289885 32.9661 10.684
543 0.00457036 0.00585225 0.0027599 0.000289885 32.9661 10.684
544 0.00508845 0.0033591 0.0027599 0.000289885 32.9661 10.684
545 0.00470438 0.00549346 0.0027599 0.000289885 32.9661 10.684
546 0.0054811 0.00377979 0.0027599 0.000289885 32.9661 10.684
547 0.00468929 0.00470125 0.0027599 0.000289885 32.9661 10.684
548 0.00480785 0.00493368 0.0027599 0.000289885 32.9661 10.684
549 0.00468579 0.00574378 0.0027599 0.000289885 32.9661 10.684
550 0.00448789 0.00414109 0.0027599 0.000289885 32.9661 10.684
551 0.00582012 0.00492654 0.0027599 0.000289885 32.9661 10.684
552 0.00443156 0.0059566 0.0027599 0.000289885 32.9661 10.684
553 0.00513329 0.0033346 0.0027599 0.000289885 32.9661 10.684
554 0.00495917 0.00312426 0.0027599 0.000289885 32.9661 10.684
555 0.00439627 0.00502615 0.0027599 0.000289885 32.9661 10.684
556 0.00541363 0.00494356 0.0027599 0.000289885 32.9661 10.684
557 0.00427049 0.00344906 0.0027599 0.000289885 32.9661 10.684
558 0.00570524 0.00696835 0.0027599 0.000289885 32.9661 10.684
559 0.00583117 0.00393702 0.0027599 0.000289885 32.9661 10.684
560 0.00435537 0.00743541 0.0027599 0.000289885 32.9661 10.684
561 0.00530861 0.016522 0.0027599 0.000289885 32.9661 10.684
562 0.0046707 0.00373045 0.0027599 0.000289885 32.9661 10.684
563 0.00475576 0.0033274 0.0027599 0.000289885 32.9661 10.684
564 0.00569428 0.0037105 0.0027599 0.000289885 32.9661 10.684
565 0.00447555 0.00367599 0.0027599 0.000289885 32.9661 10.684
566 0.00506802 0.00615637 0.0027599 0.000289885 32.9661 10.684
567 0.00543725 0.00793494 0.0027599 0.000289885 32.9661 10.684
568 0.00413826 0.00398712 0.0027599 0.000289885 32.9661 10.684
569 0.00583718 0.00398527 0.0027599 0.000289885 32.9661 10.684
570 0.0051861 0.00431054 0.0027599 0.000289885 32.9661 10.684
571 0.00478215 0.00525271 0.0027599 0.000289885 32.9661 10.684
572 0.0044525 0.00351008 0.0027599 0.000289885 32.9661 10.684
573 0.00618459 0.0036312 0.0027599 0.000289885 32.9661 10.684
574 0.00543407 0.00438577 0.0027599 0.000289885 32.9661 10.684
575 0.00486334 0.00491005 0.0027599 0.000289885 32.9661 10.684
576 0.00469499 0.0130903 0.0027599 0.000289885 32.9661 10.684
577 0.00512605 0.00346924 0.0027599 0.000289885 32.9661 10.684
578 0.0050762 0.00307827 0.0027599 0.000289885 32.9661 10.684
579 0.00480313 0.00381456 0.0027599 0.000289885 32.9661 10.684
580 0.00479003 0.00302945 0.0027599 0.000289885 32.9661 10.684
581 0.00499867 0.00315552 0.0027599 0.000289885 32.9661 10.684
582 0.00579077 0.00398882 0.0027599 0.000289885 32.9661 10.684
583 0.00453527 0.00435236 0.0027599 0.000289885 32.9661 10.684
584 0.00526771 0.00514727 0.0027599 0.000289885 32.9661 10.684
585 0.00476236 0.0044999 0.0027599 0.000289885 32.9661 10.684
586 0.00548944 0.00283624 0.0027599 0.000289885 32.9661 10.684
587 0.00493262 0.0160594 0.0027599 0.000289885 32.9661 10.684
588 0.00799274 0.00965485 0.0027599 0.000289885 32.9661 10.684
589 0.00435662 0.0115229 0.0027599 0.000289885 32.9661 10.684
590 0.00494953 0.00360076 0.0027599 0.000289885 32.9661 10.684
591 0.00469138 0.006282 0.0027599 0.000289885 32.9661 10.684
592 0.00523168 0.00337771 0.0027599 0.000289885 32.9661 10.684
593 0.00461917 0.00497764 0.0027599 0.000289885 32.9661 10.684
594 0.00533107 0.00989565 0.0027599 0.000289885 32.9661 10.684
595 0.00589588 0.0107141 0.0027599 0.000289885 32.9661 10.684
596 0.00476968 0.0040313 0.0027599 0.000289885 32.9661 10.684
597 0.00550734 0.00840916 0.0027599 0.000289885 32.9661 10.684
598 0.00471962 0.00630948 0.0027599 0.000289885 32.9661 10.684
599 0.00551693 0.0117393 0.0027599 0.000289885 32.9661 10.684
600 0.00531664 0.00330461 0.0027599 0.000289885 32.9661 10.684
601 0.00461175 0.00331222 0.0027599 0.000289885 32.9661 10.684
602 0.00524873 0.00432639 0.0027599 0.000289885 32.9661 10.684
603 0.00479687 0.00383968 0.0027599 0.000289885 32.9661 10.684
604 0.00550371 0.00399478 0.0027599 0.000289885 32.9661 10.684
605 0.00561765 0.00339123 0.0027599 0.000289885 32.9661 10.684
606 0.00502568 0.00844725 0.0027599 0.000289885 32.9661 10.684
607 0.00460287 0.00309147 0.0027599 0.000289885 32.9661 10.684
608 0.00512808 0.00369612 0.0027599 0.000289885 32.9661 10.684
609 0.00618756 0.00319863 0.0027599 0.000289885 32.9661 10.684
610 0.00517451 0.00507665 0.0027599 0.000289885 32.9661 10.684
611 0.00514388 0.00298631 0.0027599 0.000289885 32.9661 10.684
612 0.00483275 0.00442204 0.0027599 0.000289885 32.9661 10.684
613 0.00506042 0.0044063 0.0027599 0.000289885 32.9661 10.684
614 0.00530701 0.00800791 0.0027599 0.000289885 32.9661 10.684
615 0.00504768 0.00316388 0.0027599 0.000289885 32.9661 10.684
616 0.00617271 0.00645524 0.0027599 0.000289885 32.9661 10.684
617 0.00543159 0.00418923 0.0027599 0.000289885 32.9661 10.684
618 0.00474198 0.00332416 0.0027599 0.000289885 32.9661 10.684
619 0.00449937 0.00515112 0.0027599 0.000289885 32.9661 10.684
620 0.00578391 0.00393585 0.0027599 0.000289885 32.9661 10.684
621 0.00543542 0.00341199 0.0027599 0.000289885 32.9661 10.684
622 0.00482944 0.00704125 0.0027599 0.000289885 32.9661 10.684
623 0.00713407 0.00523445 0.0027599 0.000289885 32.9661 10.684
624 0.00436405 0.00362402 0.0027599 0.000289885 32.9661 10.684
625 0.00493754 0.00381832 0.0027599 0.000289885 32.9661 10.684
626 0.00793367 0.00503826 0.0027599 0.000289885 32.9661 10.684
627 0.00398875 0.00383251 0.0027599 0.000289885 32.9661 10.684
628 0.00543006 0.00777336 0.0027599 0.000289885 32.9661 10.684
629 0.00485657 0.00692303 0.0027599 0.000289885 32.9661 10.684
630 0.00553866 0.0108086 0.0027599 0.000289885 32.9661 10.684
631 0.00513109 0.00323881 0.0027599 0.000289885 32.9661 10.684
632 0.00470159 0.00572622 0.0027599 0.000289885 32.9661 10.684
633 0.00576127 0.00461764 0.0027599 0.000289885 32.9661 10.684
634 0.00448672 0.00383372 0.0027599 0.000289885 32.9661 10.684
635 0.0058798 0.0103218 0.0027599 0.000289885 32.9661 10.684
636 0.00521678 0.00407594 0.0027599 0.000289885 32.9661 10.684
637 0.00569587 0.00554106 0.0027599 0.000289885 32.9661 10.684
638 0.00553766 0.00442411 0.0027599 0.000289885 32.9661 10.684
639 0.00488442 0.00341714 0.0027599 0.000289885 32.9661 10.684
640 0.00269241 0.00335057 0.0027599 0.000289885 32.9661 10.684
641 0.00300428 0.00325675 0.0027599 0.000289885 32.9661 10.684
642 0.00308161 0.00349605 0.0027599 0.000289885 32.9661 10.684
643 0.00304647 0.00307242 0.0027599 0.000289885 32.9661 10.684
644 0.00310774 0.00232288 0.0027599 0.000289885 32.9661 10.684
645 0.00347256 0.00346781 0.00232288 0.000286083 30.2436 10.6137
646 0.00353661 0.00461493 0.00232288 0.000286083 30.2436 10.6137
647 0.00321618 0.00297753 0.00232288 0.000286083 30.2436 10.6137
648 0.00316462 0.00358399 0.00232288 0.000286083 30.2436 10.6137
649 0.00314608 0.00335619 0.00232288 0.000286083 30.2436 10.6137
650 0.00339254 0.00370158 0.00232288 0.000286083 30.2436 10.6137
651 0.00306878 0.00307824 0.00232288 0.000286083 30.2436 10.6137
652 0.00339931 0.00312411 0.00232288 0.000286083 30.2436 10.6137
653 0.00328423 0.0041415 0.00232288 0.000286083 30.2436 10.6137
654 0.00326768 0.0346196 0.00232288 0.000286083 30.2436 10.6137
655 0.00323477 0.00304965 0.00232288 0.000286083 30.2436 10.6137
656 0.00362241 0.00460118 0.00232288 0.000286083 30.2436 10.6137
657 0.00326961 0.00611379 0.00232288 0.000286083 30.2436 10.6137
658 0.00337412 0.00343966 0.00232288 0.000286083 30.2436 10.6137
659 0.00299161 0.00388932 0.00232288 0.000286083 30.2436 10.6137
660 0.00327566 0.00764368 0.00232288 0.000286083 30.2436 10.6137
661 0.00353913 0.00475653 0.00232288 0.000286083 30.2436 10.6137
662 0.00386727 0.00508426 0.00232288 0.000286083 30.2436 10.6137
663 0.00308059 0.00365832 0.00232288 0.000286083 30.2436 10.6137
664 0.00318695 0.0043786 0.00232288 0.000286083 30.2436 10.6137
665 0.00336904 0.00513262 0.00232288 0.000286083 30.2436 10.6137
666 0.00323004 0.00376728 0.00232288 0.000286083 30.2436 10.6137
667 0.00382382 0.00371618 0.00232288 0.000286083 30.2436 10.6137
668 0.00332587 0.00390449 0.00232288 0.000286083 30.2436 10.6137
669 0.00333832 0.0110557 0.00232288 0.000286083 30.2436 10.6137
670 0.00372037 0.00362521 0.00232288 0.000286083 30.2436 10.6137
671 0.00332086 0.00672867 0.00232288 0.000286083 30.2436 10.6137
672 0.00332162 0.00429386 0.00232288 0.000286083 30.2436 10.6137
673 0.00362529 0.0030484 0.00232288 0.000286083 30.2436 10.6137
674 0.00343703 0.0028756 0.00232288 0.000286083 30.2436 10.6137
675 0.00365936 0.00308259 0.00232288 0.000286083 30.2436 10.6137
676 0.00302795 0.00532505 0.00232288 0.000286083 30.2436 10.6137
677 0.00367996 0.0036856 0.00232288 0.000286083 30.2436 10.6137
678 0.00331998 0.00317245 0.00232288 0.000286083 30.2436 10.6137
679 0.00385862 0.00339457 0.00232288 0.000286083 30.2436 10.6137
680 0.00317025 0.0046177 0.00232288 0.000286083 30.2436 10.6137
681 0.00372705 0.00446225 0.00232288 0.000286083 30.2436 10.6137
682 0.00328427 0.00373966 0.00232288 0.000286083 30.2436 10.6137
683 0.00387993 0.00547921 0.00232288 0.000286083 30.2436 10.6137
684 0.00352924 0.00368669 0.00232288 0.000286083 30.2436 10.6137
685 0.00361271 0.00356692 0.00232288 0.000286083 30.2436 10.6137
686 0.00386151 0.00376014 0.00232288 0.000286083 30.2436 10.6137
687 0.0032345 0.00423538 0.00232288 0.000286083 30.2436 10.6137
688 0.00347883 0.00430734 0.00232288 0.000286083 30.2436 10.6137
689 0.00388439 0.00372077 0.00232288 0.000286083 30.2436 10.6137
690 0.00386813 0.00602484 0.00232288 0.000286083 30.2436 10.6137
691 0.00351121 0.0060109 0.00232288 0.000286083 30.2436 10.6137
692 0.00389146 0.00475943 0.00232288 0.000286083 30.2436 10.6137
693 0.0032186 0.00515696 0.00232288 0.000286083 30.2436 10.6137
694 0.00345053 0.00364193 0.00232288 0.000286083 30.2436 10.6137
695 0.00414839 0.00361998 0.00232288 0.000286083 30.2436 10.6137
696 0.0035482 0.00449437 0.00232288 0.000286083 30.2436 10.6137
697 0.00374085 0.00315681 0.00232288 0.000286083 30.2436 10.6137
698 0.0036376 0.00321142 0.00232288 0.000286083 30.2436 10.6137
699 0.00336391 0.00596939 0.00232288 0.000286083 30.2436 10.6137
700 0.00350163 0.00367477 0.00232288 0.000286083 30.2436 10.6137
701 0.00345303 0.0036755 0.00232288 0.000286083 30.2436 10.6137
702 0.00350077 0.00428441 0.00232288 0.000286083 30.2436 10.6137
703 0.00411943 0.00329558 0.00232288 0.000286083 30.2436 10.6137
704 0.00371319 0.0028383 0.00232288 0.000286083 30.2436 10.6137
705 0.00377918 0.00413822 0.00232288 0.000286083 30.2436 10.6137
706 0.00341191 0.00376155 0.00232288 0.000286083 30.2436 10.6137
707 0.00342111 0.00487358 0.00232288 0.000286083 30.2436 10.6137
708 0.00408056 0.00974619 0.00232288 0.000286083 30.2436 10.6137
709 0.00389366 0.00352161 0.00232288 0.000286083 30.2436 10.6137
710 0.00351417 0.00590734 0.00232288 0.000286083 30.2436 10.6137
711 0.00312363 0.002983 0.00232288 0.000286083 30.2436 10.6137
712 0.00390664 0.00314155 0.00232288 0.000286083 30.2436 10.6137
713 0.00369791 0.00497039 0.00232288 0.000286083 30.2436 10.6137
714 0.00362685 0.00307762 0.00232288 0.000286083 30.2436 10.6137
715 0.0036819 0.00366031 0.00232288 0.000286083 30.2436 10.6137
716 0.00401298 0.00273969 0.00232288 0.000286083 30.2436 10.6137
717 0.00360028 0.00816279 0.00232288 0.000286083 30.2436 10.6137
718 0.00350999 0.00457735 0.00232288 0.000286083 30.2436 10.6137
719 0.00377397 0.00399996 0.00232288 0.000286083 30.2436 10.6137
720 0.00338548 0.00377478 0.00232288 0.000286083 30.2436 10.6137
721 0.00380456 0.00476439 0.00232288 0.000286083 30.2436 10.6137
722 0.00376125 0.00312598 0.00232288 0.000286083 30.2436 10.6137
723 0.00384363 0.00312717 0.00232288 0.000286083 30.2436 10.6137
724 0.00347428 0.00343127 0.00232288 0.000286083 30.2436 10.6137
725 0.00389335 0.00341425 0.00232288 0.000286083 30.2436 10.6137
726 0.00376356 0.0115121 0.00232288 0.000286083 30.2436 10.6137
727 0.00405438 0.00310188 0.00232288 0.000286083 30.2436 10.6137
728 0.00384472 0.00727707 0.00232288 0.000286083 30.2436 10.6137
729 0.00369817 0.00467315 0.00232288 0.000286083 30.2436 10.6137
730 0.00388497 0.0052417 0.00232288 0.000286083 30.2436 10.6137
731 0.00413225 0.00400985 0.00232288 0.000286083 30.2436 10.6137
732 0.00338703 0.00374381 0.00232288 0.000286083 30.2436 10.6137
733 0.00447747 0.00790048 0.00232288 0.000286083 30.2436 10.6137
734 0.00370415 0.00293611 0.00232288 0.000286083 30.2436 10.6137
735 0.00397163 0.005917 0.00232288 0.000286083 30.2436 10.6137
736 0.00381772 0.0100949 0.00232288 0.000286083 30.2436 10.6137
737 0.00359063 0.00296268 0.00232288 0.000286083 30.2436 10.6137
738 0.00356131 0.00393087 0.00232288 0.000286083 30.2436 10.6137
739 0.00409825 0.00647472 0.00232288 0.000286083 30.2436 10.6137
740 0.00373135 0.00326381 0.00232288 0.000286083 30.2436 10.6137
741 0.00385661 0.00318694 0.00232288 0.000286083 30.2436 10.6137
742 0.0035515 0.00454212 0.00232288 0.000286083 30.2436 10.6137
743 0.00404345 0.00295656 0.00232288 0.000286083 30.2436 10.6137
744 0.0039281 0.00678116 0.00232288 0.000286083 30.2436 10.6137
745 0.00238303 0.00376782 0.00232288 0.000286083 30.2436 10.6137
746 0.00260329 0.00390093 0.00232288 0.000286083 30.2436 10.6137
747 0.00246595 0.00308485 0.00232288 0.000286083 30.2436 10.6137
748 0.00280738 0.00312404 0.00232288 0.000286083 30.2436 10.6137
749 0.00268551 0.00311533 0.00232288 0.000286083 30.2436 10.6137
750 0.00277331 0.00337743 0.00232288 0.000286083 30.2436 10.6137
751 0.00275454 0.00329324 0.00232288 0.000286083 30.2436 10.6137
752 0.00254185 0.0027541 0.00232288 0.000286083 30.2436 10.6137
753 0.00260867 0.0033694 0.00232288 0.000286083 30.2436 10.6137
754 0.00301642 0.00436865 0.00232288 0.000286083 30.2436 10.6137
755 0.00267245 0.00380504 0.00232288 0.000286083 30.2436 10.6137
756 0.00273395 0.00409814 0.00232288 0.000286083 30.2436 10.6137
757 0.00278468 0.00302383 0.00232288 0.000286083 30.2436 10.6137
758 0.00263037 0.00267282 0.00232288 0.000286083 30.2436 10.6137
759 0.00258423 0.00444821 0.00232288 0.000286083 30.2436 10.6137
760 0.00273579 0.00277787 0.00232288 0.000286083 30.2436 10.6137
761 0.0029184 0.00283545 0.00232288 0.000286083 30.2436 10.6137
762 0.00267827 0.00365979 0.00232288 0.000286083 30.2436 10.6137
763 0.00280438 0.00351112 0.00232288 0.000286083 30.2436 10.6137
764 0.00302405 0.0047894 0.00232288 0.000286083 30.2436 10.6137
765 0.0026428 0.00302734 0.00232288 0.000286083 30.2436 10.6137
766 0.00261039 0.00457885 0.00232288 0.000286083 30.2436 10.6137
767 0.00278021 0.0027852 0.00232288 0.000286083 30.2436 10.6137
768 0.00295685 0.0031253 0.00232288 0.000286083 30.2436 10.6137
769 0.00272074 0.00307452 0.00232288 0.000286083 30.2436 10.6137
770 0.00273852 0.00305954 0.00232288 0.000286083 30.2436 10.6137
771 0.00276672 0.00528172 0.00232288 0.000286083 30.2436 10.6137
772 0.00312102 0.00331928 0.00232288 0.000286083 30.2436 10.6137
773 0.00277815 0.0027094 0.00232288 0.000286083 30.2436 10.6137
774 0.00279037 0.0028107 0.00232288 0.000286083 30.2436 10.6137
775 0.00282385 0.00352128 0.00232288 0.000286083 30.2436 10.6137
776 0.00273673 0.00358939 0.00232288 0.000286083 30.2436 10.6137
777 0.00298911 0.00324961 0.00232288 0.000286083 30.2436 10.6137
778 0.00273025 0.00353621 0.00232288 0.000286083 30.2436 10.6137
779 0.00265653 0.00309173 0.00232288 0.000286083 30.2436 10.6137
780 0.0029874 0.00303928 0.00232288 0.000286083 30.2436 10.6137
781 0.00286191 0.00367239 0.00232288 0.000286083 30.2436 10.6137
782 0.00282616 0.00327846 0.00232288 0.000286083 30.2436 10.6137
783 0.00292219 0.0036534 0.00232288 0.000286083 30.2436 10.6137
784 0.00275158 0.00306862 0.00232288 0.000286083 30.2436 10.6137
785 0.00299095 0.00321522 0.00232288 0.000286083 30.2436 10.6137
786 0.00273835 0.00292066 0.00232288 0.000286083 30.2436 10.6137
787 0.00284019 0.00446665 0.00232288 0.000286083 30.2436 10.6137
788 0.00292941 0.00448008 0.00232288 0.000286083 30.2436 10.6137
789 0.0027516 0.00372401 0.00232288 0.000286083 30.2436 10.6137
790 0.00318791 0.0028144 0.00232288 0.000286083 30.2436 10.6137
791 0.00308499 0.00289909 0.00232288 0.000286083 30.2436 10.6137
792 0.00276233 0.00314329 0.00232288 0.000286083 30.2436 10.6137
793 0.00294306 0.00342687 0.00232288 0.000286083 30.2436 10.6137
794 0.0031815 0.0043379 0.00232288 0.000286083 30.2436 10.6137
795 0.00285004 0.00280405 0.00232288 0.000286083 30.2436 10.6137
796 0.00271498 0.00450309 0.00232288 0.000286083 30.2436 10.6137
797 0.0029972 0.00397548 0.00232288 0.000286083 30.2436 10.6137
798 0.00289153 0.00394985 0.00232288 0.000286083 30.2436 10.6137
799 0.00291799 0.00296866 0.00232288 0.000286083 30.2436 10.6137
800 0.00315409 0.00568867 0.00232288 0.000286083 30.2436 10.6137
801 0.00291159 0.00306919 0.00232288 0.000286083 30.2436 10.6137
802 0.00282718 0.00414743 0.00232288 0.000286083 30.2436 10.6137
803 0.00314574 0.00305523 0.00232288 0.000286083 30.2436 10.6137
804 0.00278651 0.00286526 0.00232288 0.000286083 30.2436 10.6137
805 0.00295694 0.00337398 0.00232288 0.000286083 30.2436 10.6137
806 0.00298682 0.00261075 0.00232288 0.000286083 30.2436 10.6137
807 0.00304108 0.003467 0.00232288 0.000286083 30.2436 10.6137
808 0.00338058 0.00284536 0.00232288 0.000286083 30.2436 10.6137
809 0.0029722 0.0030395 0.00232288 0.000286083 30.2436 10.6137
810 0.00296399 0.00471154 0.00232288 0.000286083 30.2436 10.6137
811 0.00299679 0.00288529 0.00232288 0.000286083 30.2436 10.6137
812 0.00291746 0.00351832 0.00232288 0.000286083 30.2436 10.6137
813 0.00284043 0.0027005 0.00232288 0.000286083 30.2436 10.6137
814 0.00293418 0.00520056 0.00232288 0.000286083 30.2436 10.6137
815 0.00304224 0.00417959 0.00232288 0.000286083 30.2436 10.6137
816 0.00324568 0.00597148 0.00232288 0.000286083 30.2436 10.6137
817 0.00314308 0.0030087 0.00232288 0.000286083 30.2436 10.6137
818 0.00283404 0.00483493 0.00232288 0.000286083 30.2436 10.6137
819 0.0029801 0.0040373 0.00232288 0.000286083 30.2436 10.6137
820 0.00299779 0.00263014 0.00232288 0.000286083 30.2436 10.6137
821 0.00310771 0.00448438 0.00232288 0.000286083 30.2436 10.6137
822 0.00320048 0.00402567 0.00232288 0.000286083 30.2436 10.6137
823 0.00297322 0.00280842 0.00232288 0.000286083 30.2436 10.6137
824 0.00304158 0.00310745 0.00232288 0.000286083 30.2436 10.6137
825 0.00329194 0.00592224 0.00232288 0.000286083 30.2436 10.6137
826 0.00306864 0.00333488 0.00232288 0.000286083 30.2436 10.6137
827 0.00294663 0.00352347 0.00232288 0.000286083 30.2436 10.6137
828 0.00319704 0.00331311 0.00232288 0.000286083 30.2436 10.6137
829 0.00293193 0.00282633 0.00232288 0.000286083 30.2436 10.6137
830 0.00300431 0.00295433 0.00232288 0.000286083 30.2436 10.6137
831 0.00340091 0.00399657 0.00232288 0.000286083 30.2436 10.6137
832 0.00316886 0.00352324 0.00232288 0.000286083 30.2436 10.6137
833 0.00320694 0.00340804 0.00232288 0.000286083 30.2436 10.6137
834 0.00338427 0.00316181 0.00232288 0.000286083 30.2436 10.6137
835 0.00379874 0.00313022 0.00232288 0.000286083 30.2436 10.6137
836 0.00274303 0.00320791 0.00232288 0.000286083 30.2436 10.6137
837 0.00319959 0.00540209 0.00232288 0.000286083 30.2436 10.6137
838 0.00309619 0.00376247 0.00232288 0.000286083 30.2436 10.6137
839 0.00297766 0.00415327 0.00232288 0.000286083 30.2436 10.6137
840 0.00327583 0.00741554 0.00232288 0.000286083 30.2436 10.6137
841 0.00303337 0.00502136 0.00232288 0.000286083 30.2436 10.6137
842 0.0031364 0.0046471 0.00232288 0.000286083 30.2436 10.6137
843 0.00334271 0.00460128 0.00232288 0.000286083 30.2436 10.6137
844 0.00321398 0.00313489 0.00232288 0.000286083 30.2436 10.6137
845 0.00227872 0.0039986 0.00232288 0.000286083 30.2436 10.6137
846 0.0022618 0.00255601 0.00232288 0.000286083 30.2436 10.6137
847 0.00239692 0.00356504 0.00232288 0.000286083 30.2436 10.6137
848 0.00242086 0.00316529 0.00232288 0.000286083 30.2436 10.6137
849 0.00237936 0.00245994 0.00232288 0.000286083 30.2436 10.6137
850 0.00235659 0.00258907 0.00232288 0.000286083 30.2436 10.6137
851 0.00238897 0.00282049 0.00232288 0.000286083 30.2436 10.6137
852 0.00249797 0.00299903 0.00232288 0.000286083 30.2436 10.6137
853 0.00245476 0.0031085 0.00232288 0.000286083 30.2436 10.6137
854 0.00241987 0.00324827 0.00232288 0.000286083 30.2436 10.6137
855 0.00282403 0.00274323 0.00232288 0.000286083 30.2436 10.6137
856 0.00228483 0.00262514 0.00232288 0.000286083 30.2436 10.6137
857 0.00251823 0.00305935 0.00232288 0.000286083 30.2436 10.6137
858 0.0023236 0.0028347 0.00232288 0.000286083 30.2436 10.6137
859 0.00257258 0.00267436 0.00232288 0.000286083 30.2436 10.6137
860 0.00247741 0.00257385 0.00232288 0.000286083 30.2436 10.6137
861 0.00234902 0.00334714 0.00232288 0.000286083 30.2436 10.6137
862 0.00250022 0.00290887 0.00232288 0.000286083 30.2436 10.6137
863 0.00246912 0.00301273 0.00232288 0.000286083 30.2436 10.6137
864 0.00253178 0.00279768 0.00232288 0.000286083 30.2436 10.6137
865 0.00235975 0.00286436 0.00232288 0.000286083 30.2436 10.6137
866 0.00264732 0.00296479 0.00232288 0.000286083 30.2436 10.6137
867 0.00249505 0.0027129 0.00232288 0.000286083 30.2436 10.6137
868 0.00238237 0.00358523 0.00232288 0.000286083 30.2436 10.6137
869 0.00258587 0.00294452 0.00232288 0.000286083 30.2436 10.6137
870 0.0025191 0.00384963 0.00232288 0.000286083 30.2436 10.6137
871 0.00249484 0.00336689 0.00232288 0.000286083 30.2436 10.6137
872 0.00274058 0.0046671 0.00232288 0.000286083 30.2436 10.6137
873 0.00243843 0.00449942 0.00232288 0.000286083 30.2436 10.6137
874 0.00263516 0.00270795 0.00232288 0.000286083 30.2436 10.6137
875 0.00264788 0.00286469 0.00232288 0.000286083 30.2436 10.6137
876 0.00246066 0.00296988 0.00232288 0.000286083 30.2436 10.6137
877 0.00254713 0.00301187 0.00232288 0.000286083 30.2436 10.6137
878 0.00261508 0.00337482 0.00232288 0.000286083 30.2436 10.6137
879 0.00249524 0.00266568 0.00232288 0.000286083 30.2436 10.6137
880 0.00255682 0.00352706 0.00232288 0.000286083 30.2436 10.6137
881 0.00257795 0.00379823 0.00232288 0.000286083 30.2436 10.6137
882 0.00263483 0.00302899 0.00232288 0.000286083 30.2436 10.6137
883 0.00272613 0.00267963 0.00232288 0.000286083 30.2436 10.6137
884 0.00256022 0.00272037 0.00232288 0.000286083 30.2436 10.6137
885 0.00250434 0.00295936 0.00232288 0.000286083 30.2436 10.6137
886 0.00268775 0.00327108 0.00232288 0.000286083 30.2436 10.6137
887 0.00267644 0.00361514 0.00232288 0.000286083 30.2436 10.6137
888 0.00275077 0.00463684 0.00232288 0.000286083 30.2436 10.6137
889 0.00250724 0.00315568 0.00232288 0.000286083 30.2436 10.6137
890 0.00268966 0.00324371 0.00232288 0.000286083 30.2436 10.6137
891 0.00267578 0.00299677 0.00232288 0.000286083 30.2436 10.6137
892 0.00264731 0.00308826 0.00232288 0.000286083 30.2436 10.6137
893 0.00265629 0.00303819 0.00232288 0.000286083 30.2436 10.6137
894 0.00260423 0.00281786 0.00232288 0.000286083 30.2436 10.6137
895 0.00290077 0.00363181 0.00232288 0.000286083 30.2436 10.6137
896 0.00273173 0.00261352 0.00232288 0.000286083 30.2436 10.6137
897 0.00255816 0.00325601 0.00232288 0.000286083 30.2436 10.6137
898 0.00271116 0.00662074 0.00232288 0.000286083 30.2436 10.6137
899 0.00283994 0.0033309 0.00232288 0.000286083 30.2436 10.6137
900 0.00254707 0.00352416 0.00232288 0.000286083 30.2436 10.6137
901 0.00264203 0.00281122 0.00232288 0.000286083 30.2436 10.6137
902 0.00265698 0.00293773 0.00232288 0.000286083 30.2436 10.6137
903 0.00276581 0.00283435 0.00232288 0.000286083 30.2436 10.6137
904 0.00279051 0.00384921 0.00232288 0.000286083 30.2436 10.6137
905 0.00255578 0.00319379 0.00232288 0.000286083 30.2436 10.6137
906 0.00279039 0.00271253 0.00232288 0.000286083 30.2436 10.6137
907 0.00278838 0.00316443 0.00232288 0.000286083 30.2436 10.6137
908 0.00283592 0.00480945 0.00232288 0.000286083 30.2436 10.6137
909 0.00308397 0.00340027 0.00232288 0.000286083 30.2436 10.6137
910 0.00265966 0.00384009 0.00232288 0.000286083 30.2436 10.6137
911 0.00266171 0.00275775 0.00232288 0.000286083 30.2436 10.6137
912 0.0027565 0.00302044 0.00232288 0.000286083 30.2436 10.6137
913 0.00286403 0.00360659 0.00232288 0.000286083 30.2436 10.6137
914 0.0027758 0.00677237 0.00232288 0.000286083 30.2436 10.6137
915 0.00281113 0.00265411 0.00232288 0.000286083 30.2436 10.6137
916 0.00259517 0.00277973 0.00232288 0.000286083 30.2436 10.6137
917 0.00320549 0.00284479 0.00232288 0.000286083 30.2436 10.6137
918 0.00270875 0.00321991 0.00232288 0.000286083 30.2436 10.6137
919 0.00287888 0.00352815 0.00232288 0.000286083 30.2436 10.6137
920 0.00295834 0.00275373 0.00232288 0.000286083 30.2436 10.6137
921 0.00297566 0.00351955 0.00232288 0.000286083 30.2436 10.6137
922 0.00268566 0.00266837 0.00232288 0.000286083 30.2436 10.6137
923 0.00271565 0.00318051 0.00232288 0.000286083 30.2436 10.6137
924 0.00288263 0.00280829 0.00232288 0.000286083 30.2436 10.6137
925 0.00271887 0.0029585 0.00232288 0.000286083 30.2436 10.6137
926 0.00282748 0.00327983 0.00232288 0.000286083 30.2436 10.6137
927 0.00292797 0.00280119 0.00232288 0.000286083 30.2436 10.6137
928 0.002741 0.00294379 0.00232288 0.000286083 30.2436 10.6137
929 0.00281868 0.00442309 0.00232288 0.000286083 30.2436 10.6137
930 0.00278066 0.00324736 0.00232288 0.000286083 30.2436 10.6137
931 0.00289626 0.00279877 0.00232288 0.000286083 30.2436 10.6137
932 0.00274084 0.00403645 0.00232288 0.000286083 30.2436 10.6137
933 0.00292239 0.00279162 0.00232288 0.000286083 30.2436 10.6137
934 0.00308646 0.00296065 0.00232288 0.000286083 30.2436 10.6137
935 0.00295926 0.00317706 0.00232288 0.000286083 30.2436 10.6137
936 0.00263521 0.0027182 0.00232288 0.000286083 30.2436 10.6137
937 0.00306236 0.0025971 0.00232288 0.000286083 30.2436 10.6137
938 0.00343167 0.00321021 0.00232288 0.000286083 30.2436 10.6137
939 0.00267109 0.00488541 0.00232288 0.000286083 30.2436 10.6137
940 0.00314791 0.00397303 0.00232288 0.000286083 30.2436 10.6137
941 0.00282585 0.00753222 0.00232288 0.000286083 30.2436 10.6137
942 0.00309926 0.00287554 0.00232288 0.000286083 30.2436 10.6137
943 0.00339377 0.00270645 0.00232288 0.000286083 30.2436 10.6137
944 0.00303655 0.00350479 0.00232288 0.000286083 30.2436 10.6137
945 0.00213702 0.00276863 0.00232288 0.000286083 30.2436 10.6137
946 0.00222729 0.00275226 0.00232288 0.000286083 30.2436 10.6137
947 0.00230896 0.00277043 0.00232288 0.000286083 30.2436 10.6137
948 0.00229765 0.00297684 0.00232288 0.000286083 30.2436 10.6137
949 0.00244017 0.00290181 0.00232288 0.000286083 30.2436 10.6137
950 0.00237667 0.00354063 0.00232288 0.000286083 30.2436 10.6137
951 0.00235627 0.00275967 0.00232288 0.000286083 30.2436 10.6137
952 0.00229895 0.00332427 0.00232288 0.000286083 30.2436 10.6137
953 0.00245443 0.0031642 0.00232288 0.000286083 30.2436 10.6137
954 0.00240041 0.00311752 0.00232288 0.000286083 30.2436 10.6137
955 0.00235214 0.00327696 0.00232288 0.000286083 30.2436 10.6137
956 0.00238996 0.00257864 0.00232288 0.000286083 30.2436 10.6137
957 0.00243689 0.00292415 0.00232288 0.000286083 30.2436 10.6137
958 0.0025173 0.0026801 0.00232288 0.000286083 30.2436 10.6137
959 0.00229836 0.00265717 0.00232288 0.000286083 30.2436 10.6137
960 0.00246325 0.00286347 0.00232288 0.000286083 30.2436 10.6137
961 0.00246815 0.00275053 0.00232288 0.000286083 30.2436 10.6137
962 0.00238344 0.00281885 0.00232288 0.000286083 30.2436 10.6137
963 0.00255556 0.00275423 0.00232288 0.000286083 30.2436 10.6137
964 0.0024115 0.00284682 0.00232288 0.000286083 30.2436 10.6137
965 0.00250996 0.00300535 0.00232288 0.000286083 30.2436 10.6137
966 0.00244706 0.00359071 0.00232288 0.000286083 30.2436 10.6137
967 0.00247346 0.00272903 0.00232288 0.000286083 30.2436 10.6137
968 0.00259535 0.00279989 0.00232288 0.000286083 30.2436 10.6137
969 0.00241435 0.00315579 0.00232288 0.000286083 30.2436 10.6137
970 0.00249615 0.00283626 0.00232288 0.000286083 30.2436 10.6137
971 0.00258671 0.0026802 0.00232288 0.000286083 30.2436 10.6137
972 0.00252535 0.00301808 0.00232288 0.000286083 30.2436 10.6137
973 0.00262817 0.00545035 0.00232288 0.000286083 30.2436 10.6137
974 0.00269005 0.00502361 0.00232288 0.000286083 30.2436 10.6137
975 0.00245179 0.0053303 0.00232288 0.000286083 30.2436 10.6137
976 0.00256642 0.00272415 0.00232288 0.000286083 30.2436 10.6137
977 0.00249005 0.0033903 0.00232288 0.000286083 30.2436 10.6137
978 0.0025158 0.00290907 0.00232288 0.000286083 30.2436 10.6137
979 0.00253214 0.00313246 0.00232288 0.000286083 30.2436 10.6137
980 0.00249863 0.00305094 0.00232288 0.000286083 30.2436 10.6137
981 0.00249985 0.00360887 0.00232288 0.000286083 30.2436 10.6137
982 0.00262091 0.00287506 0.00232288 0.000286083 30.2436 10.6137
983 0.00249557 0.00408677 0.00232288 0.000286083 30.2436 10.6137
984 0.00258571 0.00266513 0.00232288 0.000286083 30.2436 10.6137
985 0.00260341 0.00306182 0.00232288 0.000286083 30.2436 10.6137
986 0.00262508 0.00286754 0.00232288 0.000286083 30.2436 10.6137
987 0.00252392 0.00305366 0.00232288 0.000286083 30.2436 10.6137
988 0.00259624 0.00287046 0.00232288 0.000286083 30.2436 10.6137
989 0.00258869 0.00266937 0.00232288 0.000286083 30.2436 10.6137
990 0.00275415 0.00385158 0.00232288 0.000286083 30.2436 10.6137
991 0.00266493 0.00481949 0.00232288 0.000286083 30.2436 10.6137
992 0.00269685 0.00328089 0.00232288 0.000286083 30.2436 10.6137
993 0.0024529 0.00307064 0.00232288 0.000286083 30.2436 10.6137
994 0.00258116 0.00387054 0.00232288 0.000286083 30.2436 10.6137
995 0.00262908 0.00276824 0.00232288 0.000286083 30.2436 10.6137
996 0.00277233 0.00339129 0.00232288 0.000286083 30.2436 10.6137
997 0.0025851 0.00291662 0.00232288 0.000286083 30.2436 10.6137
998 0.00266956 0.00360323 0.00232288 0.000286083 30.2436 10.6137
999 0.0025208 0.00269008 0.00232288 0.000286083 30.2436 10.6137
1000 0.00282275 0.00308815 0.00232288 0.000286083 30.2436 10.6137
1001 0.00278756 0.00333924 0.00232288 0.000286083 30.2436 10.6137
1002 0.00264381 0.00276431 0.00232288 0.000286083 30.2436 10.6137
1003 0.0030296 0.00296676 0.00232288 0.000286083 30.2436 10.6137
1004 0.00277 0.00430577 0.00232288 0.000286083 30.2436 10.6137
1005 0.00271363 0.0029892 0.00232288 0.000286083 30.2436 10.6137
1006 0.00270288 0.00295956 0.00232288 0.000286083 30.2436 10.6137
1007 0.00280545 0.00368381 0.00232288 0.000286083 30.2436 10.6137
1008 0.00277294 0.00331265 0.00232288 0.000286083 30.2436 10.6137
1009 0.0028851 0.00317576 0.00232288 0.000286083 30.2436 10.6137
1010 0.0030647 0.00257493 0.00232288 0.000286083 30.2436 10.6137
1011 0.00283595 0.00277354 0.00232288 0.000286083 30.2436 10.6137
1012 0.00266302 0.00414212 0.00232288 0.000286083 30.2436 10.6137
1013 0.00279635 0.00469832 0.00232288 0.000286083 30.2436 10.6137
1014 0.00298105 0.00381327 0.00232288 0.000286083 30.2436 10.6137
1015 0.00280209 0.00261471 0.00232288 0.000286083 30.2436 10.6137
1016 0.00303104 0.00471878 0.00232288 0.000286083 30.2436 10.6137
1017 0.00274416 0.00400199 0.00232288 0.000286083 30.2436 10.6137
1018 0.00276862 0.00307562 0.00232288 0.000286083 30.2436 10.6137
1019 0.00301996 0.00314854 0.00232288 0.000286083 30.2436 10.6137
1020 0.00272938 0.00300381 0.00232288 0.000286083 30.2436 10.6137
1021 0.00279005 0.00328619 0.00232288 0.000286083 30.2436 10.6137
1022 0.00301306 0.0026035 0.00232288 0.000286083 30.2436 10.6137
1023 0.00278921 0.00313827 0.00232288 0.000286083 30.2436 10.6137
1024 0.00305822 0.00334147 0.00232288 0.000286083 30.2436 10.6137
1025 0.00292056 0.00472038 0.00232288 0.000286083 30.2436 10.6137
1026 0.00284539 0.00319379 0.00232288 0.000286083 30.2436 10.6137
1027 0.00308374 0.00523619 0.00232288 0.000286083 30.2436 10.6137
1028 0.00305465 0.00273819 0.00232288 0.000286083 30.2436 10.6137
1029 0.00291145 0.00446821 0.00232288 0.000286083 30.2436 10.6137
1030 0.0030023 0.00306609 0.00232288 0.000286083 30.2436 10.6137
1031 0.00301092 0.00268847 0.00232288 0.000286083 30.2436 10.6137
1032 0.00280978 0.00291673 0.00232288 0.000286083 30.2436 10.6137
1033 0.00314347 0.00288542 0.00232288 0.000286083 30.2436 10.6137
1034 0.00290581 0.00326133 0.00232288 0.000286083 30.2436 10.6137
1035 0.00304015 0.00288484 0.00232288 0.000286083 30.2436 10.6137
1036 0.00293704 0.00527529 0.00232288 0.000286083 30.2436 10.6137
1037 0.00287954 0.00347246 0.00232288 0.000286083 30.2436 10.6137
1038 0.00326285 0.00312256 0.00232288 0.000286083 30.2436 10.6137
1039 0.00314886 0.00312082 0.00232288 0.000286083 30.2436 10.6137
1040 0.00298458 0.00400798 0.00232288 0.000286083 30.2436 10.6137
1041 0.00308483 0.00313134 0.00232288 0.000286083 30.2436 10.6137
1042 0.00316295 0.00411733 0.00232288 0.000286083 30.2436 10.6137
1043 0.00286736 0.00288964 0.00232288 0.000286083 30.2436 10.6137
1044 0.00328087 0.00572316 0.00232288 0.000286083 30.2436 10.6137
