1 100
2 100
3 100
4 100
5 99
6 99
7 98
8 98
9 97
10 97
11 96
12 95
13 95
14 95
15 94
16 93
17 93
18 93
19 92
20 91
21 91
22 90
23 90
24 90
25 89
26 89
27 88
28 88
29 87
30 86
31 86
32 85
33 85
34 85
35 84
36 83
37 83
38 82
39 82
40 82
41 81
42 80
43 80
44 80
45 79
46 79
47 78
48 77
49 77
50 77
51 76
52 75
53 75
54 75
55 74
56 73
57 73
58 72
59 72
60 72
61 71
62 70
63 70
64 69
65 69
66 69
67 68
68 67
69 67
70 66
71 66
72 66
73 65
74 64
75 64
76 63
77 63
78 63
79 62
80 62
81 61
82 60
83 60
84 60
85 59
86 59
87 58
88 57
89 57
90 57
91 56
92 56
93 55
94 54
95 54
96 54
97 53
98 53
99 52
100 51
101 51
102 50
103 50
104 50
105 49
106 49
107 48
108 48
109 47
110 46
111 46
112 45
113 45
114 44
115 44
116 44
117 43
118 43
119 42
120 42
121 41
122 40
123 40
124 39
125 39
126 38
127 38
128 38
129 37
130 37
131 36
132 36
133 35
134 34
135 34
136 33
137 33
138 32
139 32
140 32
141 31
142 31
143 30
144 30
145 29
146 28
147 28
148 27
149 27
150 26
151 26
152 25
153 25
154 25
155 24
156 24
157 23
158 23
159 22
160 21
161 21
162 20
163 20
164 19
165 19
166 19
167 18
168 18
169 17
170 17
171 16
172 15
173 15
174 14
175 14
176 13
177 13
178 13
179 12
180 12
181 11
182 11
183 10
184 9
185 9
186 8
187 8
188 7
189 7
190 7
191 6
192 6
193 5
194 5
195 4
196 3
197 3
198 2
199 2
200 1
201 1
202 0
203 100
204 100
205 99
206 99
207 98
208 98
209 97
210 97
211 96
212 95
213 95
214 95
215 94
216 93
217 93
218 93
219 92
220 91
221 91
222 90
223 90
224 90
225 89
226 89
227 88
228 88
229 87
230 86
231 86
232 85
233 85
234 85
235 84
236 83
237 83
238 82
239 82
240 82
241 81
242 80
243 80
244 80
245 100
246 100
247 99
248 99
249 98
250 98
251 97
252 97
253 96
254 95
255 95
256 95
257 94
258 93
259 93
260 93
261 92
262 91
263 91
264 90
265 90
266 90
267 89
268 89
269 88
270 88
271 87
272 86
273 86
274 85
275 85
276 85
277 84
278 83
279 83
280 82
281 82
282 82
283 81
284 80
285 80
286 80
287 79
288 79
289 78
290 77
291 77
292 77
293 76
294 75
295 75
296 75
297 74
298 73
299 100
300 100
301 99
302 99
303 98
304 98
305 97
306 97
307 96
308 95
309 95
310 95
311 94
312 93
313 93
314 93
315 92
316 91
317 91
318 90
319 90
320 90
321 89
322 89
323 88
324 88
325 87
326 86
327 86
328 85
329 85
330 85
331 84
332 83
333 83
334 82
335 82
336 82
337 81
338 80
339 80
340 80
341 79
342 79
343 78
344 77
345 77
346 77
347 76
348 75
349 75
350 75
351 74
352 73
353 73
354 72
355 72
356 72
357 71
358 70
359 70
360 69
361 69
362 69
363 68
364 67
365 67
366 66
367 66
368 66
369 65
370 64
371 64
372 63
373 63
374 63
375 62
376 62
377 61
378 60
379 60
380 60
381 59
382 59
383 58
384 57
385 57
386 57
387 56
388 56
389 55
390 54
391 54
392 54
393 53
394 53
395 52
396 51
397 51
398 50
399 50
400 50
401 49
402 49
403 48
404 48
405 47
406 46
407 46
408 45
409 45
410 44
411 44
412 44
413 43
414 43
415 42
416 42
417 41
418 40
419 40
420 39
421 39
422 38
423 38
424 38
425 37
426 37
427 36
428 36
429 35
430 34
431 34
432 33
433 33
434 32
435 32
436 32
437 31
438 31
439 30
440 30
441 29
442 28
443 28
444 27
445 27
446 26
447 26
448 25
449 25
450 25
451 24
452 24
453 23
454 23
455 22
456 21
457 21
458 20
459 20
460 19
461 19
462 19
463 18
464 18
465 17
466 17
467 16
468 15
469 15
470 14
471 14
472 13
473 13
474 13
475 12
476 12
477 11
478 11
479 10
480 9
481 9
482 8
483 8
484 7
485 7
486 7
487 6
488 6
489 5
490 5
491 4
492 3
493 3
494 2
495 2
496 1
497 1
498 0
499 100
500 100
501 99
502 99
503 98
504 98
505 97
506 97
507 96
508 95
509 95
510 95
511 94
512 93
513 93
514 93
515 92
516 91
517 91
518 90
519 90
520 90
521 89
522 89
523 88
524 88
525 87
526 86
527 86
528 85
529 85
530 85
531 84
532 83
533 83
534 82
535 82
536 82
537 81
538 80
539 80
540 80
541 79
542 79
543 78
544 77
545 77
546 77
547 76
548 75
549 75
550 75
551 74
552 73
553 73
554 72
555 72
556 72
557 71
558 70
559 70
560 69
561 69
562 69
563 68
564 67
565 67
566 66
567 66
568 66
569 65
570 64
571 64
572 63
573 63
574 63
575 62
576 62
577 61
578 60
579 60
580 60
581 59
582 59
583 58
584 57
585 57
586 57
587 100
588 100
589 99
590 99
591 98
592 98
593 97
594 97
595 100
596 100
597 99
598 99
599 98
600 98
601 97
602 97
603 96
604 95
605 95
606 95
607 94
608 93
609 93
610 93
611 92
612 91
613 91
614 90
615 90
616 90
617 89
618 89
619 88
620 88
621 87
622 86
623 86
624 85
625 85
626 85
627 84
628 83
629 83
630 82
631 82
632 82
633 81
634 80
635 80
636 80
637 79
638 79
639 78
640 77
641 77
642 77
643 76
644 75
645 75
646 75
647 74
648 73
649 73
650 72
651 72
652 72
653 71
654 70
655 70
656 69
657 69
658 100
659 100
660 99
661 99
662 98
663 98
664 97
665 97
666 96
667 95
668 95
669 95
670 94
671 93
672 93
673 93
674 92
675 91
676 91
677 90
678 90
679 90
680 89
681 89
682 88
683 88
684 87
685 86
686 86
687 85
688 85
689 85
690 84
691 83
692 83
693 82
694 82
695 82
696 81
697 80
698 80
699 80
700 79
701 79
702 78
703 77
704 77
705 77
706 76
707 75
708 75
709 75
710 74
711 73
712 73
713 72
714 72
715 72
716 71
717 70
718 70
719 69
720 69
721 69
722 68
723 67
724 67
725 66
726 66
727 100
728 100
729 99
730 99
731 98
732 98
733 97
734 97
735 96
736 95
737 95
738 95
739 94
740 93
741 93
742 93
743 92
744 91
745 91
746 90
747 90
748 90
749 89
750 89
751 88
752 88
753 87
754 86
755 86
756 85
757 85
758 85
759 84
760 83
761 83
762 82
763 82
764 82
765 81
766 80
767 80
768 80
769 79
770 79
771 78
772 77
773 77
774 77
775 76
776 75
777 75
778 75
779 74
780 73
781 73
782 72
783 72
784 72
785 71
786 70
787 70
788 69
789 69
790 69
791 68
792 67
793 67
794 66
795 66
796 66
797 65
798 64
799 64
800 63
801 63
802 63
803 62
804 62
805 61
806 60
807 60
808 60
809 59
810 59
811 58
812 57
813 57
814 57
815 56
816 56
817 55
818 54
819 54
820 54
821 53
822 53
823 52
824 51
825 51
826 50
827 50
828 50
829 49
830 49
831 48
832 48
833 47
834 46
835 46
836 45
837 45
838 44
839 44
840 44
841 43
842 43
843 42
844 42
845 41
846 40
847 40
848 39
849 39
850 38
851 38
852 38
853 37
854 37
855 36
856 36
857 35
858 34
859 34
860 33
861 33
862 32
863 32
864 32
865 31
866 31
867 30
868 30
869 29
870 28
871 28
872 27
873 27
874 26
875 26
876 25
877 25
878 25
879 24
880 24
881 23
882 23
883 22
884 21
885 21
886 20
887 20
888 19
889 19
890 19
891 18
892 18
893 17
894 17
895 16
896 15
897 15
898 14
899 14
900 13
901 13
902 13
903 12
904 12
905 11
906 11
907 10
908 9
909 9
910 8
911 8
912 7
913 7
914 7
915 6
916 6
917 5
918 5
919 4
920 3
921 3
922 2
923 2
924 1
925 1
926 0
927 100
928 100
929 99
930 99
931 98
932 98
933 97
934 97
935 96
936 95
937 95
938 95
939 94
940 93
941 93
942 93
943 92
944 91
945 91
946 90
947 90
948 90
949 89
950 89
951 88
952 88
953 87
954 86
955 86
956 85
957 85
958 85
959 84
960 83
961 83
962 82
963 82
964 82
965 81
966 80
967 80
968 80
969 79
970 79
971 78
972 77
973 77
974 77
975 76
976 75
977 75
978 100
979 100
980 99
981 99
982 98
983 98
984 97
985 97
986 96
987 95
988 95
989 95
990 94
991 93
992 93
993 93
994 100
995 100
996 99
997 99
998 98
999 98
1000 97
1001 97
1002 96
1003 95
1004 95
1005 95
1006 94
1007 93
1008 93
1009 93
1010 92
1011 91
1012 91
1013 90
1014 90
1015 90
1016 89
1017 89
1018 88
1019 88
1020 87
1021 86
1022 86
1023 85
1024 85
1025 85
1026 84
1027 83
1028 83
1029 82
1030 82
1031 100
1032 100
1033 99
1034 99
1035 98
1036 98
1037 97
1038 97
1039 96
1040 95
1041 95
1042 95
1043 94
1044 93
1045 93
1046 93
1047 92
1048 91
1049 91
1050 90
1051 90
1052 90
1053 89
1054 89
1055 88
1056 88
1057 87
1058 86
1059 86
1060 85
1061 85
1062 85
1063 84
1064 83
1065 83
1066 82
1067 82
1068 100
1069 100
1070 99
1071 99
1072 98
1073 98
1074 97
1075 97
1076 96
1077 95
1078 95
1079 95
1080 94
1081 93
1082 93
1083 93
1084 92
1085 91
1086 91
1087 90
1088 90
1089 90
1090 89
1091 89
1092 88
1093 88
1094 87
1095 86
1096 86
1097 85
1098 85
1099 85
1100 84
1101 83
1102 83
1103 82
1104 82
1105 82
1106 81
1107 80
1108 80
1109 80
1110 79
1111 79
1112 78
1113 77
1114 77
1115 77
1116 76
1117 75
1118 75
1119 75
1120 74
1121 73
1122 73
1123 72
1124 72
1125 72
1126 71
1127 70
1128 70
1129 69
1130 69
1131 69
1132 68
1133 67
1134 67
1135 66
1136 66
1137 66
1138 65
1139 64
1140 64
1141 63
1142 63
1143 63
1144 62
1145 62
1146 61
1147 60
1148 60
1149 60
1150 59
1151 59
1152 58
1153 57
1154 57
1155 57
1156 56
1157 56
1158 55
1159 54
1160 54
1161 54
1162 53
1163 53
1164 52
1165 51
1166 51
1167 50
1168 50
1169 50
1170 49
1171 49
1172 48
1173 48
1174 47
1175 46
1176 46
1177 45
1178 45
1179 44
1180 44
1181 44
1182 43
1183 43
1184 42
1185 42
1186 41
1187 40
1188 40
1189 39
1190 39
1191 38
1192 38
1193 38
1194 37
1195 37
1196 36
1197 36
1198 35
1199 34
1200 34
1201 33
1202 33
1203 32
1204 32
1205 32
1206 31
1207 31
1208 30
1209 30
1210 29
1211 28
1212 28
1213 27
1214 27
1215 26
1216 26
1217 25
1218 25
1219 25
1220 24
1221 24
1222 23
1223 23
1224 22
1225 21
1226 21
1227 20
1228 20
1229 19
1230 19
1231 19
1232 18
1233 18
1234 17
1235 17
1236 16
1237 15
1238 15
1239 14
1240 14
1241 13
1242 13
1243 13
1244 12
1245 12
1246 11
1247 11
1248 10
1249 9
1250 9
1251 8
1252 8
1253 7
1254 7
1255 7
1256 6
1257 6
1258 5
1259 5
1260 4
1261 3
1262 3
1263 2
1264 2
1265 1
1266 1
1267 0
1268 100
1269 100
1270 99
1271 99
1272 98
1273 98
1274 97
1275 97
1276 96
1277 95
1278 95
1279 95
1280 94
1281 93
1282 93
1283 93
1284 92
1285 91
1286 91
1287 90
1288 90
1289 90
1290 89
1291 89
1292 88
1293 88
1294 87
1295 86
1296 86
1297 85
1298 85
1299 85
1300 84
1301 83
1302 83
1303 82
1304 82
1305 82
1306 81
1307 80
1308 80
1309 80
1310 100
1311 100
1312 99
1313 99
1314 98
1315 98
1316 97
1317 97
1318 96
1319 95
1320 95
1321 95
1322 100
1323 100
1324 99
1325 99
1326 98
1327 98
1328 97
1329 97
1330 96
1331 95
1332 95
1333 95
1334 94
1335 93
1336 93
1337 93
1338 92
1339 91
1340 91
1341 90
1342 90
1343 90
1344 89
1345 89
1346 88
1347 88
1348 87
1349 86
1350 86
1351 85
1352 85
1353 85
1354 84
1355 83
1356 83
1357 82
1358 82
1359 82
1360 81
1361 80
1362 80
1363 80
1364 79
1365 79
1366 78
1367 77
1368 77
1369 77
1370 76
1371 75
1372 75
1373 75
1374 74
1375 73
1376 73
1377 72
1378 72
1379 72
1380 71
1381 70
1382 70
1383 69
1384 69
1385 69
1386 68
1387 67
1388 67
1389 66
1390 66
1391 66
1392 65
1393 64
1394 64
1395 63
1396 63
1397 63
1398 62
1399 62
1400 61
1401 60
1402 60
1403 60
1404 59
1405 59
1406 58
1407 57
1408 57
1409 57
1410 56
1411 56
1412 55
1413 54
1414 54
1415 54
1416 53
1417 53
1418 52
1419 51
1420 51
1421 50
1422 50
1423 50
1424 49
1425 49
1426 48
1427 48
1428 47
1429 46
1430 46
1431 45
1432 45
1433 44
1434 44
1435 44
1436 43
1437 43
1438 42
1439 42
1440 41
1441 40
1442 40
1443 39
1444 39
1445 38
1446 38
1447 38
1448 37
1449 37
1450 36
1451 36
1452 35
1453 34
1454 34
1455 33
1456 33
1457 32
1458 32
1459 32
1460 31
1461 31
1462 30
1463 30
1464 29
1465 28
1466 28
1467 27
1468 27
1469 26
1470 26
1471 25
1472 25
1473 25
1474 24
1475 24
1476 23
1477 23
1478 22
1479 21
1480 21
1481 20
1482 20
1483 19
1484 19
1485 19
1486 18
1487 18
1488 17
1489 17
1490 16
1491 15
1492 15
1493 14
1494 14
1495 13
1496 13
1497 13
1498 12
1499 12
1500 11
1501 11
1502 10
1503 9
1504 9
1505 8
1506 8
1507 7
1508 7
1509 7
1510 6
1511 6
1512 5
1513 5
1514 4
1515 3
1516 3
1517 2
1518 2
1519 1
1520 1
1521 0
1522 100
1523 100
1524 99
1525 99
1526 98
1527 98
1528 100
1529 100
1530 99
1531 99
1532 98
1533 98
1534 97
1535 97
1536 96
1537 95
1538 95
1539 95
1540 94
1541 93
1542 93
1543 93
1544 92
1545 91
1546 91
1547 90
1548 90
1549 90
1550 89
1551 100
1552 100
1553 99
1554 99
1555 98
1556 98
1557 97
1558 97
1559 96
1560 95
1561 95
1562 95
1563 94
1564 93
1565 93
1566 93
1567 92
1568 91
1569 91
1570 90
1571 90
1572 90
1573 89
1574 89
1575 88
1576 88
1577 87
1578 86
1579 86
1580 85
1581 85
1582 85
1583 84
1584 83
1585 83
1586 82
1587 82
1588 82
1589 81
1590 80
1591 80
1592 80
1593 79
1594 79
1595 78
1596 77
1597 77
1598 77
1599 76
1600 75
1601 75
1602 75
1603 74
1604 73
1605 73
1606 72
1607 72
1608 72
1609 71
1610 70
1611 70
1612 69
1613 69
1614 69
1615 68
1616 67
1617 67
1618 66
1619 66
1620 66
1621 65
1622 64
1623 64
1624 100
1625 100
1626 99
1627 99
1628 98
1629 98
1630 97
1631 97
1632 96
1633 95
1634 95
1635 95
1636 94
1637 93
1638 93
1639 93
1640 92
1641 91
1642 91
1643 90
1644 90
1645 90
1646 89
1647 89
1648 88
1649 88
1650 87
1651 86
1652 86
1653 85
1654 85
1655 85
1656 84
1657 83
1658 83
1659 82
1660 82
1661 82
1662 81
1663 80
1664 80
1665 80
1666 79
1667 79
1668 78
1669 77
1670 77
1671 77
1672 76
1673 75
1674 75
1675 75
1676 74
1677 73
1678 73
1679 72
1680 72
1681 72
1682 71
1683 70
1684 70
1685 69
1686 69
1687 69
1688 68
1689 67
1690 67
1691 66
1692 66
1693 66
1694 65
1695 64
1696 64
1697 63
1698 63
1699 63
1700 62
1701 62
1702 61
1703 60
1704 60
1705 60
1706 59
1707 59
1708 58
1709 57
1710 57
1711 57
1712 56
1713 56
1714 55
1715 54
1716 54
1717 54
1718 53
1719 53
1720 52
1721 51
1722 51
1723 50
1724 50
1725 50
1726 49
1727 49
1728 48
1729 48
1730 47
1731 46
1732 46
1733 45
1734 45
1735 44
1736 44
1737 44
1738 43
1739 43
1740 42
1741 42
1742 41
1743 40
1744 40
1745 39
1746 39
1747 38
1748 38
1749 38
1750 37
1751 37
1752 36
1753 36
1754 35
1755 34
1756 34
1757 33
1758 33
1759 32
1760 32
1761 32
1762 31
1763 31
1764 30
1765 30
1766 29
1767 28
1768 28
1769 27
1770 27
1771 26
1772 26
1773 25
1774 25
1775 25
1776 24
1777 24
1778 23
1779 23
1780 22
1781 21
1782 21
1783 20
1784 20
1785 19
1786 19
1787 19
1788 18
1789 18
1790 17
1791 17
1792 16
1793 15
1794 15
1795 14
1796 14
1797 13
1798 13
1799 13
1800 12
1801 12
1802 11
1803 11
1804 10
1805 9
1806 9
1807 8
1808 8
1809 7
1810 7
1811 7
1812 6
1813 6
1814 5
1815 5
1816 4
1817 3
1818 3
1819 2
1820 2
1821 1
1822 1
1823 0
1824 100
1825 100
1826 99
1827 99
1828 98
1829 98
1830 97
1831 97
1832 96
1833 95
1834 95
1835 95
1836 94
1837 93
1838 93
1839 93
1840 92
1841 91
1842 91
1843 90
1844 90
1845 90
1846 89
1847 89
1848 88
1849 88
1850 87
1851 86
1852 86
1853 85
1854 85
1855 85
1856 84
1857 83
1858 100
1859 100
1860 99
1861 99
1862 98
1863 98
1864 97
1865 97
1866 96
1867 95
1868 95
1869 95
1870 94
1871 93
1872 93
1873 93
1874 92
1875 91
1876 91
1877 90
1878 90
1879 90
1880 89
1881 89
1882 88
1883 88
1884 87
1885 86
1886 86
1887 85
1888 85
1889 85
1890 84
1891 83
1892 83
1893 82
1894 82
1895 82
1896 81
1897 80
1898 80
1899 80
1900 79
1901 79
1902 78
1903 77
1904 77
1905 77
1906 76
1907 75
1908 75
1909 75
1910 74
1911 73
1912 73
1913 72
1914 72
1915 72
1916 71
1917 70
1918 70
1919 69
1920 69
1921 69
1922 68
1923 67
1924 67
1925 66
1926 66
1927 66
1928 65
1929 64
1930 64
1931 63
1932 63
1933 63
1934 62
1935 62
1936 61
1937 60
1938 60
1939 60
1940 59
1941 59
1942 58
1943 57
1944 57
1945 57
1946 56
1947 56
1948 55
1949 54
1950 54
1951 54
1952 53
1953 53
1954 52
1955 51
1956 51
1957 50
1958 50
1959 50
1960 49
1961 49
1962 48
1963 48
1964 47
1965 46
1966 46
1967 45
1968 45
1969 44
1970 44
1971 44
1972 43
1973 43
1974 42
1975 42
1976 41
1977 40
1978 40
1979 39
1980 39
1981 38
1982 38
1983 38
1984 37
1985 37
1986 36
1987 36
1988 35
1989 34
1990 34
1991 33
1992 33
1993 32
1994 32
1995 32
1996 31
1997 31
1998 30
1999 30
2000 29
2001 28
2002 28
2003 27
2004 27
2005 26
2006 26
2007 25
2008 25
2009 25
2010 24
2011 24
2012 23
2013 23
2014 22
2015 21
2016 21
2017 20
2018 20
2019 19
2020 19
2021 19
2022 18
2023 18
2024 17
2025 17
2026 16
2027 15
2028 15
2029 14
2030 14
2031 13
2032 13
2033 13
2034 12
2035 12
2036 11
2037 11
2038 10
2039 9
2040 9
2041 8
2042 8
2043 7
2044 7
2045 7
2046 6
2047 6
2048 5
2049 5
2050 4
2051 3
2052 3
2053 2
2054 2
2055 1
2056 1
2057 0
2058 100
2059 100
2060 99
2061 99
2062 98
2063 98
2064 97
2065 97
2066 96
2067 95
2068 95
2069 95
2070 94
2071 93
2072 93
2073 93
2074 92
2075 91
2076 91
2077 90
2078 90
2079 90
2080 89
2081 89
2082 88
2083 88
2084 87
2085 86
2086 86
2087 85
2088 85
2089 85
2090 84
2091 83
2092 83
2093 82
2094 82
2095 82
2096 81
2097 80
2098 80
2099 80
2100 79
2101 79
2102 78
2103 77
2104 77
2105 77
2106 76
2107 75
2108 75
2109 75
2110 74
2111 73
2112 73
2113 72
2114 72
2115 72
2116 71
2117 70
2118 70
2119 69
2120 69
2121 69
2122 68
2123 67
2124 67
2125 66
2126 66
2127 66
2128 65
2129 64
2130 64
2131 63
2132 63
2133 63
2134 62
2135 62
2136 61
2137 60
2138 60
2139 60
2140 59
2141 59
2142 58
2143 57
2144 57
2145 57
2146 56
2147 56
2148 55
2149 54
2150 54
2151 54
2152 53
2153 53
2154 52
2155 51
2156 51
2157 50
2158 50
2159 50
2160 49
2161 49
2162 48
2163 48
2164 47
2165 46
2166 46
2167 45
2168 45
2169 44
2170 44
2171 44
2172 43
2173 43
2174 42
2175 42
2176 41
2177 40
2178 40
2179 39
2180 39
2181 38
2182 38
2183 38
2184 37
2185 37
2186 36
2187 36
2188 35
2189 34
2190 34
2191 33
2192 33
2193 32
2194 32
2195 32
2196 31
2197 31
2198 30
2199 30
2200 29
2201 28
2202 28
2203 27
2204 27
2205 26
2206 26
2207 25
2208 25
2209 25
2210 24
2211 24
2212 23
2213 23
2214 22
2215 21
2216 21
2217 20
2218 20
2219 19
2220 19
2221 19
2222 18
2223 18
2224 17
2225 17
2226 16
2227 15
2228 15
2229 14
2230 14
2231 13
2232 13
2233 13
2234 12
2235 12
2236 11
2237 11
2238 10
2239 9
2240 9
2241 8
2242 8
2243 7
2244 7
2245 7
2246 6
2247 6
2248 5
2249 5
2250 4
2251 3
2252 3
2253 2
2254 2
2255 1
2256 1
2257 0
2258 100
2259 100
2260 99
2261 99
2262 98
2263 98
2264 97
2265 97
2266 96
2267 95
2268 95
2269 95
2270 94
2271 93
2272 93
2273 93
2274 92
2275 91
2276 91
2277 90
2278 90
2279 90
2280 89
2281 89
2282 88
2283 88
2284 87
2285 86
2286 86
2287 85
2288 85
2289 85
2290 84
2291 83
2292 83
2293 82
2294 82
2295 82
2296 81
2297 80
2298 80
2299 80
2300 79
2301 79
2302 78
2303 77
2304 77
2305 77
2306 76
2307 75
2308 75
2309 75
2310 74
2311 73
2312 73
2313 72
2314 72
2315 72
2316 71
2317 70
2318 70
2319 69
2320 69
2321 69
2322 68
2323 67
2324 67
2325 66
2326 66
2327 66
2328 65
2329 64
2330 64
2331 63
2332 63
2333 63
2334 62
2335 62
2336 61
2337 60
2338 60
2339 60
2340 59
2341 59
2342 58
2343 57
2344 57
2345 57
2346 56
2347 56
2348 55
2349 54
2350 54
2351 54
2352 53
2353 53
2354 52
2355 51
2356 51
2357 50
2358 50
2359 50
2360 49
2361 49
2362 48
2363 48
2364 47
2365 46
2366 46
2367 45
2368 45
2369 44
2370 44
2371 44
2372 43
2373 43
2374 42
2375 42
2376 41
2377 40
2378 40
2379 39
2380 39
2381 38
2382 38
2383 38
2384 37
2385 37
2386 36
2387 36
2388 35
2389 34
2390 34
2391 33
2392 33
2393 32
2394 32
2395 32
2396 31
2397 31
2398 30
2399 30
2400 29
2401 28
2402 28
2403 27
2404 27
2405 26
2406 26
2407 25
2408 25
2409 25
2410 24
2411 24
2412 23
2413 23
2414 22
2415 21
2416 21
2417 20
2418 20
2419 19
2420 19
2421 19
2422 18
2423 18
2424 17
2425 17
2426 16
2427 15
2428 15
2429 14
2430 14
2431 13
2432 13
2433 13
2434 12
2435 12
2436 11
2437 11
2438 10
2439 9
2440 9
2441 8
2442 8
2443 7
2444 7
2445 7
2446 6
2447 6
2448 5
2449 5
2450 4
2451 3
2452 3
2453 2
2454 2
2455 1
2456 1
2457 0
2458 100
2459 100
2460 99
2461 99
2462 98
2463 98
2464 97
2465 97
2466 96
2467 95
2468 95
2469 95
2470 94
2471 93
2472 93
2473 93
2474 92
2475 91
2476 91
2477 90
2478 90
2479 90
2480 89
2481 89
2482 88
2483 88
2484 87
2485 86
2486 86
2487 85
2488 85
2489 85
2490 84
2491 83
2492 83
2493 82
2494 82
2495 82
2496 81
2497 80
2498 80
2499 80
2500 79
2501 79
2502 78
2503 77
2504 77
2505 77
2506 76
2507 75
2508 75
2509 75
2510 74
2511 73
2512 73
2513 72
2514 72
2515 72
2516 71
2517 70
2518 70
2519 69
2520 69
2521 69
2522 68
2523 67
2524 67
2525 66
2526 66
2527 66
2528 65
2529 64
2530 64
2531 63
2532 63
2533 63
2534 62
2535 62
2536 61
2537 60
2538 60
2539 60
2540 59
2541 59
2542 58
2543 57
2544 57
2545 57
2546 56
2547 56
2548 55
2549 54
2550 54
2551 54
2552 53
2553 53
2554 52
2555 51
2556 51
2557 50
2558 50
2559 50
2560 49
2561 49
2562 48
2563 48
2564 47
2565 46
2566 46
2567 45
2568 45
2569 44
2570 44
2571 44
2572 43
2573 43
2574 42
2575 42
2576 41
2577 40
2578 40
2579 39
2580 39
2581 38
2582 38
2583 38
2584 37
2585 37
2586 36
2587 36
2588 35
2589 34
2590 34
2591 33
2592 33
2593 32
2594 32
2595 32
2596 31
2597 31
2598 30
2599 30
2600 29
2601 28
2602 28
2603 27
2604 27
2605 26
2606 26
2607 25
2608 25
2609 25
2610 24
2611 24
2612 23
2613 23
2614 22
2615 21
2616 21
2617 20
2618 20
2619 19
2620 19
2621 19
2622 18
2623 18
2624 17
2625 17
2626 16
2627 15
2628 15
2629 14
2630 14
2631 13
2632 13
2633 13
2634 12
2635 12
2636 11
2637 11
2638 10
2639 9
2640 9
2641 8
2642 8
2643 7
2644 7
2645 7
2646 6
2647 6
2648 5
2649 5
2650 4
2651 3
2652 3
2653 2
2654 2
2655 1
2656 1
2657 0
