1 0.00443361 0.000157086 1.79769e+308 1.79769e+308 inf inf
2 0.000194502 0.000120915 1.79769e+308 1.79769e+308 inf inf
3 0.00485327 0.000146007 0.000120915 0.000350177 6.90018 11.7426
4 0.00021608 0.000102288 0.000120915 0.000350177 6.90018 11.7426
5 0.000120873 0.000126032 0.000102288 0.000339495 6.34646 11.5621
6 0.00236024 0.000163068 0.000126032 0.000214587 7.04468 9.19225
7 0.000173908 6.22976e-05 0.000126032 0.000214587 7.04468 9.19225
8 0.000969148 0.000140076 6.22976e-05 0.000283156 4.95286 10.5592
9 0.000167903 5.99802e-05 6.22976e-05 0.000283156 4.95286 10.5592
10 0.000125624 5.60016e-05 5.99802e-05 0.000259647 4.85986 10.1114
11 0.000102786 0.000129136 5.60016e-05 0.000196839 4.69592 8.80392
12 8.87466e-05 8.4965e-05 5.60016e-05 0.000196839 4.69592 8.80392
13 0.000129793 7.31607e-05 5.60016e-05 0.000196839 4.69592 8.80392
14 8.10528e-05 9.59141e-05 5.60016e-05 0.000196839 4.69592 8.80392
15 7.35597e-05 2.83379e-05 5.60016e-05 0.000196839 4.69592 8.80392
16 7.3935e-05 0.000100239 2.83379e-05 0.000123003 3.34044 6.9595
17 0.000152413 6.34698e-05 2.83379e-05 0.000123003 3.34044 6.9595
18 7.66699e-05 6.15747e-05 2.83379e-05 0.000123003 3.34044 6.9595
19 7.01546e-05 9.59123e-05 2.83379e-05 0.000123003 3.34044 6.9595
20 0.000131595 3.08457e-05 2.83379e-05 0.000123003 3.34044 6.9595
21 6.6063e-05 4.90304e-05 2.83379e-05 0.000123003 3.34044 6.9595
22 6.16726e-05 3.47624e-05 2.83379e-05 0.000123003 3.34044 6.9595
23 5.9092e-05 0.000471286 3.47624e-05 9.77093e-05 3.69977 6.20281
24 6.15921e-05 4.10881e-05 3.47624e-05 9.77093e-05 3.69977 6.20281
25 5.48702e-05 7.79691e-05 3.47624e-05 9.77093e-05 3.69977 6.20281
26 6.27477e-05 2.01097e-05 3.47624e-05 9.77093e-05 3.69977 6.20281
27 4.39164e-05 2.55551e-05 2.01097e-05 8.71973e-05 2.81399 5.85965
28 6.84788e-05 6.27307e-05 2.01097e-05 8.71973e-05 2.81399 5.85965
29 5.62011e-05 1.8861e-05 2.01097e-05 8.71973e-05 2.81399 5.85965
30 4.19585e-05 1.98999e-05 1.8861e-05 8.01632e-05 2.72523 5.61834
31 0.000120869 2.24736e-05 1.98999e-05 7.76263e-05 2.79928 5.52872
32 3.91276e-05 2.19531e-05 1.98999e-05 7.76263e-05 2.79928 5.52872
33 6.68535e-05 2.30308e-05 1.98999e-05 7.76263e-05 2.79928 5.52872
34 3.6562e-05 4.74662e-05 1.98999e-05 7.76263e-05 2.79928 5.52872
35 4.32235e-05 1.86322e-05 1.98999e-05 7.76263e-05 2.79928 5.52872
36 5.72583e-05 1.70692e-05 1.86322e-05 7.3341e-05 2.70865 5.37395
37 7.70474e-05 2.04216e-05 1.70692e-05 7.24874e-05 2.59255 5.34258
38 3.4603e-05 1.69455e-05 1.70692e-05 7.24874e-05 2.59255 5.34258
39 4.65396e-05 2.54416e-05 1.69455e-05 7.18933e-05 2.58314 5.32065
40 5.69077e-05 1.88571e-05 1.69455e-05 7.18933e-05 2.58314 5.32065
41 3.06797e-05 1.90626e-05 1.69455e-05 7.18933e-05 2.58314 5.32065
42 4.35453e-05 1.87626e-05 1.90626e-05 6.75114e-05 2.73975 5.15595
43 3.82187e-05 1.65958e-05 1.87626e-05 6.80987e-05 2.71811 5.17833
44 3.98406e-05 7.31279e-05 1.65958e-05 6.68751e-05 2.55634 5.1316
45 4.50438e-05 1.55261e-05 1.65958e-05 6.68751e-05 2.55634 5.1316
46 6.31963e-05 2.0439e-05 1.55261e-05 6.53904e-05 2.47259 5.07432
47 3.69067e-05 0.00017246 1.55261e-05 6.53904e-05 2.47259 5.07432
48 3.66437e-05 6.15462e-05 1.55261e-05 6.53904e-05 2.47259 5.07432
49 3.83938e-05 2.70856e-05 1.55261e-05 6.53904e-05 2.47259 5.07432
50 9.05029e-05 1.67174e-05 1.55261e-05 6.53904e-05 2.47259 5.07432
51 3.44824e-05 1.60804e-05 1.55261e-05 6.53904e-05 2.47259 5.07432
52 3.47741e-05 1.71758e-05 1.55261e-05 6.53904e-05 2.47259 5.07432
53 3.4555e-05 0.000136112 1.55261e-05 6.53904e-05 2.47259 5.07432
54 3.9058e-05 5.92877e-05 1.55261e-05 6.53904e-05 2.47259 5.07432
55 5.37096e-05 2.31252e-05 1.55261e-05 6.53904e-05 2.47259 5.07432
56 7.99755e-05 1.77916e-05 1.55261e-05 6.53904e-05 2.47259 5.07432
57 2.8195e-05 3.30178e-05 1.55261e-05 6.53904e-05 2.47259 5.07432
58 5.11234e-05 1.49277e-05 1.55261e-05 6.53904e-05 2.47259 5.07432
59 2.86093e-05 3.65487e-05 1.49277e-05 6.50516e-05 2.42447 5.06115
60 3.21525e-05 4.10483e-05 1.49277e-05 6.50516e-05 2.42447 5.06115
61 3.45638e-05 9.16478e-05 1.49277e-05 6.50516e-05 2.42447 5.06115
62 3.71698e-05 2.03503e-05 1.49277e-05 6.50516e-05 2.42447 5.06115
63 3.44958e-05 5.55816e-05 1.49277e-05 6.50516e-05 2.42447 5.06115
64 3.5804e-05 3.29706e-05 1.49277e-05 6.50516e-05 2.42447 5.06115
65 4.01619e-05 1.39105e-05 1.49277e-05 6.50516e-05 2.42447 5.06115
66 5.83286e-05 1.62845e-05 1.39105e-05 5.87507e-05 2.3404 4.8098
67 2.4205e-05 1.62396e-05 1.39105e-05 5.87507e-05 2.3404 4.8098
68 4.78334e-05 1.43791e-05 1.39105e-05 5.87507e-05 2.3404 4.8098
69 2.84334e-05 2.04695e-05 1.39105e-05 5.87507e-05 2.3404 4.8098
70 9.22513e-05 1.73612e-05 1.39105e-05 5.87507e-05 2.3404 4.8098
71 3.03713e-05 1.96519e-05 1.39105e-05 5.87507e-05 2.3404 4.8098
72 4.11864e-05 1.3826e-05 1.39105e-05 5.87507e-05 2.3404 4.8098
73 2.77132e-05 4.10021e-05 1.3826e-05 5.80333e-05 2.33329 4.78034
74 4.75492e-05 1.63521e-05 1.3826e-05 5.80333e-05 2.33329 4.78034
75 3.42183e-05 1.46432e-05 1.3826e-05 5.80333e-05 2.33329 4.78034
76 2.86256e-05 1.31738e-05 1.3826e-05 5.80333e-05 2.33329 4.78034
77 3.04637e-05 2.47893e-05 1.31738e-05 5.64012e-05 2.27759 4.71264
78 3.05918e-05 1.55921e-05 1.31738e-05 5.64012e-05 2.27759 4.71264
79 4.408e-05 1.42956e-05 1.31738e-05 5.64012e-05 2.27759 4.71264
80 2.35314e-05 3.5884e-05 1.31738e-05 5.64012e-05 2.27759 4.71264
81 4.03598e-05 9.68992e-05 1.31738e-05 5.64012e-05 2.27759 4.71264
82 3.68041e-05 1.38933e-05 1.31738e-05 5.64012e-05 2.27759 4.71264
83 2.44467e-05 1.60464e-05 1.31738e-05 5.64012e-05 2.27759 4.71264
84 5.34986e-05 1.54691e-05 1.31738e-05 5.64012e-05 2.27759 4.71264
85 3.33576e-05 1.26562e-05 1.31738e-05 5.64012e-05 2.27759 4.71264
86 2.51432e-05 1.8471e-05 1.26562e-05 5.46573e-05 2.2324 4.63922
87 4.52165e-05 2.00355e-05 1.26562e-05 5.46573e-05 2.2324 4.63922
88 6.96911e-05 3.33515e-05 1.26562e-05 5.46573e-05 2.2324 4.63922
89 2.41442e-05 1.69241e-05 1.26562e-05 5.46573e-05 2.2324 4.63922
90 8.96884e-05 1.8789e-05 1.26562e-05 5.46573e-05 2.2324 4.63922
91 2.09511e-05 2.32512e-05 1.26562e-05 5.46573e-05 2.2324 4.63922
92 2.63296e-05 1.9122e-05 1.26562e-05 5.46573e-05 2.2324 4.63922
93 4.88482e-05 1.36689e-05 1.26562e-05 5.46573e-05 2.2324 4.63922
94 3.04245e-05 0.0015053 1.26562e-05 5.46573e-05 2.2324 4.63922
95 2.47086e-05 7.58357e-05 1.26562e-05 5.46573e-05 2.2324 4.63922
96 3.23419e-05 1.76266e-05 1.26562e-05 5.46573e-05 2.2324 4.63922
97 2.71814e-05 3.82511e-05 1.26562e-05 5.46573e-05 2.2324 4.63922
98 2.79775e-05 1.49188e-05 1.26562e-05 5.46573e-05 2.2324 4.63922
99 8.01844e-05 3.33345e-05 1.26562e-05 5.46573e-05 2.2324 4.63922
100 2.71964e-05 2.04274e-05 1.26562e-05 5.46573e-05 2.2324 4.63922
101 4.55364e-05 1.31308e-05 1.26562e-05 5.46573e-05 2.2324 4.63922
102 2.58796e-05 1.62668e-05 1.26562e-05 5.46573e-05 2.2324 4.63922
103 3.34114e-05 1.26305e-05 1.26562e-05 5.46573e-05 2.2324 4.63922
104 3.60002e-05 1.52012e-05 1.26305e-05 5.33056e-05 2.23013 4.58149
105 2.42535e-05 1.30226e-05 1.26305e-05 5.33056e-05 2.23013 4.58149
106 5.94147e-05 3.63022e-05 1.26305e-05 5.33056e-05 2.23013 4.58149
107 2.73795e-05 1.25822e-05 1.26305e-05 5.33056e-05 2.23013 4.58149
108 4.85789e-05 1.67271e-05 1.25822e-05 5.33653e-05 2.22587 4.58405
109 1.98868e-05 1.6447e-05 1.25822e-05 5.33653e-05 2.22587 4.58405
110 2.6895e-05 1.32176e-05 1.25822e-05 5.33653e-05 2.22587 4.58405
111 3.80159e-05 1.35413e-05 1.25822e-05 5.33653e-05 2.22587 4.58405
112 2.45061e-05 1.33372e-05 1.25822e-05 5.33653e-05 2.22587 4.58405
113 9.13605e-05 1.55338e-05 1.25822e-05 5.33653e-05 2.22587 4.58405
114 2.54734e-05 1.24322e-05 1.25822e-05 5.33653e-05 2.22587 4.58405
115 7.53082e-05 1.72218e-05 1.24322e-05 5.21707e-05 2.21255 4.53246
116 1.92811e-05 1.22234e-05 1.24322e-05 5.21707e-05 2.21255 4.53246
117 4.07679e-05 1.65533e-05 1.22234e-05 5.24559e-05 2.1939 4.54483
118 2.10114e-05 1.42811e-05 1.22234e-05 5.24559e-05 2.1939 4.54483
119 5.97555e-05 1.294e-05 1.22234e-05 5.24559e-05 2.1939 4.54483
120 2.08882e-05 1.28592e-05 1.22234e-05 5.24559e-05 2.1939 4.54483
121 4.72655e-05 1.40602e-05 1.22234e-05 5.24559e-05 2.1939 4.54483
122 2.33943e-05 2.68261e-05 1.22234e-05 5.24559e-05 2.1939 4.54483
123 3.1261e-05 1.77157e-05 1.22234e-05 5.24559e-05 2.1939 4.54483
124 3.15422e-05 2.92565e-05 1.22234e-05 5.24559e-05 2.1939 4.54483
125 5.33095e-05 1.47652e-05 1.22234e-05 5.24559e-05 2.1939 4.54483
126 1.90072e-05 2.64909e-05 1.22234e-05 5.24559e-05 2.1939 4.54483
127 3.82448e-05 1.41422e-05 1.22234e-05 5.24559e-05 2.1939 4.54483
128 2.19004e-05 1.86891e-05 1.22234e-05 5.24559e-05 2.1939 4.54483
129 3.00246e-05 3.02064e-05 1.22234e-05 5.24559e-05 2.1939 4.54483
130 6.77362e-05 1.53257e-05 1.22234e-05 5.24559e-05 2.1939 4.54483
131 1.92968e-05 1.24836e-05 1.22234e-05 5.24559e-05 2.1939 4.54483
132 4.23326e-05 1.42003e-05 1.24836e-05 5.14869e-05 2.21712 4.50266
133 2.03242e-05 1.54126e-05 1.24836e-05 5.14869e-05 2.21712 4.50266
134 2.90228e-05 4.09488e-05 1.24836e-05 5.14869e-05 2.21712 4.50266
135 5.78758e-05 1.38454e-05 1.24836e-05 5.14869e-05 2.21712 4.50266
136 1.98386e-05 2.64065e-05 1.24836e-05 5.14869e-05 2.21712 4.50266
137 3.56009e-05 1.67434e-05 1.24836e-05 5.14869e-05 2.21712 4.50266
138 2.23345e-05 1.32474e-05 1.24836e-05 5.14869e-05 2.21712 4.50266
139 5.22521e-05 2.08775e-05 1.24836e-05 5.14869e-05 2.21712 4.50266
140 2.30142e-05 7.0381e-05 1.24836e-05 5.14869e-05 2.21712 4.50266
141 2.84602e-05 1.81485e-05 1.24836e-05 5.14869e-05 2.21712 4.50266
142 2.98095e-05 1.20911e-05 1.24836e-05 5.14869e-05 2.21712 4.50266
143 7.90368e-05 2.53562e-05 1.20911e-05 5.06401e-05 2.18199 4.46547
144 1.95907e-05 1.89816e-05 1.20911e-05 5.06401e-05 2.18199 4.46547
145 2.30192e-05 5.81607e-05 1.20911e-05 5.06401e-05 2.18199 4.46547
146 7.45505e-05 5.77109e-05 1.20911e-05 5.06401e-05 2.18199 4.46547
147 2.32907e-05 1.33826e-05 1.20911e-05 5.06401e-05 2.18199 4.46547
148 7.02742e-05 1.24579e-05 1.20911e-05 5.06401e-05 2.18199 4.46547
149 2.34136e-05 1.40257e-05 1.20911e-05 5.06401e-05 2.18199 4.46547
150 5.84243e-05 1.31313e-05 1.20911e-05 5.06401e-05 2.18199 4.46547
151 2.34385e-05 1.20246e-05 1.20911e-05 5.06401e-05 2.18199 4.46547
152 2.40651e-05 2.34647e-05 1.20246e-05 5.07147e-05 2.17599 4.46876
153 4.1208e-05 1.25947e-05 1.20246e-05 5.07147e-05 2.17599 4.46876
154 6.32808e-05 2.07088e-05 1.20246e-05 5.07147e-05 2.17599 4.46876
155 2.03233e-05 1.51057e-05 1.20246e-05 5.07147e-05 2.17599 4.46876
156 2.90444e-05 1.14559e-05 1.20246e-05 5.07147e-05 2.17599 4.46876
157 2.15031e-05 1.20728e-05 1.14559e-05 5.02393e-05 2.1239 4.44777
158 3.06432e-05 1.23819e-05 1.14559e-05 5.02393e-05 2.1239 4.44777
159 1.85956e-05 2.74965e-05 1.14559e-05 5.02393e-05 2.1239 4.44777
160 2.69222e-05 2.0259e-05 1.14559e-05 5.02393e-05 2.1239 4.44777
161 3.01547e-05 1.36797e-05 1.14559e-05 5.02393e-05 2.1239 4.44777
162 5.20257e-05 4.47507e-05 1.14559e-05 5.02393e-05 2.1239 4.44777
163 1.7414e-05 1.26641e-05 1.14559e-05 5.02393e-05 2.1239 4.44777
164 2.18477e-05 5.52273e-05 1.14559e-05 5.02393e-05 2.1239 4.44777
165 0.000135186 3.09544e-05 1.14559e-05 5.02393e-05 2.1239 4.44777
166 3.00625e-05 2.97521e-05 1.14559e-05 5.02393e-05 2.1239 4.44777
167 2.84422e-05 5.23807e-05 1.14559e-05 5.02393e-05 2.1239 4.44777
168 4.13813e-05 1.9891e-05 1.14559e-05 5.02393e-05 2.1239 4.44777
169 2.32246e-05 1.56033e-05 1.14559e-05 5.02393e-05 2.1239 4.44777
170 3.43297e-05 1.33729e-05 1.14559e-05 5.02393e-05 2.1239 4.44777
171 3.52784e-05 1.18365e-05 1.14559e-05 5.02393e-05 2.1239 4.44777
172 1.97813e-05 7.27569e-05 1.14559e-05 5.02393e-05 2.1239 4.44777
173 6.5092e-05 1.32568e-05 1.14559e-05 5.02393e-05 2.1239 4.44777
174 2.22415e-05 1.78246e-05 1.14559e-05 5.02393e-05 2.1239 4.44777
175 7.74881e-05 1.5538e-05 1.14559e-05 5.02393e-05 2.1239 4.44777
176 2.098e-05 2.12628e-05 1.14559e-05 5.02393e-05 2.1239 4.44777
177 4.44675e-05 1.25104e-05 1.14559e-05 5.02393e-05 2.1239 4.44777
178 1.89725e-05 1.31406e-05 1.14559e-05 5.02393e-05 2.1239 4.44777
179 3.73188e-05 2.65954e-05 1.14559e-05 5.02393e-05 2.1239 4.44777
180 2.20124e-05 1.50257e-05 1.14559e-05 5.02393e-05 2.1239 4.44777
181 5.96973e-05 2.75161e-05 1.14559e-05 5.02393e-05 2.1239 4.44777
182 2.20301e-05 1.64782e-05 1.14559e-05 5.02393e-05 2.1239 4.44777
183 7.36666e-05 1.3485e-05 1.14559e-05 5.02393e-05 2.1239 4.44777
184 2.14333e-05 1.4489e-05 1.14559e-05 5.02393e-05 2.1239 4.44777
185 2.82512e-05 1.32842e-05 1.14559e-05 5.02393e-05 2.1239 4.44777
186 2.164e-05 9.84346e-05 1.14559e-05 5.02393e-05 2.1239 4.44777
187 6.10301e-05 1.36489e-05 1.14559e-05 5.02393e-05 2.1239 4.44777
188 2.20866e-05 3.43918e-05 1.14559e-05 5.02393e-05 2.1239 4.44777
189 5.21213e-05 2.16442e-05 1.14559e-05 5.02393e-05 2.1239 4.44777
190 2.13201e-05 1.44438e-05 1.14559e-05 5.02393e-05 2.1239 4.44777
191 2.49356e-05 3.32473e-05 1.14559e-05 5.02393e-05 2.1239 4.44777
192 2.17698e-05 1.28251e-05 1.14559e-05 5.02393e-05 2.1239 4.44777
193 3.37266e-05 2.00322e-05 1.14559e-05 5.02393e-05 2.1239 4.44777
194 2.0786e-05 1.39754e-05 1.14559e-05 5.02393e-05 2.1239 4.44777
195 3.46936e-05 2.17188e-05 1.14559e-05 5.02393e-05 2.1239 4.44777
196 4.07727e-05 1.18292e-05 1.14559e-05 5.02393e-05 2.1239 4.44777
197 1.02854e-05 1.11254e-05 1.14559e-05 5.02393e-05 2.1239 4.44777
198 1.20207e-05 1.90155e-05 1.11254e-05 4.74148e-05 2.09304 4.32093
199 1.19534e-05 1.10727e-05 1.11254e-05 4.74148e-05 2.09304 4.32093
200 1.20118e-05 1.24068e-05 1.10727e-05 4.64361e-05 2.08808 4.2761
201 1.21488e-05 1.0657e-05 1.10727e-05 4.64361e-05 2.08808 4.2761
202 1.18314e-05 1.50464e-05 1.0657e-05 4.58108e-05 2.04851 4.24722
203 1.20214e-05 1.11543e-05 1.0657e-05 4.58108e-05 2.04851 4.24722
204 1.19482e-05 1.07581e-05 1.0657e-05 4.58108e-05 2.04851 4.24722
205 1.20378e-05 2.18907e-05 1.07581e-05 4.53476e-05 2.0582 4.22569
206 1.21876e-05 1.14857e-05 1.07581e-05 4.53476e-05 2.0582 4.22569
207 1.20282e-05 1.48636e-05 1.07581e-05 4.53476e-05 2.0582 4.22569
208 1.20115e-05 1.30738e-05 1.07581e-05 4.53476e-05 2.0582 4.22569
209 1.21599e-05 1.04822e-05 1.07581e-05 4.53476e-05 2.0582 4.22569
210 1.19365e-05 1.24991e-05 1.04822e-05 4.46308e-05 2.03164 4.19216
211 1.18778e-05 1.20668e-05 1.04822e-05 4.46308e-05 2.03164 4.19216
212 1.22839e-05 1.07947e-05 1.04822e-05 4.46308e-05 2.03164 4.19216
213 1.17727e-05 1.1896e-05 1.04822e-05 4.46308e-05 2.03164 4.19216
214 1.19961e-05 1.3751e-05 1.04822e-05 4.46308e-05 2.03164 4.19216
215 1.22088e-05 1.06278e-05 1.04822e-05 4.46308e-05 2.03164 4.19216
216 1.20833e-05 1.08441e-05 1.06278e-05 4.40869e-05 2.0457 4.16654
217 1.19149e-05 1.82125e-05 1.06278e-05 4.40869e-05 2.0457 4.16654
218 1.20629e-05 1.25744e-05 1.06278e-05 4.40869e-05 2.0457 4.16654
219 1.20855e-05 1.06998e-05 1.06278e-05 4.40869e-05 2.0457 4.16654
220 1.23364e-05 1.37697e-05 1.06278e-05 4.40869e-05 2.0457 4.16654
221 1.1855e-05 1.04998e-05 1.06278e-05 4.40869e-05 2.0457 4.16654
222 1.22734e-05 1.34482e-05 1.04998e-05 4.37945e-05 2.03335 4.1527
223 1.19275e-05 1.54925e-05 1.04998e-05 4.37945e-05 2.03335 4.1527
224 1.21197e-05 1.18141e-05 1.04998e-05 4.37945e-05 2.03335 4.1527
225 1.20307e-05 2.45022e-05 1.04998e-05 4.37945e-05 2.03335 4.1527
226 1.20526e-05 1.10224e-05 1.04998e-05 4.37945e-05 2.03335 4.1527
227 1.20218e-05 1.11771e-05 1.04998e-05 4.37945e-05 2.03335 4.1527
228 1.2194e-05 1.22573e-05 1.04998e-05 4.37945e-05 2.03335 4.1527
229 1.19726e-05 2.11284e-05 1.04998e-05 4.37945e-05 2.03335 4.1527
230 1.20787e-05 1.03836e-05 1.04998e-05 4.37945e-05 2.03335 4.1527
231 1.20053e-05 1.07201e-05 1.03836e-05 4.32833e-05 2.02207 4.12839
232 1.20272e-05 1.14936e-05 1.03836e-05 4.32833e-05 2.02207 4.12839
233 1.21001e-05 1.47737e-05 1.03836e-05 4.32833e-05 2.02207 4.12839
234 1.21473e-05 1.2652e-05 1.03836e-05 4.32833e-05 2.02207 4.12839
235 1.19081e-05 1.17059e-05 1.03836e-05 4.32833e-05 2.02207 4.12839
236 1.20455e-05 1.10606e-05 1.03836e-05 4.32833e-05 2.02207 4.12839
237 1.23871e-05 1.09896e-05 1.03836e-05 4.32833e-05 2.02207 4.12839
238 1.16757e-05 1.38351e-05 1.03836e-05 4.32833e-05 2.02207 4.12839
239 1.20474e-05 1.028e-05 1.03836e-05 4.32833e-05 2.02207 4.12839
240 1.23402e-05 1.01757e-05 1.028e-05 4.26972e-05 2.01194 4.10034
241 1.18349e-05 1.62422e-05 1.01757e-05 4.26122e-05 2.00172 4.09626
242 1.20912e-05 1.07303e-05 1.01757e-05 4.26122e-05 2.00172 4.09626
243 1.2055e-05 1.41524e-05 1.01757e-05 4.26122e-05 2.00172 4.09626
244 1.21985e-05 1.24218e-05 1.01757e-05 4.26122e-05 2.00172 4.09626
245 1.19842e-05 1.17537e-05 1.01757e-05 4.26122e-05 2.00172 4.09626
246 1.23751e-05 1.0712e-05 1.01757e-05 4.26122e-05 2.00172 4.09626
247 1.18669e-05 1.10059e-05 1.01757e-05 4.26122e-05 2.00172 4.09626
248 1.21949e-05 1.39804e-05 1.01757e-05 4.26122e-05 2.00172 4.09626
249 1.19775e-05 2.63571e-05 1.01757e-05 4.26122e-05 2.00172 4.09626
250 1.20017e-05 1.01594e-05 1.01757e-05 4.26122e-05 2.00172 4.09626
251 1.20397e-05 1.14536e-05 1.01594e-05 4.2321e-05 2.00011 4.08224
252 1.22455e-05 2.17471e-05 1.01594e-05 4.2321e-05 2.00011 4.08224
253 1.1986e-05 1.06717e-05 1.01594e-05 4.2321e-05 2.00011 4.08224
254 1.21074e-05 1.12197e-05 1.01594e-05 4.2321e-05 2.00011 4.08224
255 1.21112e-05 1.07893e-05 1.01594e-05 4.2321e-05 2.00011 4.08224
256 1.2058e-05 1.04094e-05 1.01594e-05 4.2321e-05 2.00011 4.08224
257 1.20987e-05 3.84229e-05 1.01594e-05 4.2321e-05 2.00011 4.08224
258 1.22499e-05 1.51866e-05 1.01594e-05 4.2321e-05 2.00011 4.08224
259 1.2081e-05 1.06578e-05 1.01594e-05 4.2321e-05 2.00011 4.08224
260 1.21859e-05 1.79464e-05 1.01594e-05 4.2321e-05 2.00011 4.08224
261 1.22358e-05 1.04344e-05 1.01594e-05 4.2321e-05 2.00011 4.08224
262 1.20868e-05 1.32194e-05 1.01594e-05 4.2321e-05 2.00011 4.08224
263 1.19785e-05 1.13228e-05 1.01594e-05 4.2321e-05 2.00011 4.08224
264 1.22613e-05 1.52855e-05 1.01594e-05 4.2321e-05 2.00011 4.08224
265 1.22391e-05 1.00422e-05 1.01594e-05 4.2321e-05 2.00011 4.08224
266 1.23245e-05 1.04755e-05 1.00422e-05 4.1504e-05 1.98855 4.04264
267 1.17962e-05 1.02872e-05 1.00422e-05 4.1504e-05 1.98855 4.04264
268 1.22864e-05 1.18018e-05 1.00422e-05 4.1504e-05 1.98855 4.04264
269 1.20927e-05 1.11654e-05 1.00422e-05 4.1504e-05 1.98855 4.04264
270 1.19653e-05 1.31275e-05 1.00422e-05 4.1504e-05 1.98855 4.04264
271 1.2025e-05 1.09343e-05 1.00422e-05 4.1504e-05 1.98855 4.04264
272 1.24288e-05 1.06777e-05 1.00422e-05 4.1504e-05 1.98855 4.04264
273 1.18407e-05 1.13796e-05 1.00422e-05 4.1504e-05 1.98855 4.04264
274 1.22903e-05 1.2463e-05 1.00422e-05 4.1504e-05 1.98855 4.04264
275 1.19002e-05 1.49771e-05 1.00422e-05 4.1504e-05 1.98855 4.04264
276 1.2044e-05 1.07019e-05 1.00422e-05 4.1504e-05 1.98855 4.04264
277 1.23076e-05 1.14284e-05 1.00422e-05 4.1504e-05 1.98855 4.04264
278 1.207e-05 1.28952e-05 1.00422e-05 4.1504e-05 1.98855 4.04264
279 1.21609e-05 1.22781e-05 1.00422e-05 4.1504e-05 1.98855 4.04264
280 1.20255e-05 1.87371e-05 1.00422e-05 4.1504e-05 1.98855 4.04264
281 1.22337e-05 2.12788e-05 1.00422e-05 4.1504e-05 1.98855 4.04264
282 1.22527e-05 1.1339e-05 1.00422e-05 4.1504e-05 1.98855 4.04264
283 1.23254e-05 1.08891e-05 1.00422e-05 4.1504e-05 1.98855 4.04264
284 1.204e-05 1.83725e-05 1.00422e-05 4.1504e-05 1.98855 4.04264
285 1.19504e-05 1.09371e-05 1.00422e-05 4.1504e-05 1.98855 4.04264
286 1.22614e-05 1.10991e-05 1.00422e-05 4.1504e-05 1.98855 4.04264
287 1.19739e-05 2.57557e-05 1.00422e-05 4.1504e-05 1.98855 4.04264
288 1.20585e-05 1.10976e-05 1.00422e-05 4.1504e-05 1.98855 4.04264
289 1.21483e-05 1.32067e-05 1.00422e-05 4.1504e-05 1.98855 4.04264
290 1.20644e-05 1.02839e-05 1.00422e-05 4.1504e-05 1.98855 4.04264
291 1.20702e-05 1.01733e-05 1.00422e-05 4.1504e-05 1.98855 4.04264
292 1.21511e-05 1.69458e-05 1.01733e-05 4.11845e-05 2.00148 4.02705
293 1.21149e-05 1.08117e-05 1.01733e-05 4.11845e-05 2.00148 4.02705
294 1.21045e-05 1.08683e-05 1.01733e-05 4.11845e-05 2.00148 4.02705
295 1.21223e-05 1.03433e-05 1.01733e-05 4.11845e-05 2.00148 4.02705
296 1.21748e-05 9.98964e-06 1.01733e-05 4.11845e-05 2.00148 4.02705
297 1.19545e-05 1.1373e-05 9.98964e-06 4.1195e-05 1.98333 4.02756
298 1.21156e-05 1.73124e-05 9.98964e-06 4.1195e-05 1.98333 4.02756
299 1.20936e-05 2.15093e-05 9.98964e-06 4.1195e-05 1.98333 4.02756
300 1.21716e-05 1.02944e-05 9.98964e-06 4.1195e-05 1.98333 4.02756
301 1.21354e-05 1.14713e-05 9.98964e-06 4.1195e-05 1.98333 4.02756
302 1.20839e-05 1.51286e-05 9.98964e-06 4.1195e-05 1.98333 4.02756
303 1.19926e-05 1.09499e-05 9.98964e-06 4.1195e-05 1.98333 4.02756
304 1.20772e-05 1.14676e-05 9.98964e-06 4.1195e-05 1.98333 4.02756
305 1.20355e-05 1.66155e-05 9.98964e-06 4.1195e-05 1.98333 4.02756
306 1.21559e-05 1.43173e-05 9.98964e-06 4.1195e-05 1.98333 4.02756
307 1.2027e-05 1.17742e-05 9.98964e-06 4.1195e-05 1.98333 4.02756
308 1.20693e-05 1.19412e-05 9.98964e-06 4.1195e-05 1.98333 4.02756
309 1.20394e-05 1.73087e-05 9.98964e-06 4.1195e-05 1.98333 4.02756
310 1.26433e-05 9.81533e-06 9.98964e-06 4.1195e-05 1.98333 4.02756
311 1.19233e-05 1.03675e-05 9.81533e-06 4.08446e-05 1.96595 4.0104
312 1.20577e-05 1.03863e-05 9.81533e-06 4.08446e-05 1.96595 4.0104
313 1.19914e-05 9.95888e-06 9.81533e-06 4.08446e-05 1.96595 4.0104
314 1.20755e-05 2.3901e-05 9.81533e-06 4.08446e-05 1.96595 4.0104
315 1.22132e-05 1.05235e-05 9.81533e-06 4.08446e-05 1.96595 4.0104
316 1.2223e-05 1.05069e-05 9.81533e-06 4.08446e-05 1.96595 4.0104
317 1.19605e-05 1.04091e-05 9.81533e-06 4.08446e-05 1.96595 4.0104
318 1.21975e-05 1.08298e-05 9.81533e-06 4.08446e-05 1.96595 4.0104
319 1.20417e-05 1.78971e-05 9.81533e-06 4.08446e-05 1.96595 4.0104
320 1.21647e-05 1.51536e-05 9.81533e-06 4.08446e-05 1.96595 4.0104
321 1.2037e-05 1.0355e-05 9.81533e-06 4.08446e-05 1.96595 4.0104
322 1.19945e-05 9.87393e-06 9.81533e-06 4.08446e-05 1.96595 4.0104
323 1.23199e-05 9.91533e-06 9.87393e-06 4.06312e-05 1.97181 3.99991
324 1.21649e-05 3.97942e-05 9.87393e-06 4.06312e-05 1.97181 3.99991
325 1.22491e-05 3.67082e-05 9.87393e-06 4.06312e-05 1.97181 3.99991
326 1.18952e-05 1.23293e-05 9.87393e-06 4.06312e-05 1.97181 3.99991
327 1.21282e-05 1.21719e-05 9.87393e-06 4.06312e-05 1.97181 3.99991
328 1.21309e-05 1.13202e-05 9.87393e-06 4.06312e-05 1.97181 3.99991
329 1.20374e-05 1.07744e-05 9.87393e-06 4.06312e-05 1.97181 3.99991
330 1.20698e-05 1.3864e-05 9.87393e-06 4.06312e-05 1.97181 3.99991
331 1.21561e-05 1.99171e-05 9.87393e-06 4.06312e-05 1.97181 3.99991
332 1.22162e-05 9.82286e-06 9.87393e-06 4.06312e-05 1.97181 3.99991
333 1.21577e-05 1.05135e-05 9.82286e-06 4.04752e-05 1.9667 3.99222
334 1.21731e-05 9.77809e-06 9.82286e-06 4.04752e-05 1.9667 3.99222
335 1.19985e-05 1.00492e-05 9.82286e-06 4.04752e-05 1.9667 3.99222
336 1.18974e-05 1.06604e-05 9.82286e-06 4.04752e-05 1.9667 3.99222
337 1.24708e-05 1.16729e-05 9.82286e-06 4.04752e-05 1.9667 3.99222
338 1.17449e-05 1.11877e-05 9.82286e-06 4.04752e-05 1.9667 3.99222
339 1.21318e-05 9.92403e-06 9.82286e-06 4.04752e-05 1.9667 3.99222
340 1.19951e-05 9.92431e-06 9.82286e-06 4.04752e-05 1.9667 3.99222
341 1.23883e-05 1.13681e-05 9.82286e-06 4.04752e-05 1.9667 3.99222
342 1.25455e-05 1.12769e-05 9.82286e-06 4.04752e-05 1.9667 3.99222
343 1.21725e-05 1.17501e-05 9.82286e-06 4.04752e-05 1.9667 3.99222
344 1.19701e-05 5.01049e-05 9.82286e-06 4.04752e-05 1.9667 3.99222
345 1.20534e-05 1.88783e-05 9.82286e-06 4.04752e-05 1.9667 3.99222
346 1.20398e-05 1.27443e-05 9.82286e-06 4.04752e-05 1.9667 3.99222
347 1.23894e-05 1.28483e-05 9.82286e-06 4.04752e-05 1.9667 3.99222
348 1.1985e-05 1.04117e-05 9.82286e-06 4.04752e-05 1.9667 3.99222
349 1.20855e-05 9.98472e-06 9.82286e-06 4.04752e-05 1.9667 3.99222
350 1.23483e-05 1.05146e-05 9.82286e-06 4.04752e-05 1.9667 3.99222
351 1.19287e-05 1.01684e-05 9.82286e-06 4.04752e-05 1.9667 3.99222
352 1.28396e-05 1.12633e-05 9.82286e-06 4.04752e-05 1.9667 3.99222
353 1.1363e-05 1.2866e-05 9.82286e-06 4.04752e-05 1.9667 3.99222
354 1.23582e-05 3.05759e-05 9.82286e-06 4.04752e-05 1.9667 3.99222
355 1.19558e-05 1.04707e-05 9.82286e-06 4.04752e-05 1.9667 3.99222
356 1.2053e-05 1.22212e-05 9.82286e-06 4.04752e-05 1.9667 3.99222
357 1.20235e-05 3.38259e-05 9.82286e-06 4.04752e-05 1.9667 3.99222
358 1.21515e-05 9.82592e-06 9.82286e-06 4.04752e-05 1.9667 3.99222
359 1.19546e-05 1.69666e-05 9.82592e-06 4.01324e-05 1.96701 3.97528
360 1.21537e-05 1.15705e-05 9.82592e-06 4.01324e-05 1.96701 3.97528
361 1.20457e-05 1.17524e-05 9.82592e-06 4.01324e-05 1.96701 3.97528
362 1.2466e-05 1.55218e-05 9.82592e-06 4.01324e-05 1.96701 3.97528
363 1.2307e-05 1.63581e-05 9.82592e-06 4.01324e-05 1.96701 3.97528
364 1.21329e-05 9.77294e-06 9.82592e-06 4.01324e-05 1.96701 3.97528
365 1.25027e-05 1.05991e-05 9.77294e-06 4.01302e-05 1.9617 3.97517
366 1.14893e-05 1.89021e-05 9.77294e-06 4.01302e-05 1.9617 3.97517
367 1.21126e-05 1.015e-05 9.77294e-06 4.01302e-05 1.9617 3.97517
368 1.23419e-05 1.32479e-05 9.77294e-06 4.01302e-05 1.9617 3.97517
369 1.19784e-05 1.1665e-05 9.77294e-06 4.01302e-05 1.9617 3.97517
370 1.20898e-05 1.03555e-05 9.77294e-06 4.01302e-05 1.9617 3.97517
371 1.19943e-05 9.70044e-06 9.77294e-06 4.01302e-05 1.9617 3.97517
372 1.20782e-05 1.88517e-05 9.70044e-06 4.00864e-05 1.95441 3.973
373 1.25706e-05 1.03265e-05 9.70044e-06 4.00864e-05 1.95441 3.973
374 1.21011e-05 1.07381e-05 9.70044e-06 4.00864e-05 1.95441 3.973
375 1.23011e-05 1.07328e-05 9.70044e-06 4.00864e-05 1.95441 3.973
376 1.20265e-05 3.79671e-05 9.70044e-06 4.00864e-05 1.95441 3.973
377 1.21269e-05 9.94878e-06 9.70044e-06 4.00864e-05 1.95441 3.973
378 1.23184e-05 9.92147e-06 9.70044e-06 4.00864e-05 1.95441 3.973
379 1.18227e-05 1.10369e-05 9.70044e-06 4.00864e-05 1.95441 3.973
380 1.21002e-05 1.12252e-05 9.70044e-06 4.00864e-05 1.95441 3.973
381 1.22246e-05 9.99107e-06 9.70044e-06 4.00864e-05 1.95441 3.973
382 1.18491e-05 1.11274e-05 9.70044e-06 4.00864e-05 1.95441 3.973
383 1.20125e-05 1.27698e-05 9.70044e-06 4.00864e-05 1.95441 3.973
384 1.2025e-05 1.14874e-05 9.70044e-06 4.00864e-05 1.95441 3.973
385 1.22838e-05 1.38941e-05 9.70044e-06 4.00864e-05 1.95441 3.973
386 1.17349e-05 1.10904e-05 9.70044e-06 4.00864e-05 1.95441 3.973
387 1.21162e-05 9.9921e-06 9.70044e-06 4.00864e-05 1.95441 3.973
388 1.22089e-05 9.96699e-06 9.70044e-06 4.00864e-05 1.95441 3.973
389 1.20912e-05 2.59533e-05 9.70044e-06 4.00864e-05 1.95441 3.973
390 1.19946e-05 1.82645e-05 9.70044e-06 4.00864e-05 1.95441 3.973
391 1.20303e-05 1.0025e-05 9.70044e-06 4.00864e-05 1.95441 3.973
392 1.23624e-05 1.05333e-05 9.70044e-06 4.00864e-05 1.95441 3.973
393 1.22665e-05 9.55053e-06 9.70044e-06 4.00864e-05 1.95441 3.973
394 1.17648e-05 1.0605e-05 9.55053e-06 3.95308e-05 1.93925 3.94537
395 1.1986e-05 9.79199e-06 9.55053e-06 3.95308e-05 1.93925 3.94537
396 1.25477e-05 9.68434e-06 9.55053e-06 3.95308e-05 1.93925 3.94537
397 1.17485e-05 1.85024e-05 9.55053e-06 3.95308e-05 1.93925 3.94537
398 1.21909e-05 9.66797e-06 9.55053e-06 3.95308e-05 1.93925 3.94537
399 1.23092e-05 1.04018e-05 9.55053e-06 3.95308e-05 1.93925 3.94537
400 1.17496e-05 1.47378e-05 9.55053e-06 3.95308e-05 1.93925 3.94537
401 1.20067e-05 2.30483e-05 9.55053e-06 3.95308e-05 1.93925 3.94537
402 1.20601e-05 2.1376e-05 9.55053e-06 3.95308e-05 1.93925 3.94537
403 1.21334e-05 9.91765e-06 9.55053e-06 3.95308e-05 1.93925 3.94537
404 1.19486e-05 9.94791e-06 9.55053e-06 3.95308e-05 1.93925 3.94537
405 1.21255e-05 1.25161e-05 9.55053e-06 3.95308e-05 1.93925 3.94537
406 1.21185e-05 9.94174e-06 9.55053e-06 3.95308e-05 1.93925 3.94537
407 1.24685e-05 9.68881e-06 9.55053e-06 3.95308e-05 1.93925 3.94537
408 1.20398e-05 1.01261e-05 9.55053e-06 3.95308e-05 1.93925 3.94537
409 1.17193e-05 1.29246e-05 9.55053e-06 3.95308e-05 1.93925 3.94537
410 1.22239e-05 1.4711e-05 9.55053e-06 3.95308e-05 1.93925 3.94537
411 1.19691e-05 2.52375e-05 9.55053e-06 3.95308e-05 1.93925 3.94537
412 1.23483e-05 1.72403e-05 9.55053e-06 3.95308e-05 1.93925 3.94537
413 1.19771e-05 9.88996e-06 9.55053e-06 3.95308e-05 1.93925 3.94537
414 1.20772e-05 1.12692e-05 9.55053e-06 3.95308e-05 1.93925 3.94537
415 1.23318e-05 1.09979e-05 9.55053e-06 3.95308e-05 1.93925 3.94537
416 1.19457e-05 1.07311e-05 9.55053e-06 3.95308e-05 1.93925 3.94537
417 1.19904e-05 4.4301e-05 9.55053e-06 3.95308e-05 1.93925 3.94537
418 1.20973e-05 1.07624e-05 9.55053e-06 3.95308e-05 1.93925 3.94537
419 1.20884e-05 1.11326e-05 9.55053e-06 3.95308e-05 1.93925 3.94537
420 1.2058e-05 1.2174e-05 9.55053e-06 3.95308e-05 1.93925 3.94537
421 1.20959e-05 1.02e-05 9.55053e-06 3.95308e-05 1.93925 3.94537
422 1.24246e-05 1.18672e-05 9.55053e-06 3.95308e-05 1.93925 3.94537
423 1.16833e-05 9.90074e-06 9.55053e-06 3.95308e-05 1.93925 3.94537
424 1.22817e-05 1.40903e-05 9.55053e-06 3.95308e-05 1.93925 3.94537
425 1.19163e-05 9.70849e-06 9.55053e-06 3.95308e-05 1.93925 3.94537
426 1.26292e-05 9.59982e-06 9.55053e-06 3.95308e-05 1.93925 3.94537
427 1.15528e-05 1.04516e-05 9.59982e-06 3.93129e-05 1.94425 3.93448
428 1.22194e-05 2.53285e-05 9.59982e-06 3.93129e-05 1.94425 3.93448
429 1.33001e-05 9.7407e-06 9.59982e-06 3.93129e-05 1.94425 3.93448
430 1.1805e-05 9.59909e-06 9.59982e-06 3.93129e-05 1.94425 3.93448
431 1.17174e-05 2.47188e-05 9.59982e-06 3.93129e-05 1.94425 3.93448
432 1.20777e-05 1.50947e-05 9.59982e-06 3.93129e-05 1.94425 3.93448
433 1.19494e-05 1.06136e-05 9.59982e-06 3.93129e-05 1.94425 3.93448
434 1.20084e-05 1.13198e-05 9.59982e-06 3.93129e-05 1.94425 3.93448
435 1.20079e-05 1.31147e-05 9.59982e-06 3.93129e-05 1.94425 3.93448
436 1.19925e-05 9.94323e-06 9.59982e-06 3.93129e-05 1.94425 3.93448
437 1.21459e-05 1.07408e-05 9.59982e-06 3.93129e-05 1.94425 3.93448
438 1.20484e-05 1.34781e-05 9.59982e-06 3.93129e-05 1.94425 3.93448
439 1.19209e-05 9.71271e-06 9.59982e-06 3.93129e-05 1.94425 3.93448
440 1.24234e-05 9.60128e-06 9.59982e-06 3.93129e-05 1.94425 3.93448
441 1.17391e-05 9.54417e-06 9.60128e-06 3.9234e-05 1.9444 3.93054
442 1.22021e-05 1.01966e-05 9.54417e-06 3.92183e-05 1.93861 3.92975
443 1.1868e-05 1.11779e-05 9.54417e-06 3.92183e-05 1.93861 3.92975
444 1.21604e-05 9.89259e-06 9.54417e-06 3.92183e-05 1.93861 3.92975
445 1.17571e-05 1.17749e-05 9.54417e-06 3.92183e-05 1.93861 3.92975
446 1.20541e-05 1.32928e-05 9.54417e-06 3.92183e-05 1.93861 3.92975
447 1.21817e-05 1.01217e-05 9.54417e-06 3.92183e-05 1.93861 3.92975
448 1.21806e-05 1.1546e-05 9.54417e-06 3.92183e-05 1.93861 3.92975
449 1.19413e-05 1.66848e-05 9.54417e-06 3.92183e-05 1.93861 3.92975
450 1.19953e-05 1.02115e-05 9.54417e-06 3.92183e-05 1.93861 3.92975
451 1.20013e-05 1.01244e-05 9.54417e-06 3.92183e-05 1.93861 3.92975
452 1.21102e-05 1.00629e-05 9.54417e-06 3.92183e-05 1.93861 3.92975
453 1.20963e-05 3.24617e-05 9.54417e-06 3.92183e-05 1.93861 3.92975
454 1.20378e-05 9.91132e-06 9.54417e-06 3.92183e-05 1.93861 3.92975
455 1.20003e-05 9.85567e-06 9.54417e-06 3.92183e-05 1.93861 3.92975
456 1.20145e-05 1.14536e-05 9.54417e-06 3.92183e-05 1.93861 3.92975
457 1.2566e-05 9.86068e-06 9.54417e-06 3.92183e-05 1.93861 3.92975
458 1.29639e-05 9.43985e-06 9.54417e-06 3.92183e-05 1.93861 3.92975
459 1.14884e-05 1.46129e-05 9.43985e-06 3.91491e-05 1.92798 3.92628
460 1.20868e-05 1.56707e-05 9.43985e-06 3.91491e-05 1.92798 3.92628
461 1.19421e-05 1.01359e-05 9.43985e-06 3.91491e-05 1.92798 3.92628
462 1.20511e-05 9.86899e-06 9.43985e-06 3.91491e-05 1.92798 3.92628
463 1.20686e-05 2.35996e-05 9.43985e-06 3.91491e-05 1.92798 3.92628
464 1.19323e-05 1.32939e-05 9.43985e-06 3.91491e-05 1.92798 3.92628
465 1.19633e-05 4.01976e-05 9.43985e-06 3.91491e-05 1.92798 3.92628
466 1.21994e-05 1.1064e-05 9.43985e-06 3.91491e-05 1.92798 3.92628
467 1.20449e-05 9.70559e-06 9.43985e-06 3.91491e-05 1.92798 3.92628
468 1.1931e-05 1.76122e-05 9.43985e-06 3.91491e-05 1.92798 3.92628
469 1.20309e-05 9.84332e-06 9.43985e-06 3.91491e-05 1.92798 3.92628
470 1.23274e-05 3.01308e-05 9.43985e-06 3.91491e-05 1.92798 3.92628
471 1.19654e-05 1.64627e-05 9.43985e-06 3.91491e-05 1.92798 3.92628
472 1.19459e-05 9.4906e-06 9.43985e-06 3.91491e-05 1.92798 3.92628
473 1.22349e-05 9.54796e-06 9.4906e-06 3.90266e-05 1.93316 3.92013
474 1.20605e-05 1.01633e-05 9.4906e-06 3.90266e-05 1.93316 3.92013
475 1.21963e-05 9.50097e-06 9.4906e-06 3.90266e-05 1.93316 3.92013
476 1.19956e-05 1.27096e-05 9.50097e-06 3.89695e-05 1.93421 3.91726
477 1.20949e-05 1.32442e-05 9.50097e-06 3.89695e-05 1.93421 3.91726
478 1.18329e-05 9.71736e-06 9.50097e-06 3.89695e-05 1.93421 3.91726
479 1.20858e-05 9.56463e-06 9.50097e-06 3.89695e-05 1.93421 3.91726
480 1.18372e-05 1.07271e-05 9.50097e-06 3.89695e-05 1.93421 3.91726
481 1.3132e-05 1.30248e-05 9.50097e-06 3.89695e-05 1.93421 3.91726
482 1.18429e-05 1.69502e-05 9.50097e-06 3.89695e-05 1.93421 3.91726
483 1.20617e-05 1.07132e-05 9.50097e-06 3.89695e-05 1.93421 3.91726
484 1.19631e-05 1.15636e-05 9.50097e-06 3.89695e-05 1.93421 3.91726
485 1.1971e-05 1.05865e-05 9.50097e-06 3.89695e-05 1.93421 3.91726
486 1.20626e-05 1.13309e-05 9.50097e-06 3.89695e-05 1.93421 3.91726
487 1.19248e-05 1.02202e-05 9.50097e-06 3.89695e-05 1.93421 3.91726
488 1.21559e-05 1.06319e-05 9.50097e-06 3.89695e-05 1.93421 3.91726
489 1.19691e-05 3.81495e-05 9.50097e-06 3.89695e-05 1.93421 3.91726
490 1.1897e-05 9.63442e-06 9.50097e-06 3.89695e-05 1.93421 3.91726
491 1.22174e-05 9.69568e-06 9.50097e-06 3.89695e-05 1.93421 3.91726
492 1.1907e-05 1.47569e-05 9.50097e-06 3.89695e-05 1.93421 3.91726
493 1.21608e-05 1.10586e-05 9.50097e-06 3.89695e-05 1.93421 3.91726
494 1.20795e-05 2.32288e-05 9.50097e-06 3.89695e-05 1.93421 3.91726
495 1.19548e-05 9.59337e-06 9.50097e-06 3.89695e-05 1.93421 3.91726
496 1.18809e-05 1.26866e-05 9.50097e-06 3.89695e-05 1.93421 3.91726
497 1.23528e-05 1.04045e-05 9.50097e-06 3.89695e-05 1.93421 3.91726
498 1.15204e-05 1.09697e-05 9.50097e-06 3.89695e-05 1.93421 3.91726
499 1.19175e-05 1.29755e-05 9.50097e-06 3.89695e-05 1.93421 3.91726
500 1.21574e-05 1.1212e-05 9.50097e-06 3.89695e-05 1.93421 3.91726
501 1.18929e-05 3.24381e-05 9.50097e-06 3.89695e-05 1.93421 3.91726
502 1.19859e-05 9.85172e-06 9.50097e-06 3.89695e-05 1.93421 3.91726
503 1.18792e-05 9.6839e-06 9.50097e-06 3.89695e-05 1.93421 3.91726
504 1.19544e-05 1.05305e-05 9.50097e-06 3.89695e-05 1.93421 3.91726
505 1.18809e-05 4.06786e-05 9.50097e-06 3.89695e-05 1.93421 3.91726
506 1.18793e-05 1.15034e-05 9.50097e-06 3.89695e-05 1.93421 3.91726
507 1.21627e-05 1.35682e-05 9.50097e-06 3.89695e-05 1.93421 3.91726
508 1.26829e-05 9.3863e-06 9.50097e-06 3.89695e-05 1.93421 3.91726
509 1.237e-05 1.17585e-05 9.3863e-06 3.88921e-05 1.9225 3.91337
510 1.13626e-05 1.38519e-05 9.3863e-06 3.88921e-05 1.9225 3.91337
511 1.21629e-05 1.04283e-05 9.3863e-06 3.88921e-05 1.9225 3.91337
512 1.18347e-05 1.4405e-05 9.3863e-06 3.88921e-05 1.9225 3.91337
513 1.19127e-05 1.43484e-05 9.3863e-06 3.88921e-05 1.9225 3.91337
514 1.20085e-05 1.80557e-05 9.3863e-06 3.88921e-05 1.9225 3.91337
515 1.19716e-05 1.18945e-05 9.3863e-06 3.88921e-05 1.9225 3.91337
516 1.1922e-05 1.08533e-05 9.3863e-06 3.88921e-05 1.9225 3.91337
517 1.19675e-05 1.08384e-05 9.3863e-06 3.88921e-05 1.9225 3.91337
518 1.22107e-05 1.01955e-05 9.3863e-06 3.88921e-05 1.9225 3.91337
519 1.18597e-05 1.00186e-05 9.3863e-06 3.88921e-05 1.9225 3.91337
520 1.21323e-05 1.41536e-05 9.3863e-06 3.88921e-05 1.9225 3.91337
521 1.3068e-05 9.38808e-06 9.3863e-06 3.88921e-05 1.9225 3.91337
522 1.10658e-05 1.62051e-05 9.3863e-06 3.88921e-05 1.9225 3.91337
523 1.18963e-05 2.42845e-05 9.3863e-06 3.88921e-05 1.9225 3.91337
524 1.18505e-05 9.63297e-06 9.3863e-06 3.88921e-05 1.9225 3.91337
525 1.21384e-05 9.63818e-06 9.3863e-06 3.88921e-05 1.9225 3.91337
526 1.24242e-05 9.45413e-06 9.3863e-06 3.88921e-05 1.9225 3.91337
527 1.23482e-05 1.02354e-05 9.45413e-06 3.86995e-05 1.92944 3.90367
528 1.14974e-05 1.26474e-05 9.45413e-06 3.86995e-05 1.92944 3.90367
529 1.25118e-05 9.67144e-06 9.45413e-06 3.86995e-05 1.92944 3.90367
530 1.23779e-05 9.76656e-06 9.45413e-06 3.86995e-05 1.92944 3.90367
531 1.14068e-05 1.36447e-05 9.45413e-06 3.86995e-05 1.92944 3.90367
532 1.21714e-05 9.70322e-06 9.45413e-06 3.86995e-05 1.92944 3.90367
533 1.16896e-05 1.12383e-05 9.45413e-06 3.86995e-05 1.92944 3.90367
534 1.1884e-05 1.16478e-05 9.45413e-06 3.86995e-05 1.92944 3.90367
535 1.23322e-05 1.10889e-05 9.45413e-06 3.86995e-05 1.92944 3.90367
536 1.18727e-05 1.15032e-05 9.45413e-06 3.86995e-05 1.92944 3.90367
537 1.3902e-05 1.10896e-05 9.45413e-06 3.86995e-05 1.92944 3.90367
538 1.17434e-05 1.2032e-05 9.45413e-06 3.86995e-05 1.92944 3.90367
539 1.27692e-05 9.54034e-06 9.45413e-06 3.86995e-05 1.92944 3.90367
540 1.12995e-05 1.83719e-05 9.45413e-06 3.86995e-05 1.92944 3.90367
541 1.2006e-05 1.77174e-05 9.45413e-06 3.86995e-05 1.92944 3.90367
542 1.19843e-05 2.19882e-05 9.45413e-06 3.86995e-05 1.92944 3.90367
543 1.24201e-05 1.11405e-05 9.45413e-06 3.86995e-05 1.92944 3.90367
544 1.15795e-05 1.08344e-05 9.45413e-06 3.86995e-05 1.92944 3.90367
545 1.18813e-05 1.1161e-05 9.45413e-06 3.86995e-05 1.92944 3.90367
546 1.19436e-05 1.02395e-05 9.45413e-06 3.86995e-05 1.92944 3.90367
547 1.18248e-05 9.74114e-06 9.45413e-06 3.86995e-05 1.92944 3.90367
548 1.21232e-05 1.03156e-05 9.45413e-06 3.86995e-05 1.92944 3.90367
549 1.17741e-05 1.0914e-05 9.45413e-06 3.86995e-05 1.92944 3.90367
550 1.27967e-05 9.7677e-06 9.45413e-06 3.86995e-05 1.92944 3.90367
551 1.14565e-05 9.56026e-06 9.45413e-06 3.86995e-05 1.92944 3.90367
552 1.16745e-05 9.96707e-06 9.45413e-06 3.86995e-05 1.92944 3.90367
553 1.18778e-05 2.30058e-05 9.45413e-06 3.86995e-05 1.92944 3.90367
554 1.19159e-05 9.48088e-06 9.45413e-06 3.86995e-05 1.92944 3.90367
555 1.17701e-05 9.70579e-06 9.45413e-06 3.86995e-05 1.92944 3.90367
556 1.18895e-05 1.01921e-05 9.45413e-06 3.86995e-05 1.92944 3.90367
557 1.27122e-05 9.55115e-06 9.45413e-06 3.86995e-05 1.92944 3.90367
558 1.1842e-05 2.25009e-05 9.45413e-06 3.86995e-05 1.92944 3.90367
559 1.24897e-05 9.64594e-06 9.45413e-06 3.86995e-05 1.92944 3.90367
560 1.1277e-05 1.11197e-05 9.45413e-06 3.86995e-05 1.92944 3.90367
561 1.23721e-05 6.06861e-05 9.45413e-06 3.86995e-05 1.92944 3.90367
562 1.1555e-05 1.32518e-05 9.45413e-06 3.86995e-05 1.92944 3.90367
563 1.18887e-05 1.11607e-05 9.45413e-06 3.86995e-05 1.92944 3.90367
564 1.18707e-05 9.46867e-06 9.45413e-06 3.86995e-05 1.92944 3.90367
565 1.18505e-05 1.23012e-05 9.45413e-06 3.86995e-05 1.92944 3.90367
566 1.18238e-05 9.74202e-06 9.45413e-06 3.86995e-05 1.92944 3.90367
567 7.86191e-06 9.24169e-06 9.45413e-06 3.86995e-05 1.92944 3.90367
568 8.20116e-06 9.56606e-06 9.24169e-06 3.80012e-05 1.90764 3.86829
569 8.16751e-06 9.58216e-06 9.24169e-06 3.80012e-05 1.90764 3.86829
570 8.2325e-06 9.44926e-06 9.24169e-06 3.80012e-05 1.90764 3.86829
571 8.20487e-06 9.06286e-06 9.24169e-06 3.80012e-05 1.90764 3.86829
572 8.22108e-06 9.76576e-06 9.06286e-06 3.78098e-05 1.88909 3.85854
573 8.23435e-06 8.90942e-06 9.06286e-06 3.78098e-05 1.88909 3.85854
574 8.21223e-06 9.09833e-06 8.90942e-06 3.75284e-05 1.87303 3.84415
575 8.26647e-06 1.14861e-05 8.90942e-06 3.75284e-05 1.87303 3.84415
576 8.26122e-06 9.84214e-06 8.90942e-06 3.75284e-05 1.87303 3.84415
577 8.23651e-06 9.17678e-06 8.90942e-06 3.75284e-05 1.87303 3.84415
578 8.27932e-06 1.00103e-05 8.90942e-06 3.75284e-05 1.87303 3.84415
579 8.22703e-06 9.0827e-06 8.90942e-06 3.75284e-05 1.87303 3.84415
580 8.31976e-06 9.35293e-06 8.90942e-06 3.75284e-05 1.87303 3.84415
581 8.24819e-06 9.01324e-06 8.90942e-06 3.75284e-05 1.87303 3.84415
582 8.30133e-06 9.29049e-06 9.01324e-06 3.73176e-05 1.88391 3.83334
583 8.3529e-06 9.04163e-06 9.01324e-06 3.73176e-05 1.88391 3.83334
584 8.276e-06 1.00828e-05 9.01324e-06 3.73176e-05 1.88391 3.83334
585 8.32131e-06 9.11234e-06 9.01324e-06 3.73176e-05 1.88391 3.83334
586 8.33547e-06 9.54251e-06 9.11234e-06 3.70952e-05 1.89424 3.8219
587 8.29159e-06 9.32392e-06 9.11234e-06 3.70952e-05 1.89424 3.8219
588 8.3316e-06 9.24502e-06 9.11234e-06 3.70952e-05 1.89424 3.8219
589 8.34082e-06 1.30589e-05 9.11234e-06 3.70952e-05 1.89424 3.8219
590 8.3515e-06 1.06006e-05 9.11234e-06 3.70952e-05 1.89424 3.8219
591 8.3076e-06 9.42151e-06 9.11234e-06 3.70952e-05 1.89424 3.8219
592 8.36073e-06 9.2544e-06 9.11234e-06 3.70952e-05 1.89424 3.8219
593 8.34661e-06 9.07592e-06 9.11234e-06 3.70952e-05 1.89424 3.8219
594 8.37739e-06 9.00826e-06 9.07592e-06 3.69384e-05 1.89045 3.81381
595 8.35985e-06 9.21534e-06 9.07592e-06 3.69384e-05 1.89045 3.81381
596 8.39154e-06 9.26712e-06 9.07592e-06 3.69384e-05 1.89045 3.81381
597 8.36151e-06 1.46318e-05 9.07592e-06 3.69384e-05 1.89045 3.81381
598 8.40262e-06 1.05537e-05 9.07592e-06 3.69384e-05 1.89045 3.81381
599 8.36406e-06 9.05985e-06 9.07592e-06 3.69384e-05 1.89045 3.81381
600 8.42691e-06 1.37583e-05 9.07592e-06 3.69384e-05 1.89045 3.81381
601 8.37844e-06 1.10074e-05 9.07592e-06 3.69384e-05 1.89045 3.81381
602 8.42566e-06 9.30644e-06 9.07592e-06 3.69384e-05 1.89045 3.81381
603 8.39635e-06 9.30002e-06 9.07592e-06 3.69384e-05 1.89045 3.81381
604 8.43167e-06 8.93909e-06 9.07592e-06 3.69384e-05 1.89045 3.81381
605 8.41594e-06 1.19707e-05 8.93909e-06 3.69055e-05 1.87615 3.81211
606 8.4232e-06 8.90864e-06 8.93909e-06 3.69055e-05 1.87615 3.81211
607 8.40267e-06 9.46723e-06 8.90864e-06 3.67371e-05 1.87295 3.80341
608 8.44996e-06 1.01219e-05 8.90864e-06 3.67371e-05 1.87295 3.80341
609 8.41722e-06 8.9148e-06 8.90864e-06 3.67371e-05 1.87295 3.80341
610 8.44226e-06 1.11207e-05 8.90864e-06 3.67371e-05 1.87295 3.80341
611 8.46769e-06 1.12992e-05 8.90864e-06 3.67371e-05 1.87295 3.80341
612 8.44582e-06 9.99466e-06 8.90864e-06 3.67371e-05 1.87295 3.80341
613 8.41784e-06 1.1414e-05 8.90864e-06 3.67371e-05 1.87295 3.80341
614 8.48537e-06 9.03079e-06 8.90864e-06 3.67371e-05 1.87295 3.80341
615 8.45819e-06 9.37801e-06 8.90864e-06 3.67371e-05 1.87295 3.80341
616 8.48478e-06 9.65743e-06 8.90864e-06 3.67371e-05 1.87295 3.80341
617 8.4777e-06 8.99129e-06 8.90864e-06 3.67371e-05 1.87295 3.80341
618 8.47158e-06 9.50874e-06 8.90864e-06 3.67371e-05 1.87295 3.80341
619 8.50284e-06 9.31316e-06 8.90864e-06 3.67371e-05 1.87295 3.80341
620 8.47473e-06 1.00887e-05 8.90864e-06 3.67371e-05 1.87295 3.80341
621 8.49531e-06 9.41056e-06 8.90864e-06 3.67371e-05 1.87295 3.80341
622 8.52448e-06 1.1836e-05 8.90864e-06 3.67371e-05 1.87295 3.80341
623 8.46751e-06 9.59652e-06 8.90864e-06 3.67371e-05 1.87295 3.80341
624 8.48866e-06 1.11515e-05 8.90864e-06 3.67371e-05 1.87295 3.80341
625 8.53362e-06 9.24443e-06 8.90864e-06 3.67371e-05 1.87295 3.80341
626 8.50073e-06 9.76935e-06 8.90864e-06 3.67371e-05 1.87295 3.80341
627 8.50391e-06 9.95591e-06 8.90864e-06 3.67371e-05 1.87295 3.80341
628 8.52422e-06 8.89429e-06 8.90864e-06 3.67371e-05 1.87295 3.80341
629 8.52648e-06 1.27685e-05 8.89429e-06 3.64763e-05 1.87144 3.78988
630 8.51666e-06 8.92669e-06 8.89429e-06 3.64763e-05 1.87144 3.78988
631 8.52581e-06 9.32765e-06 8.89429e-06 3.64763e-05 1.87144 3.78988
632 8.52602e-06 1.1037e-05 8.89429e-06 3.64763e-05 1.87144 3.78988
633 8.52853e-06 1.35885e-05 8.89429e-06 3.64763e-05 1.87144 3.78988
634 8.56291e-06 9.49022e-06 8.89429e-06 3.64763e-05 1.87144 3.78988
635 8.53324e-06 1.00406e-05 8.89429e-06 3.64763e-05 1.87144 3.78988
636 8.51035e-06 1.39241e-05 8.89429e-06 3.64763e-05 1.87144 3.78988
637 8.5962e-06 8.92205e-06 8.89429e-06 3.64763e-05 1.87144 3.78988
638 8.55828e-06 9.13736e-06 8.92205e-06 3.6414e-05 1.87436 3.78665
639 8.5032e-06 9.13718e-06 8.92205e-06 3.6414e-05 1.87436 3.78665
640 8.57744e-06 9.34071e-06 8.92205e-06 3.6414e-05 1.87436 3.78665
641 8.5764e-06 9.17544e-06 8.92205e-06 3.6414e-05 1.87436 3.78665
642 8.55135e-06 9.4188e-06 8.92205e-06 3.6414e-05 1.87436 3.78665
643 8.56651e-06 1.10576e-05 8.92205e-06 3.6414e-05 1.87436 3.78665
644 8.56306e-06 9.61692e-06 8.92205e-06 3.6414e-05 1.87436 3.78665
645 8.58455e-06 9.55537e-06 8.92205e-06 3.6414e-05 1.87436 3.78665
646 8.57734e-06 1.05612e-05 8.92205e-06 3.6414e-05 1.87436 3.78665
647 8.57371e-06 1.12431e-05 8.92205e-06 3.6414e-05 1.87436 3.78665
648 8.59193e-06 1.26471e-05 8.92205e-06 3.6414e-05 1.87436 3.78665
649 8.58612e-06 9.74628e-06 8.92205e-06 3.6414e-05 1.87436 3.78665
650 8.59183e-06 9.0783e-06 8.92205e-06 3.6414e-05 1.87436 3.78665
651 8.60847e-06 8.80551e-06 8.92205e-06 3.6414e-05 1.87436 3.78665
652 8.58932e-06 8.7752e-06 8.80551e-06 3.63642e-05 1.86208 3.78406
653 8.61387e-06 1.04445e-05 8.7752e-06 3.63491e-05 1.85887 3.78327
654 8.5463e-06 9.02582e-06 8.7752e-06 3.63491e-05 1.85887 3.78327
655 8.64333e-06 2.06176e-05 8.7752e-06 3.63491e-05 1.85887 3.78327
656 8.60317e-06 1.00792e-05 8.7752e-06 3.63491e-05 1.85887 3.78327
657 8.58703e-06 9.17726e-06 8.7752e-06 3.63491e-05 1.85887 3.78327
658 8.70671e-06 9.18489e-06 8.7752e-06 3.63491e-05 1.85887 3.78327
659 8.59014e-06 1.00995e-05 8.7752e-06 3.63491e-05 1.85887 3.78327
660 8.63654e-06 1.24066e-05 8.7752e-06 3.63491e-05 1.85887 3.78327
661 8.63276e-06 1.09456e-05 8.7752e-06 3.63491e-05 1.85887 3.78327
662 8.67606e-06 1.15605e-05 8.7752e-06 3.63491e-05 1.85887 3.78327
663 8.61517e-06 1.02657e-05 8.7752e-06 3.63491e-05 1.85887 3.78327
664 8.6177e-06 9.40161e-06 8.7752e-06 3.63491e-05 1.85887 3.78327
665 8.62389e-06 1.35646e-05 8.7752e-06 3.63491e-05 1.85887 3.78327
666 8.67627e-06 1.5136e-05 8.7752e-06 3.63491e-05 1.85887 3.78327
667 8.66623e-06 1.06044e-05 8.7752e-06 3.63491e-05 1.85887 3.78327
668 8.62148e-06 9.42672e-06 8.7752e-06 3.63491e-05 1.85887 3.78327
669 8.655e-06 9.18341e-06 8.7752e-06 3.63491e-05 1.85887 3.78327
670 8.67494e-06 1.13164e-05 8.7752e-06 3.63491e-05 1.85887 3.78327
671 8.60776e-06 9.90596e-06 8.7752e-06 3.63491e-05 1.85887 3.78327
672 8.69066e-06 8.95789e-06 8.7752e-06 3.63491e-05 1.85887 3.78327
673 8.63619e-06 9.48715e-06 8.7752e-06 3.63491e-05 1.85887 3.78327
674 8.62424e-06 1.25836e-05 8.7752e-06 3.63491e-05 1.85887 3.78327
675 8.7089e-06 1.03855e-05 8.7752e-06 3.63491e-05 1.85887 3.78327
676 8.68458e-06 1.88527e-05 8.7752e-06 3.63491e-05 1.85887 3.78327
677 8.64297e-06 1.07222e-05 8.7752e-06 3.63491e-05 1.85887 3.78327
678 8.67759e-06 9.32159e-06 8.7752e-06 3.63491e-05 1.85887 3.78327
679 8.66447e-06 8.88215e-06 8.7752e-06 3.63491e-05 1.85887 3.78327
680 8.67913e-06 9.81464e-06 8.7752e-06 3.63491e-05 1.85887 3.78327
681 8.68137e-06 1.03828e-05 8.7752e-06 3.63491e-05 1.85887 3.78327
682 8.68499e-06 1.23387e-05 8.7752e-06 3.63491e-05 1.85887 3.78327
683 8.71531e-06 9.30572e-06 8.7752e-06 3.63491e-05 1.85887 3.78327
684 8.64747e-06 9.93788e-06 8.7752e-06 3.63491e-05 1.85887 3.78327
685 8.69723e-06 9.84624e-06 8.7752e-06 3.63491e-05 1.85887 3.78327
686 8.70212e-06 1.00161e-05 8.7752e-06 3.63491e-05 1.85887 3.78327
687 8.69741e-06 1.00978e-05 8.7752e-06 3.63491e-05 1.85887 3.78327
688 8.71446e-06 9.15353e-06 8.7752e-06 3.63491e-05 1.85887 3.78327
689 8.68208e-06 1.02058e-05 8.7752e-06 3.63491e-05 1.85887 3.78327
690 8.69591e-06 8.98402e-06 8.7752e-06 3.63491e-05 1.85887 3.78327
691 8.72499e-06 8.95696e-06 8.7752e-06 3.63491e-05 1.85887 3.78327
692 8.70066e-06 1.05293e-05 8.7752e-06 3.63491e-05 1.85887 3.78327
693 7.04946e-06 8.6454e-06 8.7752e-06 3.63491e-05 1.85887 3.78327
694 7.17952e-06 8.88574e-06 8.6454e-06 3.58368e-05 1.84507 3.75652
695 7.17459e-06 8.65784e-06 8.6454e-06 3.58368e-05 1.84507 3.75652
696 7.18005e-06 8.69268e-06 8.65784e-06 3.57596e-05 1.8464 3.75246
697 7.17608e-06 9.90462e-06 8.65784e-06 3.57596e-05 1.8464 3.75246
698 7.18346e-06 8.57888e-06 8.65784e-06 3.57596e-05 1.8464 3.75246
699 7.19563e-06 8.67514e-06 8.57888e-06 3.57201e-05 1.83796 3.75039
700 7.19135e-06 9.61238e-06 8.57888e-06 3.57201e-05 1.83796 3.75039
701 7.20037e-06 8.90617e-06 8.57888e-06 3.57201e-05 1.83796 3.75039
702 7.20634e-06 8.72888e-06 8.57888e-06 3.57201e-05 1.83796 3.75039
703 7.20458e-06 8.69841e-06 8.57888e-06 3.57201e-05 1.83796 3.75039
704 7.203e-06 9.06082e-06 8.57888e-06 3.57201e-05 1.83796 3.75039
705 7.22918e-06 8.69622e-06 8.57888e-06 3.57201e-05 1.83796 3.75039
706 7.20912e-06 9.43293e-06 8.57888e-06 3.57201e-05 1.83796 3.75039
707 7.22502e-06 8.65982e-06 8.57888e-06 3.57201e-05 1.83796 3.75039
708 7.24934e-06 8.74443e-06 8.65982e-06 3.55493e-05 1.84661 3.74142
709 7.22375e-06 9.15736e-06 8.65982e-06 3.55493e-05 1.84661 3.74142
710 7.2461e-06 8.59196e-06 8.65982e-06 3.55493e-05 1.84661 3.74142
711 7.2193e-06 9.23899e-06 8.59196e-06 3.55087e-05 1.83936 3.73928
712 7.22736e-06 8.9439e-06 8.59196e-06 3.55087e-05 1.83936 3.73928
713 7.24941e-06 8.74384e-06 8.59196e-06 3.55087e-05 1.83936 3.73928
714 7.24441e-06 9.05641e-06 8.59196e-06 3.55087e-05 1.83936 3.73928
715 7.2342e-06 9.60453e-06 8.59196e-06 3.55087e-05 1.83936 3.73928
716 7.2778e-06 9.03741e-06 8.59196e-06 3.55087e-05 1.83936 3.73928
717 7.26417e-06 9.9628e-06 8.59196e-06 3.55087e-05 1.83936 3.73928
718 7.24921e-06 8.66708e-06 8.59196e-06 3.55087e-05 1.83936 3.73928
719 7.25964e-06 8.96714e-06 8.59196e-06 3.55087e-05 1.83936 3.73928
720 7.27431e-06 8.62591e-06 8.59196e-06 3.55087e-05 1.83936 3.73928
721 7.27638e-06 8.65812e-06 8.59196e-06 3.55087e-05 1.83936 3.73928
722 7.27347e-06 1.00578e-05 8.59196e-06 3.55087e-05 1.83936 3.73928
723 7.27262e-06 9.12077e-06 8.59196e-06 3.55087e-05 1.83936 3.73928
724 7.26883e-06 8.57736e-06 8.59196e-06 3.55087e-05 1.83936 3.73928
725 7.30741e-06 8.75014e-06 8.57736e-06 3.5457e-05 1.8378 3.73655
726 7.2809e-06 8.57041e-06 8.57736e-06 3.5457e-05 1.8378 3.73655
727 7.27449e-06 8.61828e-06 8.57041e-06 3.54353e-05 1.83705 3.73541
728 7.3148e-06 1.0401e-05 8.57041e-06 3.54353e-05 1.83705 3.73541
729 7.29584e-06 8.61599e-06 8.57041e-06 3.54353e-05 1.83705 3.73541
730 7.29918e-06 8.66569e-06 8.57041e-06 3.54353e-05 1.83705 3.73541
731 7.29547e-06 8.93326e-06 8.57041e-06 3.54353e-05 1.83705 3.73541
732 7.31384e-06 9.19187e-06 8.57041e-06 3.54353e-05 1.83705 3.73541
733 7.34125e-06 9.32123e-06 8.57041e-06 3.54353e-05 1.83705 3.73541
734 7.29713e-06 9.10059e-06 8.57041e-06 3.54353e-05 1.83705 3.73541
735 7.31616e-06 8.94251e-06 8.57041e-06 3.54353e-05 1.83705 3.73541
736 7.34045e-06 8.83459e-06 8.57041e-06 3.54353e-05 1.83705 3.73541
737 7.31131e-06 9.13999e-06 8.57041e-06 3.54353e-05 1.83705 3.73541
738 7.31849e-06 9.06056e-06 8.57041e-06 3.54353e-05 1.83705 3.73541
739 7.33789e-06 8.73593e-06 8.57041e-06 3.54353e-05 1.83705 3.73541
740 7.32709e-06 8.92188e-06 8.57041e-06 3.54353e-05 1.83705 3.73541
741 7.34025e-06 9.37723e-06 8.57041e-06 3.54353e-05 1.83705 3.73541
742 7.32489e-06 8.70364e-06 8.57041e-06 3.54353e-05 1.83705 3.73541
743 7.35306e-06 8.60889e-06 8.57041e-06 3.54353e-05 1.83705 3.73541
744 7.32341e-06 8.98796e-06 8.57041e-06 3.54353e-05 1.83705 3.73541
745 7.37542e-06 8.81177e-06 8.57041e-06 3.54353e-05 1.83705 3.73541
746 7.33557e-06 9.11839e-06 8.57041e-06 3.54353e-05 1.83705 3.73541
747 7.35774e-06 8.66134e-06 8.57041e-06 3.54353e-05 1.83705 3.73541
748 7.3796e-06 9.40865e-06 8.57041e-06 3.54353e-05 1.83705 3.73541
749 7.34469e-06 8.58309e-06 8.57041e-06 3.54353e-05 1.83705 3.73541
750 7.37133e-06 9.00097e-06 8.58309e-06 3.53025e-05 1.83841 3.7284
751 7.35698e-06 9.3784e-06 8.58309e-06 3.53025e-05 1.83841 3.7284
752 7.37164e-06 8.78925e-06 8.58309e-06 3.53025e-05 1.83841 3.7284
753 7.38574e-06 1.08102e-05 8.58309e-06 3.53025e-05 1.83841 3.7284
754 7.37342e-06 8.81175e-06 8.58309e-06 3.53025e-05 1.83841 3.7284
755 7.37943e-06 9.13613e-06 8.58309e-06 3.53025e-05 1.83841 3.7284
756 7.38064e-06 8.79436e-06 8.58309e-06 3.53025e-05 1.83841 3.7284
757 7.38702e-06 8.74457e-06 8.58309e-06 3.53025e-05 1.83841 3.7284
758 7.37962e-06 8.64634e-06 8.58309e-06 3.53025e-05 1.83841 3.7284
759 7.40177e-06 8.79976e-06 8.58309e-06 3.53025e-05 1.83841 3.7284
760 7.39513e-06 8.77799e-06 8.58309e-06 3.53025e-05 1.83841 3.7284
761 7.41094e-06 8.76655e-06 8.58309e-06 3.53025e-05 1.83841 3.7284
762 7.37361e-06 8.6757e-06 8.58309e-06 3.53025e-05 1.83841 3.7284
763 7.40834e-06 8.93862e-06 8.58309e-06 3.53025e-05 1.83841 3.7284
764 7.38945e-06 8.58603e-06 8.58309e-06 3.53025e-05 1.83841 3.7284
765 7.4165e-06 8.76886e-06 8.58603e-06 3.52496e-05 1.83872 3.72561
766 7.42179e-06 8.56561e-06 8.58603e-06 3.52496e-05 1.83872 3.72561
767 7.41206e-06 1.02652e-05 8.56561e-06 3.51949e-05 1.83654 3.72272
768 7.43004e-06 9.34771e-06 8.56561e-06 3.51949e-05 1.83654 3.72272
769 7.44048e-06 9.81292e-06 8.56561e-06 3.51949e-05 1.83654 3.72272
770 7.41422e-06 8.7219e-06 8.56561e-06 3.51949e-05 1.83654 3.72272
771 7.44102e-06 9.47534e-06 8.56561e-06 3.51949e-05 1.83654 3.72272
772 7.42183e-06 8.79164e-06 8.56561e-06 3.51949e-05 1.83654 3.72272
773 7.42352e-06 8.69743e-06 8.56561e-06 3.51949e-05 1.83654 3.72272
774 7.4544e-06 8.53394e-06 8.56561e-06 3.51949e-05 1.83654 3.72272
775 7.41879e-06 9.24053e-06 8.53394e-06 3.51727e-05 1.83314 3.72155
776 7.43256e-06 8.65971e-06 8.53394e-06 3.51727e-05 1.83314 3.72155
777 7.43911e-06 9.20299e-06 8.53394e-06 3.51727e-05 1.83314 3.72155
778 7.43789e-06 9.58617e-06 8.53394e-06 3.51727e-05 1.83314 3.72155
779 7.44724e-06 8.7005e-06 8.53394e-06 3.51727e-05 1.83314 3.72155
780 7.44386e-06 9.79186e-06 8.53394e-06 3.51727e-05 1.83314 3.72155
781 7.43382e-06 8.52881e-06 8.53394e-06 3.51727e-05 1.83314 3.72155
782 7.47098e-06 9.07102e-06 8.52881e-06 3.511e-05 1.83259 3.71822
783 7.43308e-06 8.80556e-06 8.52881e-06 3.511e-05 1.83259 3.71822
784 7.46549e-06 8.64273e-06 8.52881e-06 3.511e-05 1.83259 3.71822
785 7.46178e-06 9.83484e-06 8.52881e-06 3.511e-05 1.83259 3.71822
786 7.46428e-06 9.64827e-06 8.52881e-06 3.511e-05 1.83259 3.71822
787 7.46353e-06 8.94371e-06 8.52881e-06 3.511e-05 1.83259 3.71822
788 7.48127e-06 9.47146e-06 8.52881e-06 3.511e-05 1.83259 3.71822
789 7.47113e-06 9.81279e-06 8.52881e-06 3.511e-05 1.83259 3.71822
790 7.48039e-06 1.20274e-05 8.52881e-06 3.511e-05 1.83259 3.71822
791 7.48048e-06 9.71059e-06 8.52881e-06 3.511e-05 1.83259 3.71822
792 7.47798e-06 1.20591e-05 8.52881e-06 3.511e-05 1.83259 3.71822
793 7.50004e-06 1.13638e-05 8.52881e-06 3.511e-05 1.83259 3.71822
794 7.48845e-06 9.10377e-06 8.52881e-06 3.511e-05 1.83259 3.71822
795 7.48909e-06 8.74015e-06 8.52881e-06 3.511e-05 1.83259 3.71822
796 7.51506e-06 9.2125e-06 8.52881e-06 3.511e-05 1.83259 3.71822
797 7.47039e-06 9.57698e-06 8.52881e-06 3.511e-05 1.83259 3.71822
798 7.50146e-06 9.09519e-06 8.52881e-06 3.511e-05 1.83259 3.71822
799 7.50754e-06 8.64893e-06 8.52881e-06 3.511e-05 1.83259 3.71822
800 7.49015e-06 8.69658e-06 8.52881e-06 3.511e-05 1.83259 3.71822
801 7.49232e-06 9.41792e-06 8.52881e-06 3.511e-05 1.83259 3.71822
802 7.50967e-06 9.031e-06 8.52881e-06 3.511e-05 1.83259 3.71822
803 7.53027e-06 9.22098e-06 8.52881e-06 3.511e-05 1.83259 3.71822
804 7.49997e-06 8.65115e-06 8.52881e-06 3.511e-05 1.83259 3.71822
805 7.52558e-06 9.11422e-06 8.52881e-06 3.511e-05 1.83259 3.71822
806 7.51907e-06 1.06129e-05 8.52881e-06 3.511e-05 1.83259 3.71822
807 7.5078e-06 1.0726e-05 8.52881e-06 3.511e-05 1.83259 3.71822
808 7.51386e-06 9.20928e-06 8.52881e-06 3.511e-05 1.83259 3.71822
809 7.54026e-06 8.81364e-06 8.52881e-06 3.511e-05 1.83259 3.71822
810 7.52935e-06 9.02585e-06 8.52881e-06 3.511e-05 1.83259 3.71822
811 7.50507e-06 8.75679e-06 8.52881e-06 3.511e-05 1.83259 3.71822
812 7.5401e-06 8.63439e-06 8.52881e-06 3.511e-05 1.83259 3.71822
813 7.52234e-06 8.81404e-06 8.52881e-06 3.511e-05 1.83259 3.71822
814 7.52907e-06 8.75138e-06 8.52881e-06 3.511e-05 1.83259 3.71822
815 7.55319e-06 1.01105e-05 8.52881e-06 3.511e-05 1.83259 3.71822
816 7.54363e-06 9.1182e-06 8.52881e-06 3.511e-05 1.83259 3.71822
817 7.53796e-06 8.67137e-06 8.52881e-06 3.511e-05 1.83259 3.71822
818 7.55097e-06 1.00785e-05 8.52881e-06 3.511e-05 1.83259 3.71822
819 7.52683e-06 9.45639e-06 8.52881e-06 3.511e-05 1.83259 3.71822
820 7.56489e-06 8.98282e-06 8.52881e-06 3.511e-05 1.83259 3.71822
821 7.54485e-06 8.76549e-06 8.52881e-06 3.511e-05 1.83259 3.71822
822 6.72243e-06 8.62042e-06 8.52881e-06 3.511e-05 1.83259 3.71822
823 6.78419e-06 8.40708e-06 8.62042e-06 3.48031e-05 1.8424 3.70194
824 6.77726e-06 8.45151e-06 8.40708e-06 3.47928e-05 1.81946 3.70139
825 6.78625e-06 9.41621e-06 8.40708e-06 3.47928e-05 1.81946 3.70139
826 6.78093e-06 1.01889e-05 8.40708e-06 3.47928e-05 1.81946 3.70139
827 6.78e-06 8.46141e-06 8.40708e-06 3.47928e-05 1.81946 3.70139
828 6.79102e-06 8.46588e-06 8.40708e-06 3.47928e-05 1.81946 3.70139
829 6.79325e-06 8.66217e-06 8.40708e-06 3.47928e-05 1.81946 3.70139
830 6.79523e-06 8.41542e-06 8.40708e-06 3.47928e-05 1.81946 3.70139
831 6.806e-06 9.70892e-06 8.41542e-06 3.47337e-05 1.82036 3.69824
832 6.80444e-06 8.42268e-06 8.41542e-06 3.47337e-05 1.82036 3.69824
833 6.79829e-06 8.45822e-06 8.42268e-06 3.47174e-05 1.82115 3.69738
834 6.81656e-06 8.57799e-06 8.42268e-06 3.47174e-05 1.82115 3.69738
835 6.82156e-06 8.75496e-06 8.42268e-06 3.47174e-05 1.82115 3.69738
836 6.81207e-06 8.51426e-06 8.42268e-06 3.47174e-05 1.82115 3.69738
837 6.81745e-06 9.16673e-06 8.42268e-06 3.47174e-05 1.82115 3.69738
838 6.82932e-06 9.36576e-06 8.42268e-06 3.47174e-05 1.82115 3.69738
839 6.82542e-06 8.5594e-06 8.42268e-06 3.47174e-05 1.82115 3.69738
840 6.8211e-06 1.0403e-05 8.42268e-06 3.47174e-05 1.82115 3.69738
841 6.84072e-06 9.0788e-06 8.42268e-06 3.47174e-05 1.82115 3.69738
842 6.84961e-06 8.95716e-06 8.42268e-06 3.47174e-05 1.82115 3.69738
843 6.84553e-06 8.61876e-06 8.42268e-06 3.47174e-05 1.82115 3.69738
844 6.84315e-06 8.48908e-06 8.42268e-06 3.47174e-05 1.82115 3.69738
845 6.84077e-06 8.49755e-06 8.42268e-06 3.47174e-05 1.82115 3.69738
846 6.83962e-06 8.45823e-06 8.42268e-06 3.47174e-05 1.82115 3.69738
847 6.8806e-06 8.4709e-06 8.42268e-06 3.47174e-05 1.82115 3.69738
848 6.85309e-06 8.75876e-06 8.4709e-06 3.46122e-05 1.82635 3.69177
849 6.84833e-06 9.16814e-06 8.4709e-06 3.46122e-05 1.82635 3.69177
850 6.87761e-06 8.53574e-06 8.4709e-06 3.46122e-05 1.82635 3.69177
851 6.86273e-06 8.53502e-06 8.4709e-06 3.46122e-05 1.82635 3.69177
852 6.86843e-06 8.6349e-06 8.4709e-06 3.46122e-05 1.82635 3.69177
853 6.88635e-06 8.71124e-06 8.4709e-06 3.46122e-05 1.82635 3.69177
854 6.87016e-06 8.55852e-06 8.4709e-06 3.46122e-05 1.82635 3.69177
855 6.88585e-06 8.52785e-06 8.4709e-06 3.46122e-05 1.82635 3.69177
856 6.88651e-06 9.47201e-06 8.4709e-06 3.46122e-05 1.82635 3.69177
857 6.88676e-06 9.36725e-06 8.4709e-06 3.46122e-05 1.82635 3.69177
858 6.89617e-06 8.51269e-06 8.4709e-06 3.46122e-05 1.82635 3.69177
859 6.88926e-06 8.68556e-06 8.4709e-06 3.46122e-05 1.82635 3.69177
860 6.89543e-06 8.61503e-06 8.4709e-06 3.46122e-05 1.82635 3.69177
861 6.9e-06 8.67131e-06 8.4709e-06 3.46122e-05 1.82635 3.69177
862 6.89114e-06 8.66996e-06 8.4709e-06 3.46122e-05 1.82635 3.69177
863 6.89908e-06 8.62596e-06 8.4709e-06 3.46122e-05 1.82635 3.69177
864 6.92368e-06 8.97481e-06 8.4709e-06 3.46122e-05 1.82635 3.69177
865 6.9202e-06 8.45254e-06 8.4709e-06 3.46122e-05 1.82635 3.69177
866 6.90177e-06 8.59494e-06 8.45254e-06 3.46412e-05 1.82437 3.69332
867 6.92899e-06 8.43645e-06 8.45254e-06 3.46412e-05 1.82437 3.69332
868 6.93366e-06 8.553e-06 8.43645e-06 3.45698e-05 1.82264 3.68951
869 6.90326e-06 8.56162e-06 8.43645e-06 3.45698e-05 1.82264 3.68951
870 6.93353e-06 8.42925e-06 8.43645e-06 3.45698e-05 1.82264 3.68951
871 6.93118e-06 8.58562e-06 8.43645e-06 3.45698e-05 1.82264 3.68951
872 6.92838e-06 8.56513e-06 8.43645e-06 3.45698e-05 1.82264 3.68951
873 6.93935e-06 8.63298e-06 8.43645e-06 3.45698e-05 1.82264 3.68951
874 6.93413e-06 8.63737e-06 8.43645e-06 3.45698e-05 1.82264 3.68951
875 6.9479e-06 8.58663e-06 8.43645e-06 3.45698e-05 1.82264 3.68951
876 6.95848e-06 8.76051e-06 8.43645e-06 3.45698e-05 1.82264 3.68951
877 6.93109e-06 8.8383e-06 8.43645e-06 3.45698e-05 1.82264 3.68951
878 6.95582e-06 8.52907e-06 8.43645e-06 3.45698e-05 1.82264 3.68951
879 6.94766e-06 8.48351e-06 8.43645e-06 3.45698e-05 1.82264 3.68951
880 6.96834e-06 1.04332e-05 8.43645e-06 3.45698e-05 1.82264 3.68951
881 6.96138e-06 8.42178e-06 8.43645e-06 3.45698e-05 1.82264 3.68951
882 6.95622e-06 8.54954e-06 8.43645e-06 3.45698e-05 1.82264 3.68951
883 6.94488e-06 8.64831e-06 8.43645e-06 3.45698e-05 1.82264 3.68951
884 6.95575e-06 9.02054e-06 8.43645e-06 3.45698e-05 1.82264 3.68951
885 6.98343e-06 9.4888e-06 8.43645e-06 3.45698e-05 1.82264 3.68951
886 6.96944e-06 9.29018e-06 8.43645e-06 3.45698e-05 1.82264 3.68951
887 6.97743e-06 8.6697e-06 8.43645e-06 3.45698e-05 1.82264 3.68951
888 6.97982e-06 8.48305e-06 8.43645e-06 3.45698e-05 1.82264 3.68951
889 6.99251e-06 8.49027e-06 8.43645e-06 3.45698e-05 1.82264 3.68951
890 6.99463e-06 1.00567e-05 8.43645e-06 3.45698e-05 1.82264 3.68951
891 7.00172e-06 8.54912e-06 8.43645e-06 3.45698e-05 1.82264 3.68951
892 6.9923e-06 8.50219e-06 8.43645e-06 3.45698e-05 1.82264 3.68951
893 6.99331e-06 9.15106e-06 8.43645e-06 3.45698e-05 1.82264 3.68951
894 6.99429e-06 8.7077e-06 8.43645e-06 3.45698e-05 1.82264 3.68951
895 6.99118e-06 8.65662e-06 8.43645e-06 3.45698e-05 1.82264 3.68951
896 7.0046e-06 8.5762e-06 8.43645e-06 3.45698e-05 1.82264 3.68951
897 6.99265e-06 8.76481e-06 8.43645e-06 3.45698e-05 1.82264 3.68951
898 7.01224e-06 8.49601e-06 8.43645e-06 3.45698e-05 1.82264 3.68951
899 7.01647e-06 8.55765e-06 8.43645e-06 3.45698e-05 1.82264 3.68951
900 7.00837e-06 9.13586e-06 8.43645e-06 3.45698e-05 1.82264 3.68951
901 7.02882e-06 8.83357e-06 8.43645e-06 3.45698e-05 1.82264 3.68951
902 7.00896e-06 9.5924e-06 8.43645e-06 3.45698e-05 1.82264 3.68951
903 7.02083e-06 8.58723e-06 8.43645e-06 3.45698e-05 1.82264 3.68951
904 7.02876e-06 8.72501e-06 8.43645e-06 3.45698e-05 1.82264 3.68951
905 7.0278e-06 9.00604e-06 8.43645e-06 3.45698e-05 1.82264 3.68951
906 7.02893e-06 8.74696e-06 8.43645e-06 3.45698e-05 1.82264 3.68951
907 7.04333e-06 8.54895e-06 8.43645e-06 3.45698e-05 1.82264 3.68951
908 6.58741e-06 8.35967e-06 8.43645e-06 3.45698e-05 1.82264 3.68951
909 6.63005e-06 8.41484e-06 8.35967e-06 3.45447e-05 1.81432 3.68817
910 6.63313e-06 8.45759e-06 8.35967e-06 3.45447e-05 1.81432 3.68817
911 6.63169e-06 8.38354e-06 8.35967e-06 3.45447e-05 1.81432 3.68817
912 6.63308e-06 8.39278e-06 8.38354e-06 3.4466e-05 1.81691 3.68397
913 6.64415e-06 8.58451e-06 8.38354e-06 3.4466e-05 1.81691 3.68397
914 6.64686e-06 9.3241e-06 8.38354e-06 3.4466e-05 1.81691 3.68397
915 6.65039e-06 8.43405e-06 8.38354e-06 3.4466e-05 1.81691 3.68397
916 6.66266e-06 8.52184e-06 8.38354e-06 3.4466e-05 1.81691 3.68397
917 6.65382e-06 8.49073e-06 8.38354e-06 3.4466e-05 1.81691 3.68397
918 6.66671e-06 8.58497e-06 8.38354e-06 3.4466e-05 1.81691 3.68397
919 6.6703e-06 8.4561e-06 8.38354e-06 3.4466e-05 1.81691 3.68397
920 6.67009e-06 8.36943e-06 8.38354e-06 3.4466e-05 1.81691 3.68397
921 6.67671e-06 8.40816e-06 8.38354e-06 3.4466e-05 1.81691 3.68397
922 6.67441e-06 8.59239e-06 8.38354e-06 3.4466e-05 1.81691 3.68397
923 6.68518e-06 8.45015e-06 8.38354e-06 3.4466e-05 1.81691 3.68397
924 6.6863e-06 8.44796e-06 8.38354e-06 3.4466e-05 1.81691 3.68397
925 6.68565e-06 8.73131e-06 8.38354e-06 3.4466e-05 1.81691 3.68397
926 6.68881e-06 8.95437e-06 8.38354e-06 3.4466e-05 1.81691 3.68397
927 6.70747e-06 8.6228e-06 8.38354e-06 3.4466e-05 1.81691 3.68397
928 6.70129e-06 8.39457e-06 8.38354e-06 3.4466e-05 1.81691 3.68397
929 6.70939e-06 8.57592e-06 8.38354e-06 3.4466e-05 1.81691 3.68397
930 6.72106e-06 8.50713e-06 8.38354e-06 3.4466e-05 1.81691 3.68397
931 6.703e-06 8.40753e-06 8.38354e-06 3.4466e-05 1.81691 3.68397
932 6.73145e-06 8.62287e-06 8.38354e-06 3.4466e-05 1.81691 3.68397
933 6.71712e-06 8.59669e-06 8.38354e-06 3.4466e-05 1.81691 3.68397
934 6.74063e-06 8.54039e-06 8.38354e-06 3.4466e-05 1.81691 3.68397
935 6.723e-06 8.48556e-06 8.38354e-06 3.4466e-05 1.81691 3.68397
936 6.72728e-06 8.93022e-06 8.38354e-06 3.4466e-05 1.81691 3.68397
937 6.73586e-06 8.77512e-06 8.38354e-06 3.4466e-05 1.81691 3.68397
938 6.74545e-06 8.61588e-06 8.38354e-06 3.4466e-05 1.81691 3.68397
939 6.74104e-06 8.59288e-06 8.38354e-06 3.4466e-05 1.81691 3.68397
940 6.74277e-06 8.42146e-06 8.38354e-06 3.4466e-05 1.81691 3.68397
941 6.7481e-06 8.45467e-06 8.38354e-06 3.4466e-05 1.81691 3.68397
942 6.75805e-06 8.53266e-06 8.38354e-06 3.4466e-05 1.81691 3.68397
943 6.75936e-06 8.55503e-06 8.38354e-06 3.4466e-05 1.81691 3.68397
944 6.75958e-06 9.01414e-06 8.38354e-06 3.4466e-05 1.81691 3.68397
945 6.76274e-06 8.55632e-06 8.38354e-06 3.4466e-05 1.81691 3.68397
946 6.77443e-06 8.78027e-06 8.38354e-06 3.4466e-05 1.81691 3.68397
947 6.77359e-06 8.45713e-06 8.38354e-06 3.4466e-05 1.81691 3.68397
948 6.78339e-06 8.48528e-06 8.38354e-06 3.4466e-05 1.81691 3.68397
949 6.78375e-06 8.74969e-06 8.38354e-06 3.4466e-05 1.81691 3.68397
950 6.77764e-06 8.44286e-06 8.38354e-06 3.4466e-05 1.81691 3.68397
951 6.78586e-06 8.46838e-06 8.38354e-06 3.4466e-05 1.81691 3.68397
952 6.55665e-06 8.52308e-06 8.38354e-06 3.4466e-05 1.81691 3.68397
953 6.57618e-06 8.40887e-06 8.38354e-06 3.4466e-05 1.81691 3.68397
954 6.57891e-06 8.59791e-06 8.38354e-06 3.4466e-05 1.81691 3.68397
955 6.58849e-06 8.67676e-06 8.38354e-06 3.4466e-05 1.81691 3.68397
956 6.59582e-06 8.40466e-06 8.38354e-06 3.4466e-05 1.81691 3.68397
957 6.59229e-06 8.7794e-06 8.38354e-06 3.4466e-05 1.81691 3.68397
958 6.60073e-06 8.45064e-06 8.38354e-06 3.4466e-05 1.81691 3.68397
959 6.60751e-06 8.62959e-06 8.38354e-06 3.4466e-05 1.81691 3.68397
960 6.61247e-06 8.44402e-06 8.38354e-06 3.4466e-05 1.81691 3.68397
961 6.61187e-06 8.39011e-06 8.38354e-06 3.4466e-05 1.81691 3.68397
962 6.62218e-06 8.54461e-06 8.38354e-06 3.4466e-05 1.81691 3.68397
963 6.62517e-06 8.515e-06 8.38354e-06 3.4466e-05 1.81691 3.68397
964 6.63585e-06 8.57285e-06 8.38354e-06 3.4466e-05 1.81691 3.68397
965 6.63888e-06 8.44993e-06 8.38354e-06 3.4466e-05 1.81691 3.68397
966 6.64742e-06 8.48804e-06 8.38354e-06 3.4466e-05 1.81691 3.68397
967 6.6508e-06 9.05174e-06 8.38354e-06 3.4466e-05 1.81691 3.68397
968 6.65668e-06 8.39824e-06 8.38354e-06 3.4466e-05 1.81691 3.68397
969 6.66355e-06 8.63174e-06 8.38354e-06 3.4466e-05 1.81691 3.68397
970 6.66929e-06 8.88745e-06 8.38354e-06 3.4466e-05 1.81691 3.68397
971 6.67333e-06 8.46178e-06 8.38354e-06 3.4466e-05 1.81691 3.68397
972 6.6791e-06 8.63881e-06 8.38354e-06 3.4466e-05 1.81691 3.68397
973 6.68265e-06 8.43132e-06 8.38354e-06 3.4466e-05 1.81691 3.68397
974 6.68268e-06 8.4318e-06 8.38354e-06 3.4466e-05 1.81691 3.68397
975 6.69517e-06 8.46075e-06 8.38354e-06 3.4466e-05 1.81691 3.68397
976 6.69559e-06 8.52946e-06 8.38354e-06 3.4466e-05 1.81691 3.68397
977 6.70085e-06 8.52075e-06 8.38354e-06 3.4466e-05 1.81691 3.68397
978 6.70003e-06 8.56874e-06 8.38354e-06 3.4466e-05 1.81691 3.68397
979 6.71049e-06 8.59147e-06 8.38354e-06 3.4466e-05 1.81691 3.68397
980 6.71402e-06 8.48606e-06 8.38354e-06 3.4466e-05 1.81691 3.68397
981 6.71831e-06 8.47668e-06 8.38354e-06 3.4466e-05 1.81691 3.68397
982 6.72635e-06 8.45737e-06 8.38354e-06 3.4466e-05 1.81691 3.68397
983 6.73492e-06 8.51113e-06 8.38354e-06 3.4466e-05 1.81691 3.68397
984 6.73173e-06 8.45408e-06 8.38354e-06 3.4466e-05 1.81691 3.68397
985 6.73961e-06 8.49492e-06 8.38354e-06 3.4466e-05 1.81691 3.68397
986 6.74586e-06 8.48222e-06 8.38354e-06 3.4466e-05 1.81691 3.68397
987 6.7518e-06 8.6109e-06 8.38354e-06 3.4466e-05 1.81691 3.68397
988 6.75943e-06 8.46492e-06 8.38354e-06 3.4466e-05 1.81691 3.68397
989 6.76579e-06 8.46196e-06 8.38354e-06 3.4466e-05 1.81691 3.68397
990 6.76487e-06 8.52053e-06 8.38354e-06 3.4466e-05 1.81691 3.68397
991 6.77278e-06 8.49662e-06 8.38354e-06 3.4466e-05 1.81691 3.68397
