1 0.00558939 0.000747882 1.79769e+308 1.79769e+308 inf inf
2 0.000393823 0.000404775 1.79769e+308 1.79769e+308 inf inf
3 0.000277715 0.000295903 0.000404775 1.79769e+308 12.6249 inf
4 0.000188372 0.000238549 0.000295903 1.79769e+308 10.7943 inf
5 0.000139607 0.000178141 0.000238549 1.79769e+308 9.69189 inf
6 0.00448738 0.000540056 0.000178141 1.79769e+308 8.37533 inf
7 0.000329949 0.000328519 0.000178141 1.79769e+308 8.37533 inf
8 0.000281769 0.000259377 0.000178141 1.79769e+308 8.37533 inf
9 0.000232248 0.000208767 0.000178141 1.79769e+308 8.37533 inf
10 0.00017283 0.000180949 0.000178141 1.79769e+308 8.37533 inf
11 0.000135096 0.000149758 0.000178141 1.79769e+308 8.37533 inf
12 0.0018422 0.000296116 0.000149758 1.79769e+308 7.67918 inf
13 0.000173434 0.000971143 0.000149758 1.79769e+308 7.67918 inf
14 0.00015218 0.000147027 0.000149758 1.79769e+308 7.67918 inf
15 0.000119516 0.000124609 0.000147027 1.79769e+308 7.60884 inf
16 0.000105974 0.000122838 0.000124609 1.79769e+308 7.00479 inf
17 8.39436e-05 0.000106515 0.000122838 1.79769e+308 6.95483 inf
18 7.50338e-05 9.80978e-05 0.000106515 1.79769e+308 6.47627 inf
19 0.00130549 0.00019744 9.80978e-05 1.79769e+308 6.21513 inf
20 0.000118338 0.000147971 9.80978e-05 1.79769e+308 6.21513 inf
21 0.000107924 0.000147251 9.80978e-05 1.79769e+308 6.21513 inf
22 9.59744e-05 0.000112967 9.80978e-05 1.79769e+308 6.21513 inf
23 8.51477e-05 0.000161133 9.80978e-05 1.79769e+308 6.21513 inf
24 7.2206e-05 9.36364e-05 9.80978e-05 1.79769e+308 6.21513 inf
25 6.85129e-05 9.69578e-05 9.36364e-05 1.79769e+308 6.07215 inf
26 5.57541e-05 7.84707e-05 9.36364e-05 1.79769e+308 6.07215 inf
27 0.000450616 0.000143767 7.84707e-05 1.79769e+308 5.55871 inf
28 7.13935e-05 0.000103315 7.84707e-05 1.79769e+308 5.55871 inf
29 6.75116e-05 8.74116e-05 7.84707e-05 1.79769e+308 5.55871 inf
30 6.23585e-05 8.66436e-05 7.84707e-05 1.79769e+308 5.55871 inf
31 5.88463e-05 8.09372e-05 7.84707e-05 1.79769e+308 5.55871 inf
32 5.28418e-05 8.78408e-05 7.84707e-05 1.79769e+308 5.55871 inf
33 0.000137115 8.58529e-05 7.84707e-05 1.79769e+308 5.55871 inf
34 5.10103e-05 7.70705e-05 7.84707e-05 1.79769e+308 5.55871 inf
35 4.69321e-05 6.76916e-05 7.70705e-05 1.79769e+308 5.50889 inf
36 6.36241e-05 0.000283497 6.76916e-05 1.79769e+308 5.16283 inf
37 4.65132e-05 6.24465e-05 6.76916e-05 1.79769e+308 5.16283 inf
38 4.18489e-05 6.24722e-05 6.24465e-05 1.79769e+308 4.95878 inf
39 3.96982e-05 6.03468e-05 6.24722e-05 1.79769e+308 4.95979 inf
40 0.000181565 7.32686e-05 6.03468e-05 1.79769e+308 4.8747 inf
41 4.33116e-05 6.66221e-05 6.03468e-05 1.79769e+308 4.8747 inf
42 4.25357e-05 5.85132e-05 6.03468e-05 1.79769e+308 4.8747 inf
43 4.07165e-05 5.87272e-05 5.85132e-05 1.79769e+308 4.80007 inf
44 3.85241e-05 5.6007e-05 5.85132e-05 1.79769e+308 4.80007 inf
45 3.85976e-05 0.000279206 5.6007e-05 1.79769e+308 4.69614 inf
46 3.61803e-05 5.40433e-05 5.6007e-05 1.79769e+308 4.69614 inf
47 7.17302e-05 5.43385e-05 5.40433e-05 1.79769e+308 4.61308 inf
48 3.36472e-05 4.9281e-05 5.40433e-05 1.79769e+308 4.61308 inf
49 3.4844e-05 5.80475e-05 4.9281e-05 1.79769e+308 4.40514 inf
50 4.25751e-05 5.59604e-05 4.9281e-05 1.79769e+308 4.40514 inf
51 3.46885e-05 5.86505e-05 4.9281e-05 1.79769e+308 4.40514 inf
52 3.17392e-05 4.79489e-05 4.9281e-05 1.79769e+308 4.40514 inf
53 3.11535e-05 4.99197e-05 4.79489e-05 1.79769e+308 4.3452 inf
54 3.09828e-05 4.83461e-05 4.79489e-05 1.79769e+308 4.3452 inf
55 0.000100989 5.24166e-05 4.79489e-05 1.79769e+308 4.3452 inf
56 2.94566e-05 4.57405e-05 4.79489e-05 1.79769e+308 4.3452 inf
57 3.00013e-05 4.82054e-05 4.57405e-05 1.79769e+308 4.24395 inf
58 2.76825e-05 5.62859e-05 4.57405e-05 1.79769e+308 4.24395 inf
59 2.88227e-05 4.58214e-05 4.57405e-05 1.79769e+308 4.24395 inf
60 2.87362e-05 4.13842e-05 4.57405e-05 1.79769e+308 4.24395 inf
61 2.7253e-05 4.24607e-05 4.13842e-05 1.79769e+308 4.0368 inf
62 6.18925e-05 4.61968e-05 4.13842e-05 1.79769e+308 4.0368 inf
63 2.62679e-05 4.34115e-05 4.13842e-05 1.79769e+308 4.0368 inf
64 2.66739e-05 4.49717e-05 4.13842e-05 1.79769e+308 4.0368 inf
65 2.55042e-05 4.12159e-05 4.13842e-05 1.79769e+308 4.0368 inf
66 3.30704e-05 3.94221e-05 4.12159e-05 1.79769e+308 4.02859 inf
67 2.55209e-05 4.22895e-05 3.94221e-05 1.79769e+308 3.93995 inf
68 2.55357e-05 3.65971e-05 3.94221e-05 1.79769e+308 3.93995 inf
69 2.86864e-05 4.11648e-05 3.65971e-05 1.79769e+308 3.79615 inf
70 2.43241e-05 3.99097e-05 3.65971e-05 1.79769e+308 3.79615 inf
71 3.23543e-05 3.91318e-05 3.65971e-05 1.79769e+308 3.79615 inf
72 2.2814e-05 3.78736e-05 3.65971e-05 1.79769e+308 3.79615 inf
73 2.41463e-05 3.56959e-05 3.65971e-05 1.79769e+308 3.79615 inf
74 3.3383e-05 3.73279e-05 3.56959e-05 1.79769e+308 3.74912 inf
75 2.29876e-05 3.71189e-05 3.56959e-05 1.79769e+308 3.74912 inf
76 2.37388e-05 3.72416e-05 3.56959e-05 1.79769e+308 3.74912 inf
77 2.25091e-05 4.27386e-05 3.56959e-05 1.79769e+308 3.74912 inf
78 5.93087e-05 3.81094e-05 3.56959e-05 1.79769e+308 3.74912 inf
79 2.05673e-05 3.93843e-05 3.56959e-05 1.79769e+308 3.74912 inf
80 2.25136e-05 4.3748e-05 3.56959e-05 1.79769e+308 3.74912 inf
81 2.32397e-05 3.46543e-05 3.56959e-05 1.79769e+308 3.74912 inf
82 2.74345e-05 3.61499e-05 3.46543e-05 1.79769e+308 3.69402 inf
83 2.24022e-05 3.5522e-05 3.46543e-05 1.79769e+308 3.69402 inf
84 2.22372e-05 3.41954e-05 3.46543e-05 1.79769e+308 3.69402 inf
85 2.20695e-05 3.54449e-05 3.41954e-05 1.79769e+308 3.66948 inf
86 3.67061e-05 3.53248e-05 3.41954e-05 1.79769e+308 3.66948 inf
87 2.12461e-05 3.3805e-05 3.41954e-05 1.79769e+308 3.66948 inf
88 2.1249e-05 0.0001297 3.3805e-05 1.79769e+308 3.64847 inf
89 2.08573e-05 3.51613e-05 3.3805e-05 1.79769e+308 3.64847 inf
90 2.0716e-05 3.56438e-05 3.3805e-05 1.79769e+308 3.64847 inf
91 6.7828e-05 3.61207e-05 3.3805e-05 1.79769e+308 3.64847 inf
92 1.8172e-05 3.57361e-05 3.3805e-05 1.79769e+308 3.64847 inf
93 2.07674e-05 3.37634e-05 3.3805e-05 1.79769e+308 3.64847 inf
94 2.14347e-05 3.34238e-05 3.37634e-05 1.79769e+308 3.64622 inf
95 2.06288e-05 3.23461e-05 3.34238e-05 1.79769e+308 3.62784 inf
96 3.25546e-05 7.31367e-05 3.23461e-05 1.79769e+308 3.56887 inf
97 1.88163e-05 3.3116e-05 3.23461e-05 1.79769e+308 3.56887 inf
98 2.15017e-05 3.36723e-05 3.23461e-05 1.79769e+308 3.56887 inf
99 1.98803e-05 3.16713e-05 3.23461e-05 1.79769e+308 3.56887 inf
100 4.44145e-05 3.0952e-05 3.16713e-05 1.79769e+308 3.53145 inf
101 1.91411e-05 3.44484e-05 3.0952e-05 1.79769e+308 3.49112 inf
102 1.89451e-05 3.43689e-05 3.0952e-05 1.79769e+308 3.49112 inf
103 1.93121e-05 3.71678e-05 3.0952e-05 1.79769e+308 3.49112 inf
104 3.47535e-05 3.54616e-05 3.0952e-05 1.79769e+308 3.49112 inf
105 1.90173e-05 3.0834e-05 3.0952e-05 1.79769e+308 3.49112 inf
106 1.93988e-05 3.06013e-05 3.0834e-05 1.79769e+308 3.48445 inf
107 1.98449e-05 3.38049e-05 3.06013e-05 1.79769e+308 3.47129 inf
108 2.01707e-05 3.38216e-05 3.06013e-05 1.79769e+308 3.47129 inf
109 1.88927e-05 3.08054e-05 3.06013e-05 1.79769e+308 3.47129 inf
110 4.25201e-05 3.43501e-05 3.06013e-05 1.79769e+308 3.47129 inf
111 1.85592e-05 3.13161e-05 3.06013e-05 1.79769e+308 3.47129 inf
112 1.94132e-05 3.04678e-05 3.06013e-05 1.79769e+308 3.47129 inf
113 1.89789e-05 8.38594e-05 3.04678e-05 1.79769e+308 3.4637 inf
114 1.99377e-05 3.10399e-05 3.04678e-05 1.79769e+308 3.4637 inf
115 1.95366e-05 3.00809e-05 3.04678e-05 1.79769e+308 3.4637 inf
116 1.87224e-05 2.967e-05 3.00809e-05 1.79769e+308 3.44164 inf
117 1.87564e-05 2.79386e-05 2.967e-05 1.79769e+308 3.41806 inf
118 3.59185e-05 2.87811e-05 2.79386e-05 1.79769e+308 3.31683 inf
119 1.75035e-05 4.0935e-05 2.79386e-05 1.79769e+308 3.31683 inf
120 1.87866e-05 0.000191104 2.79386e-05 1.79769e+308 3.31683 inf
121 1.69593e-05 3.13087e-05 2.79386e-05 1.79769e+308 3.31683 inf
122 2.56478e-05 3.51048e-05 2.79386e-05 1.79769e+308 3.31683 inf
123 1.72904e-05 3.05688e-05 2.79386e-05 1.79769e+308 3.31683 inf
124 1.87837e-05 3.21094e-05 2.79386e-05 1.79769e+308 3.31683 inf
125 1.75691e-05 2.94542e-05 2.79386e-05 1.79769e+308 3.31683 inf
126 3.01344e-05 2.90691e-05 2.79386e-05 1.79769e+308 3.31683 inf
127 1.73729e-05 3.40533e-05 2.79386e-05 1.79769e+308 3.31683 inf
128 1.7591e-05 3.2353e-05 2.79386e-05 1.79769e+308 3.31683 inf
129 1.81322e-05 2.90309e-05 2.79386e-05 1.79769e+308 3.31683 inf
130 1.75005e-05 3.07655e-05 2.79386e-05 1.79769e+308 3.31683 inf
131 2.17128e-05 2.96192e-05 2.79386e-05 1.79769e+308 3.31683 inf
132 1.72008e-05 3.09409e-05 2.79386e-05 1.79769e+308 3.31683 inf
133 1.7447e-05 3.05036e-05 2.79386e-05 1.79769e+308 3.31683 inf
134 1.79153e-05 2.86458e-05 2.79386e-05 1.79769e+308 3.31683 inf
135 2.26367e-05 2.64998e-05 2.79386e-05 1.79769e+308 3.31683 inf
136 1.70523e-05 2.90621e-05 2.64998e-05 1.79769e+308 3.23029 inf
137 1.75251e-05 2.74346e-05 2.64998e-05 1.79769e+308 3.23029 inf
138 1.73668e-05 2.6843e-05 2.64998e-05 1.79769e+308 3.23029 inf
139 2.41576e-05 2.84235e-05 2.64998e-05 1.79769e+308 3.23029 inf
140 1.8127e-05 2.90163e-05 2.64998e-05 1.79769e+308 3.23029 inf
141 1.63204e-05 2.76494e-05 2.64998e-05 1.79769e+308 3.23029 inf
142 1.66937e-05 0.000104559 2.64998e-05 1.79769e+308 3.23029 inf
143 7.82428e-05 4.09379e-05 2.64998e-05 1.79769e+308 3.23029 inf
144 1.90794e-05 3.92332e-05 2.64998e-05 1.79769e+308 3.23029 inf
145 1.82289e-05 3.06129e-05 2.64998e-05 1.79769e+308 3.23029 inf
146 1.87435e-05 3.1136e-05 2.64998e-05 1.79769e+308 3.23029 inf
147 1.75495e-05 3.05991e-05 2.64998e-05 1.79769e+308 3.23029 inf
148 1.68701e-05 2.74329e-05 2.64998e-05 1.79769e+308 3.23029 inf
149 2.17039e-05 6.71831e-05 2.64998e-05 1.79769e+308 3.23029 inf
150 1.75624e-05 2.83559e-05 2.64998e-05 1.79769e+308 3.23029 inf
151 1.65684e-05 2.86008e-05 2.64998e-05 1.79769e+308 3.23029 inf
152 1.65316e-05 2.74424e-05 2.64998e-05 1.79769e+308 3.23029 inf
153 1.85315e-05 2.75501e-05 2.64998e-05 1.79769e+308 3.23029 inf
154 1.72772e-05 5.8149e-05 2.64998e-05 1.79769e+308 3.23029 inf
155 1.55165e-05 2.62777e-05 2.64998e-05 1.79769e+308 3.23029 inf
156 2.91003e-05 2.95958e-05 2.62777e-05 1.79769e+308 3.21673 inf
157 1.53343e-05 2.63744e-05 2.62777e-05 1.79769e+308 3.21673 inf
158 1.66811e-05 2.7414e-05 2.62777e-05 1.79769e+308 3.21673 inf
159 1.75442e-05 2.81751e-05 2.62777e-05 1.79769e+308 3.21673 inf
160 1.5885e-05 2.70156e-05 2.62777e-05 1.79769e+308 3.21673 inf
161 1.9058e-05 2.67854e-05 2.62777e-05 1.79769e+308 3.21673 inf
162 1.67586e-05 2.77505e-05 2.62777e-05 1.79769e+308 3.21673 inf
163 1.76442e-05 3.04942e-05 2.62777e-05 1.79769e+308 3.21673 inf
164 1.57909e-05 0.000156358 2.62777e-05 1.79769e+308 3.21673 inf
165 3.02905e-05 2.68763e-05 2.62777e-05 1.79769e+308 3.21673 inf
166 1.50385e-05 2.64556e-05 2.62777e-05 1.79769e+308 3.21673 inf
167 1.648e-05 2.72759e-05 2.62777e-05 1.79769e+308 3.21673 inf
168 1.56113e-05 4.06536e-05 2.62777e-05 1.79769e+308 3.21673 inf
169 6.34491e-05 2.90789e-05 2.62777e-05 1.79769e+308 3.21673 inf
170 1.29591e-05 2.70139e-05 2.62777e-05 1.79769e+308 3.21673 inf
171 1.6033e-05 2.7396e-05 2.62777e-05 1.79769e+308 3.21673 inf
172 1.62446e-05 3.01477e-05 2.62777e-05 1.79769e+308 3.21673 inf
173 1.56887e-05 2.70388e-05 2.62777e-05 1.79769e+308 3.21673 inf
174 1.72414e-05 2.6868e-05 2.62777e-05 1.79769e+308 3.21673 inf
175 1.60136e-05 2.88556e-05 2.62777e-05 1.79769e+308 3.21673 inf
176 1.63257e-05 2.75224e-05 2.62777e-05 1.79769e+308 3.21673 inf
177 1.63379e-05 3.26274e-05 2.62777e-05 1.79769e+308 3.21673 inf
178 1.51124e-05 3.97164e-05 2.62777e-05 1.79769e+308 3.21673 inf
179 4.07816e-05 2.83805e-05 2.62777e-05 1.79769e+308 3.21673 inf
180 1.44409e-05 2.88509e-05 2.62777e-05 1.79769e+308 3.21673 inf
181 1.55849e-05 2.72021e-05 2.62777e-05 1.79769e+308 3.21673 inf
182 1.52916e-05 2.57481e-05 2.62777e-05 1.79769e+308 3.21673 inf
183 1.51427e-05 2.65785e-05 2.57481e-05 1.79769e+308 3.18414 inf
184 2.55801e-05 9.57823e-05 2.57481e-05 1.79769e+308 3.18414 inf
185 1.45999e-05 2.59799e-05 2.57481e-05 1.79769e+308 3.18414 inf
186 1.52379e-05 2.47337e-05 2.57481e-05 1.79769e+308 3.18414 inf
187 1.58942e-05 2.87531e-05 2.47337e-05 1.79769e+308 3.12079 inf
188 1.63528e-05 2.63626e-05 2.47337e-05 1.79769e+308 3.12079 inf
189 1.55106e-05 2.83972e-05 2.47337e-05 1.79769e+308 3.12079 inf
190 2.48093e-05 2.58551e-05 2.47337e-05 1.79769e+308 3.12079 inf
191 1.46458e-05 2.90117e-05 2.47337e-05 1.79769e+308 3.12079 inf
192 1.47913e-05 9.42879e-05 2.47337e-05 1.79769e+308 3.12079 inf
193 1.59661e-05 2.7198e-05 2.47337e-05 1.79769e+308 3.12079 inf
194 1.53857e-05 2.79814e-05 2.47337e-05 1.79769e+308 3.12079 inf
195 1.47183e-05 2.49122e-05 2.47337e-05 1.79769e+308 3.12079 inf
196 5.08871e-05 3.81253e-05 2.47337e-05 1.79769e+308 3.12079 inf
197 1.66551e-05 3.66522e-05 2.47337e-05 1.79769e+308 3.12079 inf
198 1.63311e-05 2.7811e-05 2.47337e-05 1.79769e+308 3.12079 inf
199 1.65414e-05 2.77282e-05 2.47337e-05 1.79769e+308 3.12079 inf
200 1.59081e-05 2.94016e-05 2.47337e-05 1.79769e+308 3.12079 inf
201 2.49276e-05 2.5246e-05 2.47337e-05 1.79769e+308 3.12079 inf
202 1.60665e-05 2.81705e-05 2.47337e-05 1.79769e+308 3.12079 inf
203 1.56543e-05 2.69181e-05 2.47337e-05 1.79769e+308 3.12079 inf
204 1.43657e-05 2.5576e-05 2.47337e-05 1.79769e+308 3.12079 inf
205 2.64522e-05 2.56073e-05 2.47337e-05 1.79769e+308 3.12079 inf
206 1.33416e-05 2.41996e-05 2.47337e-05 1.79769e+308 3.12079 inf
207 1.51344e-05 2.59064e-05 2.41996e-05 1.79769e+308 3.08691 inf
208 1.49617e-05 2.41838e-05 2.41996e-05 1.79769e+308 3.08691 inf
209 3.36384e-05 2.53659e-05 2.41838e-05 1.79769e+308 3.0859 inf
210 1.3098e-05 2.78216e-05 2.41838e-05 1.79769e+308 3.0859 inf
211 1.5487e-05 2.77743e-05 2.41838e-05 1.79769e+308 3.0859 inf
212 1.4305e-05 2.55217e-05 2.41838e-05 1.79769e+308 3.0859 inf
213 2.45927e-05 2.57351e-05 2.41838e-05 1.79769e+308 3.0859 inf
214 1.50932e-05 2.50998e-05 2.41838e-05 1.79769e+308 3.0859 inf
215 1.4038e-05 2.42741e-05 2.41838e-05 1.79769e+308 3.0859 inf
216 1.52283e-05 2.87318e-05 2.41838e-05 1.79769e+308 3.0859 inf
217 1.44585e-05 2.46298e-05 2.41838e-05 1.79769e+308 3.0859 inf
218 1.93585e-05 2.4866e-05 2.41838e-05 1.79769e+308 3.0859 inf
219 1.37139e-05 2.80847e-05 2.41838e-05 1.79769e+308 3.0859 inf
220 1.46623e-05 2.41183e-05 2.41838e-05 1.79769e+308 3.0859 inf
221 1.50555e-05 2.55531e-05 2.41183e-05 1.79769e+308 3.08173 inf
222 1.53276e-05 3.54382e-05 2.41183e-05 1.79769e+308 3.08173 inf
223 1.45255e-05 2.43462e-05 2.41183e-05 1.79769e+308 3.08173 inf
224 1.7228e-05 2.51913e-05 2.41183e-05 1.79769e+308 3.08173 inf
225 1.47806e-05 2.52921e-05 2.41183e-05 1.79769e+308 3.08173 inf
226 1.42435e-05 2.22748e-05 2.41183e-05 1.79769e+308 3.08173 inf
227 1.43678e-05 0.0002362 2.22748e-05 1.79769e+308 2.9616 inf
228 1.48933e-05 2.30859e-05 2.22748e-05 1.79769e+308 2.9616 inf
229 1.43642e-05 2.51128e-05 2.22748e-05 1.79769e+308 2.9616 inf
230 4.10064e-05 2.91638e-05 2.22748e-05 1.79769e+308 2.9616 inf
231 1.43959e-05 2.58533e-05 2.22748e-05 1.79769e+308 2.9616 inf
232 1.49825e-05 2.5288e-05 2.22748e-05 1.79769e+308 2.9616 inf
233 1.47585e-05 2.5957e-05 2.22748e-05 1.79769e+308 2.9616 inf
234 1.44891e-05 2.56125e-05 2.22748e-05 1.79769e+308 2.9616 inf
235 2.52283e-05 2.27512e-05 2.22748e-05 1.79769e+308 2.9616 inf
236 1.42095e-05 2.48377e-05 2.22748e-05 1.79769e+308 2.9616 inf
237 1.44826e-05 2.83516e-05 2.22748e-05 1.79769e+308 2.9616 inf
238 1.40125e-05 2.50153e-05 2.22748e-05 1.79769e+308 2.9616 inf
239 1.56866e-05 2.48201e-05 2.22748e-05 1.79769e+308 2.9616 inf
240 1.38315e-05 2.41769e-05 2.22748e-05 1.79769e+308 2.9616 inf
241 2.09484e-05 2.25e-05 2.22748e-05 1.79769e+308 2.9616 inf
242 1.33556e-05 2.72176e-05 2.22748e-05 1.79769e+308 2.9616 inf
243 1.41528e-05 2.30543e-05 2.22748e-05 1.79769e+308 2.9616 inf
244 1.45296e-05 2.61865e-05 2.22748e-05 1.79769e+308 2.9616 inf
245 1.39671e-05 2.53417e-05 2.22748e-05 1.79769e+308 2.9616 inf
246 1.61682e-05 2.74574e-05 2.22748e-05 1.79769e+308 2.9616 inf
247 1.38827e-05 2.58734e-05 2.22748e-05 1.79769e+308 2.9616 inf
248 1.46391e-05 4.10337e-05 2.22748e-05 1.79769e+308 2.9616 inf
249 1.43484e-05 2.59813e-05 2.22748e-05 1.79769e+308 2.9616 inf
250 1.373e-05 2.36765e-05 2.22748e-05 1.79769e+308 2.9616 inf
251 1.47327e-05 2.38889e-05 2.22748e-05 1.79769e+308 2.9616 inf
252 1.31698e-05 2.31102e-05 2.22748e-05 1.79769e+308 2.9616 inf
253 2.82961e-05 2.36719e-05 2.22748e-05 1.79769e+308 2.9616 inf
254 1.25299e-05 2.36734e-05 2.22748e-05 1.79769e+308 2.9616 inf
255 1.36152e-05 2.61511e-05 2.22748e-05 1.79769e+308 2.9616 inf
256 1.50667e-05 2.42597e-05 2.22748e-05 1.79769e+308 2.9616 inf
257 1.2947e-05 4.51966e-05 2.22748e-05 1.79769e+308 2.9616 inf
258 4.67987e-05 2.58668e-05 2.22748e-05 1.79769e+308 2.9616 inf
259 1.23753e-05 2.47543e-05 2.22748e-05 1.79769e+308 2.9616 inf
260 1.32628e-05 2.31144e-05 2.22748e-05 1.79769e+308 2.9616 inf
261 1.39236e-05 2.80002e-05 2.22748e-05 1.79769e+308 2.9616 inf
262 1.34218e-05 2.50315e-05 2.22748e-05 1.79769e+308 2.9616 inf
263 2.27403e-05 2.50347e-05 2.22748e-05 1.79769e+308 2.9616 inf
264 1.35433e-05 2.50097e-05 2.22748e-05 1.79769e+308 2.9616 inf
265 1.35896e-05 2.97207e-05 2.22748e-05 1.79769e+308 2.9616 inf
266 1.29008e-05 2.21154e-05 2.22748e-05 1.79769e+308 2.9616 inf
267 2.83486e-05 2.41535e-05 2.21154e-05 1.79769e+308 2.95099 inf
268 1.14187e-05 2.36723e-05 2.21154e-05 1.79769e+308 2.95099 inf
269 1.40539e-05 2.27859e-05 2.21154e-05 1.79769e+308 2.95099 inf
270 1.3503e-05 2.48607e-05 2.21154e-05 1.79769e+308 2.95099 inf
271 1.41241e-05 2.4012e-05 2.21154e-05 1.79769e+308 2.95099 inf
272 1.31943e-05 4.92424e-05 2.21154e-05 1.79769e+308 2.95099 inf
273 1.61534e-05 2.30331e-05 2.21154e-05 1.79769e+308 2.95099 inf
274 1.39693e-05 2.42054e-05 2.21154e-05 1.79769e+308 2.95099 inf
275 1.35395e-05 7.11219e-05 2.21154e-05 1.79769e+308 2.95099 inf
276 1.2969e-05 2.1851e-05 2.21154e-05 1.79769e+308 2.95099 inf
277 1.6838e-05 2.30467e-05 2.1851e-05 1.79769e+308 2.93329 inf
278 1.32339e-05 2.21881e-05 2.1851e-05 1.79769e+308 2.93329 inf
279 1.34216e-05 2.28103e-05 2.1851e-05 1.79769e+308 2.93329 inf
280 2.05484e-05 2.39633e-05 2.1851e-05 1.79769e+308 2.93329 inf
281 1.19719e-05 2.37321e-05 2.1851e-05 1.79769e+308 2.93329 inf
282 1.44569e-05 2.27765e-05 2.1851e-05 1.79769e+308 2.93329 inf
283 1.39809e-05 2.36959e-05 2.1851e-05 1.79769e+308 2.93329 inf
284 1.30463e-05 2.43279e-05 2.1851e-05 1.79769e+308 2.93329 inf
285 1.37206e-05 2.41037e-05 2.1851e-05 1.79769e+308 2.93329 inf
286 1.32926e-05 2.37715e-05 2.1851e-05 1.79769e+308 2.93329 inf
287 1.35231e-05 2.43056e-05 2.1851e-05 1.79769e+308 2.93329 inf
288 1.35611e-05 2.29456e-05 2.1851e-05 1.79769e+308 2.93329 inf
289 1.33837e-05 2.28939e-05 2.1851e-05 1.79769e+308 2.93329 inf
290 2.14803e-05 2.31617e-05 2.1851e-05 1.79769e+308 2.93329 inf
291 1.32472e-05 2.3877e-05 2.1851e-05 1.79769e+308 2.93329 inf
292 1.28657e-05 2.29576e-05 2.1851e-05 1.79769e+308 2.93329 inf
293 1.30862e-05 2.3445e-05 2.1851e-05 1.79769e+308 2.93329 inf
294 2.02711e-05 2.9779e-05 2.1851e-05 1.79769e+308 2.93329 inf
295 9.9275e-06 2.29421e-05 2.1851e-05 1.79769e+308 2.93329 inf
296 1.29545e-05 2.36903e-05 2.1851e-05 1.79769e+308 2.93329 inf
297 1.41448e-05 2.51603e-05 2.1851e-05 1.79769e+308 2.93329 inf
298 1.30679e-05 2.10483e-05 2.1851e-05 1.79769e+308 2.93329 inf
299 1.30273e-05 0.000133797 2.10483e-05 1.79769e+308 2.87891 inf
300 2.60593e-05 2.35462e-05 2.10483e-05 1.79769e+308 2.87891 inf
301 1.14039e-05 2.22087e-05 2.10483e-05 1.79769e+308 2.87891 inf
302 1.29438e-05 2.2825e-05 2.10483e-05 1.79769e+308 2.87891 inf
303 2.19913e-05 4.34003e-05 2.10483e-05 1.79769e+308 2.87891 inf
304 9.37645e-06 2.37083e-05 2.10483e-05 1.79769e+308 2.87891 inf
305 1.34179e-05 2.27673e-05 2.10483e-05 1.79769e+308 2.87891 inf
306 1.26038e-05 2.2543e-05 2.10483e-05 1.79769e+308 2.87891 inf
307 1.68766e-05 2.24482e-05 2.10483e-05 1.79769e+308 2.87891 inf
308 1.29931e-05 2.5913e-05 2.10483e-05 1.79769e+308 2.87891 inf
309 1.30578e-05 2.27887e-05 2.10483e-05 1.79769e+308 2.87891 inf
310 1.33142e-05 4.1284e-05 2.10483e-05 1.79769e+308 2.87891 inf
311 1.2558e-05 2.23577e-05 2.10483e-05 1.79769e+308 2.87891 inf
312 1.86881e-05 2.23778e-05 2.10483e-05 1.79769e+308 2.87891 inf
313 1.23851e-05 5.0413e-05 2.10483e-05 1.79769e+308 2.87891 inf
314 1.32334e-05 2.27155e-05 2.10483e-05 1.79769e+308 2.87891 inf
315 1.35533e-05 5.78364e-05 2.10483e-05 1.79769e+308 2.87891 inf
316 1.23547e-05 2.18082e-05 2.10483e-05 1.79769e+308 2.87891 inf
317 2.78924e-05 2.27237e-05 2.10483e-05 1.79769e+308 2.87891 inf
318 1.25119e-05 2.6676e-05 2.10483e-05 1.79769e+308 2.87891 inf
319 1.85874e-05 2.51684e-05 2.10483e-05 1.79769e+308 2.87891 inf
320 1.05688e-05 2.39632e-05 2.10483e-05 1.79769e+308 2.87891 inf
321 1.28957e-05 2.24106e-05 2.10483e-05 1.79769e+308 2.87891 inf
322 1.56341e-05 2.44601e-05 2.10483e-05 1.79769e+308 2.87891 inf
323 1.08767e-05 2.45629e-05 2.10483e-05 1.79769e+308 2.87891 inf
324 1.28376e-05 2.20585e-05 2.10483e-05 1.79769e+308 2.87891 inf
325 1.26696e-05 2.05922e-05 2.10483e-05 1.79769e+308 2.87891 inf
326 1.24486e-05 2.30428e-05 2.05922e-05 1.79769e+308 2.84755 inf
327 4.06057e-05 2.34008e-05 2.05922e-05 1.79769e+308 2.84755 inf
328 1.10751e-05 2.22216e-05 2.05922e-05 1.79769e+308 2.84755 inf
329 1.32369e-05 2.26559e-05 2.05922e-05 1.79769e+308 2.84755 inf
330 1.18521e-05 2.19818e-05 2.05922e-05 1.79769e+308 2.84755 inf
331 1.34267e-05 2.64659e-05 2.05922e-05 1.79769e+308 2.84755 inf
332 1.22724e-05 2.13766e-05 2.05922e-05 1.79769e+308 2.84755 inf
333 1.28472e-05 2.26142e-05 2.05922e-05 1.79769e+308 2.84755 inf
334 1.30077e-05 2.21338e-05 2.05922e-05 1.79769e+308 2.84755 inf
335 1.27673e-05 2.18287e-05 2.05922e-05 1.79769e+308 2.84755 inf
336 1.46691e-05 2.3397e-05 2.05922e-05 1.79769e+308 2.84755 inf
337 1.26993e-05 2.43716e-05 2.05922e-05 1.79769e+308 2.84755 inf
338 1.24389e-05 3.93208e-05 2.05922e-05 1.79769e+308 2.84755 inf
339 1.4709e-05 2.0784e-05 2.05922e-05 1.79769e+308 2.84755 inf
340 1.18934e-05 2.25187e-05 2.05922e-05 1.79769e+308 2.84755 inf
341 1.38641e-05 2.95492e-05 2.05922e-05 1.79769e+308 2.84755 inf
342 1.19984e-05 2.39354e-05 2.05922e-05 1.79769e+308 2.84755 inf
343 4.74835e-05 2.94287e-05 2.05922e-05 1.79769e+308 2.84755 inf
344 1.28739e-05 2.64745e-05 2.05922e-05 1.79769e+308 2.84755 inf
345 1.34639e-05 2.39717e-05 2.05922e-05 1.79769e+308 2.84755 inf
346 1.29614e-05 2.50946e-05 2.05922e-05 1.79769e+308 2.84755 inf
347 1.31293e-05 2.21313e-05 2.05922e-05 1.79769e+308 2.84755 inf
348 1.23618e-05 2.28485e-05 2.05922e-05 1.79769e+308 2.84755 inf
349 2.13417e-05 2.09794e-05 2.05922e-05 1.79769e+308 2.84755 inf
350 1.13672e-05 3.95649e-05 2.05922e-05 1.79769e+308 2.84755 inf
351 1.44325e-05 2.19501e-05 2.05922e-05 1.79769e+308 2.84755 inf
352 1.19496e-05 2.13735e-05 2.05922e-05 1.79769e+308 2.84755 inf
353 1.23206e-05 2.18715e-05 2.05922e-05 1.79769e+308 2.84755 inf
354 1.23121e-05 2.18653e-05 2.05922e-05 1.79769e+308 2.84755 inf
355 2.99097e-05 2.18564e-05 2.05922e-05 1.79769e+308 2.84755 inf
356 1.0814e-05 2.25072e-05 2.05922e-05 1.79769e+308 2.84755 inf
357 1.25385e-05 2.15775e-05 2.05922e-05 1.79769e+308 2.84755 inf
358 1.19686e-05 2.19367e-05 2.05922e-05 1.79769e+308 2.84755 inf
359 3.20996e-05 2.40276e-05 2.05922e-05 1.79769e+308 2.84755 inf
360 1.16745e-05 2.2784e-05 2.05922e-05 1.79769e+308 2.84755 inf
361 1.22689e-05 2.49156e-05 2.05922e-05 1.79769e+308 2.84755 inf
362 1.23936e-05 2.10485e-05 2.05922e-05 1.79769e+308 2.84755 inf
363 2.04032e-05 2.10611e-05 2.05922e-05 1.79769e+308 2.84755 inf
364 1.15978e-05 2.23658e-05 2.05922e-05 1.79769e+308 2.84755 inf
365 1.25941e-05 2.16357e-05 2.05922e-05 1.79769e+308 2.84755 inf
366 1.22827e-05 2.31649e-05 2.05922e-05 1.79769e+308 2.84755 inf
367 1.23138e-05 2.26704e-05 2.05922e-05 1.79769e+308 2.84755 inf
368 1.20768e-05 2.04224e-05 2.05922e-05 1.79769e+308 2.84755 inf
369 2.90933e-05 2.23948e-05 2.04224e-05 1.79769e+308 2.83579 inf
370 1.0798e-05 2.15125e-05 2.04224e-05 1.79769e+308 2.83579 inf
371 1.20589e-05 2.08659e-05 2.04224e-05 1.79769e+308 2.83579 inf
372 1.21241e-05 2.08955e-05 2.04224e-05 1.79769e+308 2.83579 inf
373 1.33687e-05 2.24993e-05 2.04224e-05 1.79769e+308 2.83579 inf
374 1.10426e-05 2.13839e-05 2.04224e-05 1.79769e+308 2.83579 inf
375 3.56996e-05 2.24477e-05 2.04224e-05 1.79769e+308 2.83579 inf
376 1.04974e-05 2.1047e-05 2.04224e-05 1.79769e+308 2.83579 inf
377 1.16679e-05 2.55902e-05 2.04224e-05 1.79769e+308 2.83579 inf
378 1.20445e-05 2.10774e-05 2.04224e-05 1.79769e+308 2.83579 inf
379 1.19514e-05 2.28364e-05 2.04224e-05 1.79769e+308 2.83579 inf
380 1.26739e-05 2.19855e-05 2.04224e-05 1.79769e+308 2.83579 inf
381 1.17438e-05 0.000214759 2.04224e-05 1.79769e+308 2.83579 inf
382 1.25516e-05 2.11527e-05 2.04224e-05 1.79769e+308 2.83579 inf
383 1.1742e-05 2.29993e-05 2.04224e-05 1.79769e+308 2.83579 inf
384 2.26738e-05 2.01974e-05 2.04224e-05 1.79769e+308 2.83579 inf
385 1.06895e-05 2.1851e-05 2.01974e-05 1.79769e+308 2.82012 inf
386 1.14579e-05 2.13931e-05 2.01974e-05 1.79769e+308 2.82012 inf
387 1.2268e-05 2.27938e-05 2.01974e-05 1.79769e+308 2.82012 inf
388 1.1616e-05 2.08274e-05 2.01974e-05 1.79769e+308 2.82012 inf
389 3.02937e-05 2.05459e-05 2.01974e-05 1.79769e+308 2.82012 inf
390 1.11112e-05 2.37944e-05 2.01974e-05 1.79769e+308 2.82012 inf
391 1.12306e-05 2.15864e-05 2.01974e-05 1.79769e+308 2.82012 inf
392 1.14759e-05 2.14131e-05 2.01974e-05 1.79769e+308 2.82012 inf
393 3.96839e-05 2.39707e-05 2.01974e-05 1.79769e+308 2.82012 inf
394 9.85374e-06 2.27636e-05 2.01974e-05 1.79769e+308 2.82012 inf
395 1.15406e-05 0.000116848 2.01974e-05 1.79769e+308 2.82012 inf
396 1.2119e-05 2.17489e-05 2.01974e-05 1.79769e+308 2.82012 inf
397 1.15419e-05 0.000139354 2.01974e-05 1.79769e+308 2.82012 inf
398 1.19809e-05 2.22265e-05 2.01974e-05 1.79769e+308 2.82012 inf
399 1.22171e-05 2.03003e-05 2.01974e-05 1.79769e+308 2.82012 inf
400 1.19125e-05 2.11402e-05 2.01974e-05 1.79769e+308 2.82012 inf
401 5.28882e-05 8.26622e-05 2.01974e-05 1.79769e+308 2.82012 inf
402 1.6161e-05 3.33935e-05 2.01974e-05 1.79769e+308 2.82012 inf
403 1.44151e-05 3.00073e-05 2.01974e-05 1.79769e+308 2.82012 inf
404 1.38745e-05 2.57388e-05 2.01974e-05 1.79769e+308 2.82012 inf
405 1.33315e-05 2.53703e-05 2.01974e-05 1.79769e+308 2.82012 inf
406 1.20745e-05 2.13708e-05 2.01974e-05 1.79769e+308 2.82012 inf
407 4.06043e-05 2.31069e-05 2.01974e-05 1.79769e+308 2.82012 inf
408 9.83948e-06 2.17198e-05 2.01974e-05 1.79769e+308 2.82012 inf
409 1.20103e-05 2.26378e-05 2.01974e-05 1.79769e+308 2.82012 inf
410 1.15096e-05 2.23198e-05 2.01974e-05 1.79769e+308 2.82012 inf
411 1.58208e-05 2.14055e-05 2.01974e-05 1.79769e+308 2.82012 inf
412 1.1503e-05 2.56933e-05 2.01974e-05 1.79769e+308 2.82012 inf
413 1.16005e-05 0.000102868 2.01974e-05 1.79769e+308 2.82012 inf
414 1.68916e-05 2.6442e-05 2.01974e-05 1.79769e+308 2.82012 inf
415 9.04721e-06 2.1294e-05 2.01974e-05 1.79769e+308 2.82012 inf
416 1.14265e-05 2.03421e-05 2.01974e-05 1.79769e+308 2.82012 inf
417 2.27591e-05 1.9796e-05 2.01974e-05 1.79769e+308 2.82012 inf
418 1.06294e-05 2.14236e-05 1.9796e-05 1.79769e+308 2.79196 inf
419 1.18211e-05 2.29367e-05 1.9796e-05 1.79769e+308 2.79196 inf
420 1.52262e-05 2.41717e-05 1.9796e-05 1.79769e+308 2.79196 inf
421 9.43961e-06 2.16968e-05 1.9796e-05 1.79769e+308 2.79196 inf
422 1.13432e-05 2.21484e-05 1.9796e-05 1.79769e+308 2.79196 inf
423 1.4959e-05 2.2069e-05 1.9796e-05 1.79769e+308 2.79196 inf
424 1.17399e-05 2.58212e-05 1.9796e-05 1.79769e+308 2.79196 inf
425 1.08911e-05 1.95264e-05 1.9796e-05 1.79769e+308 2.79196 inf
426 1.1863e-05 2.08549e-05 1.95264e-05 1.79769e+308 2.77288 inf
427 1.16855e-05 2.09901e-05 1.95264e-05 1.79769e+308 2.77288 inf
428 2.26068e-05 2.05475e-05 1.95264e-05 1.79769e+308 2.77288 inf
429 1.04409e-05 2.17946e-05 1.95264e-05 1.79769e+308 2.77288 inf
430 1.17252e-05 2.13682e-05 1.95264e-05 1.79769e+308 2.77288 inf
431 1.17973e-05 2.1274e-05 1.95264e-05 1.79769e+308 2.77288 inf
432 1.19844e-05 2.00669e-05 1.95264e-05 1.79769e+308 2.77288 inf
433 1.11114e-05 2.0049e-05 1.95264e-05 1.79769e+308 2.77288 inf
434 4.87703e-05 2.18447e-05 1.95264e-05 1.79769e+308 2.77288 inf
435 9.29913e-06 2.17497e-05 1.95264e-05 1.79769e+308 2.77288 inf
436 1.10132e-05 2.08896e-05 1.95264e-05 1.79769e+308 2.77288 inf
437 1.17816e-05 2.3489e-05 1.95264e-05 1.79769e+308 2.77288 inf
438 1.09161e-05 1.98654e-05 1.95264e-05 1.79769e+308 2.77288 inf
439 3.57796e-05 2.1241e-05 1.95264e-05 1.79769e+308 2.77288 inf
440 9.79578e-06 2.22009e-05 1.95264e-05 1.79769e+308 2.77288 inf
441 1.12963e-05 2.08499e-05 1.95264e-05 1.79769e+308 2.77288 inf
442 1.15051e-05 2.0633e-05 1.95264e-05 1.79769e+308 2.77288 inf
443 1.12991e-05 2.06585e-05 1.95264e-05 1.79769e+308 2.77288 inf
444 2.91408e-05 2.19014e-05 1.95264e-05 1.79769e+308 2.77288 inf
445 9.94462e-06 2.11179e-05 1.95264e-05 1.79769e+308 2.77288 inf
446 1.15897e-05 2.15945e-05 1.95264e-05 1.79769e+308 2.77288 inf
447 1.08485e-05 2.13851e-05 1.95264e-05 1.79769e+308 2.77288 inf
448 1.21228e-05 2.03406e-05 1.95264e-05 1.79769e+308 2.77288 inf
449 1.13604e-05 3.09255e-05 1.95264e-05 1.79769e+308 2.77288 inf
450 1.19518e-05 2.25285e-05 1.95264e-05 1.79769e+308 2.77288 inf
451 1.1608e-05 2.15429e-05 1.95264e-05 1.79769e+308 2.77288 inf
452 1.15561e-05 2.08227e-05 1.95264e-05 1.79769e+308 2.77288 inf
453 1.08943e-05 1.97423e-05 1.95264e-05 1.79769e+308 2.77288 inf
454 3.51967e-05 2.12435e-05 1.95264e-05 1.79769e+308 2.77288 inf
455 9.61343e-06 2.08404e-05 1.95264e-05 1.79769e+308 2.77288 inf
456 1.09226e-05 2.30922e-05 1.95264e-05 1.79769e+308 2.77288 inf
457 1.10694e-05 2.04797e-05 1.95264e-05 1.79769e+308 2.77288 inf
458 1.16515e-05 0.000128154 1.95264e-05 1.79769e+308 2.77288 inf
459 1.1155e-05 1.96069e-05 1.95264e-05 1.79769e+308 2.77288 inf
460 4.8985e-05 2.51747e-05 1.95264e-05 1.79769e+308 2.77288 inf
461 8.92284e-06 2.06472e-05 1.95264e-05 1.79769e+308 2.77288 inf
462 1.18906e-05 2.13731e-05 1.95264e-05 1.79769e+308 2.77288 inf
463 1.05167e-05 2.04532e-05 1.95264e-05 1.79769e+308 2.77288 inf
464 1.17753e-05 2.17453e-05 1.95264e-05 1.79769e+308 2.77288 inf
465 1.14584e-05 0.000154955 1.95264e-05 1.79769e+308 2.77288 inf
466 1.12346e-05 2.05526e-05 1.95264e-05 1.79769e+308 2.77288 inf
467 2.06368e-05 2.78095e-05 1.95264e-05 1.79769e+308 2.77288 inf
468 7.72305e-06 1.91873e-05 1.95264e-05 1.79769e+308 2.77288 inf
469 1.0665e-05 2.29652e-05 1.91873e-05 1.79769e+308 2.7487 inf
470 1.09934e-05 5.21293e-05 1.91873e-05 1.79769e+308 2.7487 inf
471 1.39338e-05 2.28184e-05 1.91873e-05 1.79769e+308 2.7487 inf
472 9.86467e-06 2.03509e-05 1.91873e-05 1.79769e+308 2.7487 inf
473 1.10079e-05 2.13383e-05 1.91873e-05 1.79769e+308 2.7487 inf
474 1.13032e-05 2.08037e-05 1.91873e-05 1.79769e+308 2.7487 inf
475 1.12435e-05 2.12224e-05 1.91873e-05 1.79769e+308 2.7487 inf
476 1.09759e-05 2.04189e-05 1.91873e-05 1.79769e+308 2.7487 inf
477 1.12479e-05 2.06899e-05 1.91873e-05 1.79769e+308 2.7487 inf
478 1.19448e-05 2.05658e-05 1.91873e-05 1.79769e+308 2.7487 inf
479 1.06382e-05 2.05309e-05 1.91873e-05 1.79769e+308 2.7487 inf
480 1.63962e-05 2.39275e-05 1.91873e-05 1.79769e+308 2.7487 inf
481 9.47534e-06 2.13177e-05 1.91873e-05 1.79769e+308 2.7487 inf
482 1.23756e-05 2.12811e-05 1.91873e-05 1.79769e+308 2.7487 inf
483 1.05936e-05 2.07659e-05 1.91873e-05 1.79769e+308 2.7487 inf
484 1.13659e-05 2.24613e-05 1.91873e-05 1.79769e+308 2.7487 inf
485 1.21323e-05 2.02734e-05 1.91873e-05 1.79769e+308 2.7487 inf
486 1.07727e-05 1.96102e-05 1.91873e-05 1.79769e+308 2.7487 inf
487 1.64502e-05 1.9675e-05 1.91873e-05 1.79769e+308 2.7487 inf
488 1.05266e-05 2.06641e-05 1.91873e-05 1.79769e+308 2.7487 inf
489 1.23584e-05 2.022e-05 1.91873e-05 1.79769e+308 2.7487 inf
490 1.11536e-05 1.90366e-05 1.91873e-05 1.79769e+308 2.7487 inf
491 1.17975e-05 2.08201e-05 1.90366e-05 1.79769e+308 2.73788 inf
492 1.05245e-05 2.00946e-05 1.90366e-05 1.79769e+308 2.73788 inf
493 1.73656e-05 1.97611e-05 1.90366e-05 1.79769e+308 2.73788 inf
494 1.05112e-05 1.9428e-05 1.90366e-05 1.79769e+308 2.73788 inf
495 1.74014e-05 2.35368e-05 1.90366e-05 1.79769e+308 2.73788 inf
496 8.43936e-06 2.3209e-05 1.90366e-05 1.79769e+308 2.73788 inf
497 1.09276e-05 2.05262e-05 1.90366e-05 1.79769e+308 2.73788 inf
498 1.08199e-05 1.94485e-05 1.90366e-05 1.79769e+308 2.73788 inf
499 1.21301e-05 2.10308e-05 1.90366e-05 1.79769e+308 2.73788 inf
500 1.0684e-05 2.10892e-05 1.90366e-05 1.79769e+308 2.73788 inf
501 1.05254e-05 2.23631e-05 1.90366e-05 1.79769e+308 2.73788 inf
502 4.13004e-05 2.14162e-05 1.90366e-05 1.79769e+308 2.73788 inf
503 9.21313e-06 2.17218e-05 1.90366e-05 1.79769e+308 2.73788 inf
504 1.15151e-05 2.53248e-05 1.90366e-05 1.79769e+308 2.73788 inf
505 1.05748e-05 2.0967e-05 1.90366e-05 1.79769e+308 2.73788 inf
506 1.0695e-05 2.24307e-05 1.90366e-05 1.79769e+308 2.73788 inf
507 1.44065e-05 1.98247e-05 1.90366e-05 1.79769e+308 2.73788 inf
508 1.08866e-05 2.10963e-05 1.90366e-05 1.79769e+308 2.73788 inf
509 1.03631e-05 2.88168e-05 1.90366e-05 1.79769e+308 2.73788 inf
510 1.24601e-05 1.96165e-05 1.90366e-05 1.79769e+308 2.73788 inf
511 1.06797e-05 1.88275e-05 1.90366e-05 1.79769e+308 2.73788 inf
512 3.42356e-05 2.05161e-05 1.88275e-05 1.79769e+308 2.7228 inf
513 8.99821e-06 1.95149e-05 1.88275e-05 1.79769e+308 2.7228 inf
514 1.04161e-05 2.09153e-05 1.88275e-05 1.79769e+308 2.7228 inf
515 1.20619e-05 1.98465e-05 1.88275e-05 1.79769e+308 2.7228 inf
516 1.13261e-05 2.14654e-05 1.88275e-05 1.79769e+308 2.7228 inf
517 1.06719e-05 1.99389e-05 1.88275e-05 1.79769e+308 2.7228 inf
518 1.14276e-05 2.08271e-05 1.88275e-05 1.79769e+308 2.7228 inf
519 1.84843e-05 0.000261891 1.88275e-05 1.79769e+308 2.7228 inf
520 8.21774e-06 2.04744e-05 1.88275e-05 1.79769e+308 2.7228 inf
521 1.05234e-05 2.00225e-05 1.88275e-05 1.79769e+308 2.7228 inf
522 1.03129e-05 1.96789e-05 1.88275e-05 1.79769e+308 2.7228 inf
523 2.11257e-05 1.97023e-05 1.88275e-05 1.79769e+308 2.7228 inf
524 1.01914e-05 1.92678e-05 1.88275e-05 1.79769e+308 2.7228 inf
525 1.02483e-05 2.10267e-05 1.88275e-05 1.79769e+308 2.7228 inf
526 1.09555e-05 1.92312e-05 1.88275e-05 1.79769e+308 2.7228 inf
527 1.0782e-05 2.01946e-05 1.88275e-05 1.79769e+308 2.7228 inf
528 1.27138e-05 1.94918e-05 1.88275e-05 1.79769e+308 2.7228 inf
529 1.12344e-05 2.00894e-05 1.88275e-05 1.79769e+308 2.7228 inf
530 1.0522e-05 2.06128e-05 1.88275e-05 1.79769e+308 2.7228 inf
531 1.10285e-05 1.98108e-05 1.88275e-05 1.79769e+308 2.7228 inf
532 1.5192e-05 2.38059e-05 1.88275e-05 1.79769e+308 2.7228 inf
533 8.34697e-06 1.98659e-05 1.88275e-05 1.79769e+308 2.7228 inf
534 1.11156e-05 2.16681e-05 1.88275e-05 1.79769e+308 2.7228 inf
535 1.06308e-05 1.98871e-05 1.88275e-05 1.79769e+308 2.7228 inf
536 1.24533e-05 3.47329e-05 1.88275e-05 1.79769e+308 2.7228 inf
537 1.09071e-05 2.00691e-05 1.88275e-05 1.79769e+308 2.7228 inf
538 1.02318e-05 2.01418e-05 1.88275e-05 1.79769e+308 2.7228 inf
539 1.61094e-05 1.94096e-05 1.88275e-05 1.79769e+308 2.7228 inf
540 1.01678e-05 2.00708e-05 1.88275e-05 1.79769e+308 2.7228 inf
541 1.08136e-05 2.09291e-05 1.88275e-05 1.79769e+308 2.7228 inf
542 1.05854e-05 1.99311e-05 1.88275e-05 1.79769e+308 2.7228 inf
543 1.06496e-05 2.00328e-05 1.88275e-05 1.79769e+308 2.7228 inf
544 2.01505e-05 3.7797e-05 1.88275e-05 1.79769e+308 2.7228 inf
545 9.66017e-06 2.03108e-05 1.88275e-05 1.79769e+308 2.7228 inf
546 1.09388e-05 2.0228e-05 1.88275e-05 1.79769e+308 2.7228 inf
547 1.07618e-05 2.24948e-05 1.88275e-05 1.79769e+308 2.7228 inf
548 1.0467e-05 2.04138e-05 1.88275e-05 1.79769e+308 2.7228 inf
549 1.10491e-05 2.00294e-05 1.88275e-05 1.79769e+308 2.7228 inf
550 1.03646e-05 1.96145e-05 1.88275e-05 1.79769e+308 2.7228 inf
551 1.20693e-05 1.96471e-05 1.88275e-05 1.79769e+308 2.7228 inf
552 1.05418e-05 3.94041e-05 1.88275e-05 1.79769e+308 2.7228 inf
553 1.01482e-05 1.98531e-05 1.88275e-05 1.79769e+308 2.7228 inf
554 1.81387e-05 1.85097e-05 1.88275e-05 1.79769e+308 2.7228 inf
555 1.01762e-05 2.71608e-05 1.85097e-05 1.79769e+308 2.69973 inf
556 1.01602e-05 1.97991e-05 1.85097e-05 1.79769e+308 2.69973 inf
557 1.12286e-05 2.03002e-05 1.85097e-05 1.79769e+308 2.69973 inf
558 1.11864e-05 1.98632e-05 1.85097e-05 1.79769e+308 2.69973 inf
559 9.86891e-06 2.24837e-05 1.85097e-05 1.79769e+308 2.69973 inf
560 1.01308e-05 2.00031e-05 1.85097e-05 1.79769e+308 2.69973 inf
561 2.89489e-05 2.14876e-05 1.85097e-05 1.79769e+308 2.69973 inf
562 9.5136e-06 2.03177e-05 1.85097e-05 1.79769e+308 2.69973 inf
563 1.06098e-05 2.07496e-05 1.85097e-05 1.79769e+308 2.69973 inf
564 9.77235e-06 2.00873e-05 1.85097e-05 1.79769e+308 2.69973 inf
565 1.48208e-05 0.000115237 1.85097e-05 1.79769e+308 2.69973 inf
566 9.26098e-06 2.30326e-05 1.85097e-05 1.79769e+308 2.69973 inf
567 1.05535e-05 3.66765e-05 1.85097e-05 1.79769e+308 2.69973 inf
568 1.31333e-05 2.05323e-05 1.85097e-05 1.79769e+308 2.69973 inf
569 1.02907e-05 1.95858e-05 1.85097e-05 1.79769e+308 2.69973 inf
570 3.72143e-05 0.000359922 1.85097e-05 1.79769e+308 2.69973 inf
571 1.19954e-05 2.21023e-05 1.85097e-05 1.79769e+308 2.69973 inf
572 8.76053e-06 2.04291e-05 1.85097e-05 1.79769e+308 2.69973 inf
573 1.05186e-05 2.57013e-05 1.85097e-05 1.79769e+308 2.69973 inf
574 1.01181e-05 2.38726e-05 1.85097e-05 1.79769e+308 2.69973 inf
575 1.02418e-05 2.05774e-05 1.85097e-05 1.79769e+308 2.69973 inf
576 1.66174e-05 1.93125e-05 1.85097e-05 1.79769e+308 2.69973 inf
577 9.66878e-06 1.99614e-05 1.85097e-05 1.79769e+308 2.69973 inf
578 1.02396e-05 2.04636e-05 1.85097e-05 1.79769e+308 2.69973 inf
579 1.06173e-05 1.96962e-05 1.85097e-05 1.79769e+308 2.69973 inf
580 1.07718e-05 1.95013e-05 1.85097e-05 1.79769e+308 2.69973 inf
581 1.00744e-05 1.97262e-05 1.85097e-05 1.79769e+308 2.69973 inf
582 2.98908e-05 1.93964e-05 1.85097e-05 1.79769e+308 2.69973 inf
583 1.01353e-05 2.09138e-05 1.85097e-05 1.79769e+308 2.69973 inf
584 9.64357e-06 2.02688e-05 1.85097e-05 1.79769e+308 2.69973 inf
585 1.04645e-05 1.97821e-05 1.85097e-05 1.79769e+308 2.69973 inf
586 1.07567e-05 2.07235e-05 1.85097e-05 1.79769e+308 2.69973 inf
587 1.11591e-05 1.90343e-05 1.85097e-05 1.79769e+308 2.69973 inf
588 1.05752e-05 2.06575e-05 1.85097e-05 1.79769e+308 2.69973 inf
589 1.66454e-05 4.08633e-05 1.85097e-05 1.79769e+308 2.69973 inf
590 9.79541e-06 1.91853e-05 1.85097e-05 1.79769e+308 2.69973 inf
591 1.16475e-05 4.45641e-05 1.85097e-05 1.79769e+308 2.69973 inf
592 9.12922e-06 1.98821e-05 1.85097e-05 1.79769e+308 2.69973 inf
593 1.15512e-05 2.25695e-05 1.85097e-05 1.79769e+308 2.69973 inf
594 1.0219e-05 2.21349e-05 1.85097e-05 1.79769e+308 2.69973 inf
595 1.05442e-05 1.92184e-05 1.85097e-05 1.79769e+308 2.69973 inf
596 1.16949e-05 2.03204e-05 1.85097e-05 1.79769e+308 2.69973 inf
597 9.70377e-06 1.86785e-05 1.85097e-05 1.79769e+308 2.69973 inf
598 1.38472e-05 2.27467e-05 1.85097e-05 1.79769e+308 2.69973 inf
599 9.68402e-06 2.03504e-05 1.85097e-05 1.79769e+308 2.69973 inf
600 1.02615e-05 1.98033e-05 1.85097e-05 1.79769e+308 2.69973 inf
601 1.73888e-05 2.17063e-05 1.85097e-05 1.79769e+308 2.69973 inf
602 9.69583e-06 1.95277e-05 1.85097e-05 1.79769e+308 2.69973 inf
603 9.99201e-06 1.85853e-05 1.85097e-05 1.79769e+308 2.69973 inf
604 1.11664e-05 1.98655e-05 1.85097e-05 1.79769e+308 2.69973 inf
605 1.03896e-05 2.03987e-05 1.85097e-05 1.79769e+308 2.69973 inf
606 9.67968e-06 2.03561e-05 1.85097e-05 1.79769e+308 2.69973 inf
607 1.74161e-05 1.83348e-05 1.85097e-05 1.79769e+308 2.69973 inf
608 9.4928e-06 1.90445e-05 1.83348e-05 1.79769e+308 2.68694 inf
609 1.08522e-05 2.00545e-05 1.83348e-05 1.79769e+308 2.68694 inf
610 9.85036e-06 2.02971e-05 1.83348e-05 1.79769e+308 2.68694 inf
611 1.21459e-05 3.29536e-05 1.83348e-05 1.79769e+308 2.68694 inf
612 9.58862e-06 1.92816e-05 1.83348e-05 1.79769e+308 2.68694 inf
613 3.80774e-05 2.10055e-05 1.83348e-05 1.79769e+308 2.68694 inf
614 8.57221e-06 4.78937e-05 1.83348e-05 1.79769e+308 2.68694 inf
615 9.97159e-06 2.00115e-05 1.83348e-05 1.79769e+308 2.68694 inf
616 1.01775e-05 2.00888e-05 1.83348e-05 1.79769e+308 2.68694 inf
617 1.03212e-05 1.9182e-05 1.83348e-05 1.79769e+308 2.68694 inf
618 9.9207e-06 1.97249e-05 1.83348e-05 1.79769e+308 2.68694 inf
619 2.09271e-05 2.13305e-05 1.83348e-05 1.79769e+308 2.68694 inf
620 1.02375e-05 2.10164e-05 1.83348e-05 1.79769e+308 2.68694 inf
621 1.11735e-05 2.09707e-05 1.83348e-05 1.79769e+308 2.68694 inf
622 1.00932e-05 1.93552e-05 1.83348e-05 1.79769e+308 2.68694 inf
623 1.81359e-05 1.99111e-05 1.83348e-05 1.79769e+308 2.68694 inf
624 9.16808e-06 1.98893e-05 1.83348e-05 1.79769e+308 2.68694 inf
625 1.07074e-05 1.88943e-05 1.83348e-05 1.79769e+308 2.68694 inf
626 1.07082e-05 1.97509e-05 1.83348e-05 1.79769e+308 2.68694 inf
627 9.86898e-06 1.94206e-05 1.83348e-05 1.79769e+308 2.68694 inf
628 1.07497e-05 2.03829e-05 1.83348e-05 1.79769e+308 2.68694 inf
629 9.96626e-06 2.01713e-05 1.83348e-05 1.79769e+308 2.68694 inf
630 2.00611e-05 4.27897e-05 1.83348e-05 1.79769e+308 2.68694 inf
631 8.9497e-06 2.07127e-05 1.83348e-05 1.79769e+308 2.68694 inf
632 1.06255e-05 1.99766e-05 1.83348e-05 1.79769e+308 2.68694 inf
633 1.00034e-05 1.93217e-05 1.83348e-05 1.79769e+308 2.68694 inf
634 1.10145e-05 2.11676e-05 1.83348e-05 1.79769e+308 2.68694 inf
635 9.25189e-06 2.16174e-05 1.83348e-05 1.79769e+308 2.68694 inf
636 1.40827e-05 2.03945e-05 1.83348e-05 1.79769e+308 2.68694 inf
637 1.00801e-05 2.17416e-05 1.83348e-05 1.79769e+308 2.68694 inf
638 1.20211e-05 2.21283e-05 1.83348e-05 1.79769e+308 2.68694 inf
639 9.13529e-06 2.10859e-05 1.83348e-05 1.79769e+308 2.68694 inf
640 9.72029e-06 1.9158e-05 1.83348e-05 1.79769e+308 2.68694 inf
641 1.07483e-05 2.0079e-05 1.83348e-05 1.79769e+308 2.68694 inf
642 1.01018e-05 1.88308e-05 1.83348e-05 1.79769e+308 2.68694 inf
643 1.02718e-05 1.93468e-05 1.83348e-05 1.79769e+308 2.68694 inf
644 9.88191e-06 2.03069e-05 1.83348e-05 1.79769e+308 2.68694 inf
645 2.32136e-05 2.15699e-05 1.83348e-05 1.79769e+308 2.68694 inf
646 9.01285e-06 1.99978e-05 1.83348e-05 1.79769e+308 2.68694 inf
647 1.01367e-05 1.94142e-05 1.83348e-05 1.79769e+308 2.68694 inf
648 9.78168e-06 1.89383e-05 1.83348e-05 1.79769e+308 2.68694 inf
649 1.83539e-05 2.12939e-05 1.83348e-05 1.79769e+308 2.68694 inf
650 9.54931e-06 1.94754e-05 1.83348e-05 1.79769e+308 2.68694 inf
651 9.9618e-06 1.88715e-05 1.83348e-05 1.79769e+308 2.68694 inf
652 9.58165e-06 7.18143e-05 1.83348e-05 1.79769e+308 2.68694 inf
653 1.71484e-05 1.86068e-05 1.83348e-05 1.79769e+308 2.68694 inf
654 9.6729e-06 2.03971e-05 1.83348e-05 1.79769e+308 2.68694 inf
655 9.68601e-06 1.85193e-05 1.83348e-05 1.79769e+308 2.68694 inf
656 9.9555e-06 1.89932e-05 1.83348e-05 1.79769e+308 2.68694 inf
657 1.75264e-05 1.95443e-05 1.83348e-05 1.79769e+308 2.68694 inf
658 8.99705e-06 1.97058e-05 1.83348e-05 1.79769e+308 2.68694 inf
659 1.04847e-05 1.94909e-05 1.83348e-05 1.79769e+308 2.68694 inf
660 1.14291e-05 2.16419e-05 1.83348e-05 1.79769e+308 2.68694 inf
661 8.91224e-06 0.000210449 1.83348e-05 1.79769e+308 2.68694 inf
662 1.15003e-05 1.96262e-05 1.83348e-05 1.79769e+308 2.68694 inf
663 8.94646e-06 2.06894e-05 1.83348e-05 1.79769e+308 2.68694 inf
664 9.93026e-06 1.91563e-05 1.83348e-05 1.79769e+308 2.68694 inf
665 1.76545e-05 1.99923e-05 1.83348e-05 1.79769e+308 2.68694 inf
666 8.47792e-06 1.98234e-05 1.83348e-05 1.79769e+308 2.68694 inf
667 9.76273e-06 2.05835e-05 1.83348e-05 1.79769e+308 2.68694 inf
668 1.20897e-05 2.06274e-05 1.83348e-05 1.79769e+308 2.68694 inf
669 9.82488e-06 2.1605e-05 1.83348e-05 1.79769e+308 2.68694 inf
670 3.2948e-05 4.01278e-05 1.83348e-05 1.79769e+308 2.68694 inf
671 7.50199e-06 2.06676e-05 1.83348e-05 1.79769e+308 2.68694 inf
672 8.34237e-06 1.88119e-05 1.83348e-05 1.79769e+308 2.68694 inf
673 1.00248e-05 2.00152e-05 1.83348e-05 1.79769e+308 2.68694 inf
674 1.06969e-05 3.05191e-05 1.83348e-05 1.79769e+308 2.68694 inf
675 9.09099e-06 1.94591e-05 1.83348e-05 1.79769e+308 2.68694 inf
676 1.07162e-05 1.96217e-05 1.83348e-05 1.79769e+308 2.68694 inf
677 9.88788e-06 2.00689e-05 1.83348e-05 1.79769e+308 2.68694 inf
678 1.0163e-05 1.97314e-05 1.83348e-05 1.79769e+308 2.68694 inf
679 9.73333e-06 2.34179e-05 1.83348e-05 1.79769e+308 2.68694 inf
680 9.95767e-06 1.95992e-05 1.83348e-05 1.79769e+308 2.68694 inf
681 9.81255e-06 1.91118e-05 1.83348e-05 1.79769e+308 2.68694 inf
682 9.83821e-06 3.7284e-05 1.83348e-05 1.79769e+308 2.68694 inf
683 1.10452e-05 1.84819e-05 1.83348e-05 1.79769e+308 2.68694 inf
684 9.85975e-06 2.01083e-05 1.83348e-05 1.79769e+308 2.68694 inf
685 9.74564e-06 2.43763e-05 1.83348e-05 1.79769e+308 2.68694 inf
686 9.91376e-06 1.98405e-05 1.83348e-05 1.79769e+308 2.68694 inf
687 1.02276e-05 1.88583e-05 1.83348e-05 1.79769e+308 2.68694 inf
688 9.95595e-06 2.16922e-05 1.83348e-05 1.79769e+308 2.68694 inf
689 1.23034e-05 2.01236e-05 1.83348e-05 1.79769e+308 2.68694 inf
690 8.48906e-06 5.88401e-05 1.83348e-05 1.79769e+308 2.68694 inf
691 9.71575e-06 1.91985e-05 1.83348e-05 1.79769e+308 2.68694 inf
692 1.05935e-05 1.96599e-05 1.83348e-05 1.79769e+308 2.68694 inf
693 9.84605e-06 1.97739e-05 1.83348e-05 1.79769e+308 2.68694 inf
694 9.71096e-06 1.99504e-05 1.83348e-05 1.79769e+308 2.68694 inf
695 1.41854e-05 1.85681e-05 1.83348e-05 1.79769e+308 2.68694 inf
696 9.23067e-06 1.87121e-05 1.83348e-05 1.79769e+308 2.68694 inf
697 1.04516e-05 2.00168e-05 1.83348e-05 1.79769e+308 2.68694 inf
698 9.59955e-06 1.94194e-05 1.83348e-05 1.79769e+308 2.68694 inf
699 1.06241e-05 2.04192e-05 1.83348e-05 1.79769e+308 2.68694 inf
700 9.2415e-06 2.86386e-05 1.83348e-05 1.79769e+308 2.68694 inf
701 1.02497e-05 1.92367e-05 1.83348e-05 1.79769e+308 2.68694 inf
702 9.78582e-06 1.9606e-05 1.83348e-05 1.79769e+308 2.68694 inf
703 9.4946e-06 1.97062e-05 1.83348e-05 1.79769e+308 2.68694 inf
704 9.9491e-06 2.91449e-05 1.83348e-05 1.79769e+308 2.68694 inf
705 9.51038e-06 2.87735e-05 1.83348e-05 1.79769e+308 2.68694 inf
706 4.96629e-05 2.13268e-05 1.83348e-05 1.79769e+308 2.68694 inf
707 7.7651e-06 1.9532e-05 1.83348e-05 1.79769e+308 2.68694 inf
708 6.57794e-06 1.87726e-05 1.83348e-05 1.79769e+308 2.68694 inf
709 6.93668e-06 1.79109e-05 1.83348e-05 1.79769e+308 2.68694 inf
710 6.99164e-06 2.08124e-05 1.79109e-05 1.79769e+308 2.6557 inf
711 7.15537e-06 3.53443e-05 1.79109e-05 1.79769e+308 2.6557 inf
712 6.78152e-06 1.74157e-05 1.79109e-05 1.79769e+308 2.6557 inf
713 7.04102e-06 1.80678e-05 1.74157e-05 1.79769e+308 2.61873 inf
714 6.87809e-06 1.8173e-05 1.74157e-05 1.79769e+308 2.61873 inf
715 7.04083e-06 1.79115e-05 1.74157e-05 1.79769e+308 2.61873 inf
716 6.81189e-06 1.76866e-05 1.74157e-05 1.79769e+308 2.61873 inf
717 6.91685e-06 1.81103e-05 1.74157e-05 1.79769e+308 2.61873 inf
718 7.57032e-06 2.0595e-05 1.74157e-05 1.79769e+308 2.61873 inf
719 6.28559e-06 1.91185e-05 1.74157e-05 1.79769e+308 2.61873 inf
720 6.83096e-06 1.75028e-05 1.74157e-05 1.79769e+308 2.61873 inf
721 6.87217e-06 1.67185e-05 1.74157e-05 1.79769e+308 2.61873 inf
722 6.91008e-06 2.26861e-05 1.67185e-05 1.79769e+308 2.56578 inf
723 6.70885e-06 1.80891e-05 1.67185e-05 1.79769e+308 2.56578 inf
724 6.98338e-06 1.80347e-05 1.67185e-05 1.79769e+308 2.56578 inf
725 6.89001e-06 1.85909e-05 1.67185e-05 1.79769e+308 2.56578 inf
726 6.65955e-06 1.76195e-05 1.67185e-05 1.79769e+308 2.56578 inf
727 6.96835e-06 1.89153e-05 1.67185e-05 1.79769e+308 2.56578 inf
728 6.74155e-06 1.79416e-05 1.67185e-05 1.79769e+308 2.56578 inf
729 6.90915e-06 1.73939e-05 1.67185e-05 1.79769e+308 2.56578 inf
730 6.65269e-06 4.23126e-05 1.67185e-05 1.79769e+308 2.56578 inf
731 6.90531e-06 1.92688e-05 1.67185e-05 1.79769e+308 2.56578 inf
732 6.82473e-06 1.83131e-05 1.67185e-05 1.79769e+308 2.56578 inf
733 6.86879e-06 1.81943e-05 1.67185e-05 1.79769e+308 2.56578 inf
734 6.7193e-06 1.75831e-05 1.67185e-05 1.79769e+308 2.56578 inf
735 6.90031e-06 1.85151e-05 1.67185e-05 1.79769e+308 2.56578 inf
736 7.00642e-06 1.75299e-05 1.67185e-05 1.79769e+308 2.56578 inf
737 6.58531e-06 1.72346e-05 1.67185e-05 1.79769e+308 2.56578 inf
738 6.87492e-06 1.90355e-05 1.67185e-05 1.79769e+308 2.56578 inf
739 6.91114e-06 1.98687e-05 1.67185e-05 1.79769e+308 2.56578 inf
740 6.90688e-06 1.86717e-05 1.67185e-05 1.79769e+308 2.56578 inf
741 6.82504e-06 1.77275e-05 1.67185e-05 1.79769e+308 2.56578 inf
742 6.74602e-06 2.02204e-05 1.67185e-05 1.79769e+308 2.56578 inf
743 6.86227e-06 1.74859e-05 1.67185e-05 1.79769e+308 2.56578 inf
744 6.64106e-06 1.72417e-05 1.67185e-05 1.79769e+308 2.56578 inf
745 7.27946e-06 1.73816e-05 1.67185e-05 1.79769e+308 2.56578 inf
746 6.65519e-06 1.90358e-05 1.67185e-05 1.79769e+308 2.56578 inf
747 6.94835e-06 2.01479e-05 1.67185e-05 1.79769e+308 2.56578 inf
748 6.83385e-06 1.84303e-05 1.67185e-05 1.79769e+308 2.56578 inf
749 6.73493e-06 1.78628e-05 1.67185e-05 1.79769e+308 2.56578 inf
750 6.72069e-06 1.79182e-05 1.67185e-05 1.79769e+308 2.56578 inf
751 6.77198e-06 1.77126e-05 1.67185e-05 1.79769e+308 2.56578 inf
752 6.87622e-06 1.93685e-05 1.67185e-05 1.79769e+308 2.56578 inf
753 6.76747e-06 2.23978e-05 1.67185e-05 1.79769e+308 2.56578 inf
754 6.69064e-06 1.91133e-05 1.67185e-05 1.79769e+308 2.56578 inf
755 7.02881e-06 1.66262e-05 1.67185e-05 1.79769e+308 2.56578 inf
756 6.73483e-06 1.74286e-05 1.66262e-05 1.79769e+308 2.55869 inf
757 6.84966e-06 1.82625e-05 1.66262e-05 1.79769e+308 2.55869 inf
758 6.60557e-06 1.959e-05 1.66262e-05 1.79769e+308 2.55869 inf
759 7.07712e-06 1.86218e-05 1.66262e-05 1.79769e+308 2.55869 inf
760 6.51893e-06 1.81236e-05 1.66262e-05 1.79769e+308 2.55869 inf
761 6.87881e-06 1.84096e-05 1.66262e-05 1.79769e+308 2.55869 inf
762 6.76502e-06 1.80154e-05 1.66262e-05 1.79769e+308 2.55869 inf
763 6.89876e-06 1.79791e-05 1.66262e-05 1.79769e+308 2.55869 inf
764 6.7117e-06 1.77486e-05 1.66262e-05 1.79769e+308 2.55869 inf
765 6.78111e-06 1.70739e-05 1.66262e-05 1.79769e+308 2.55869 inf
766 6.93187e-06 1.81018e-05 1.66262e-05 1.79769e+308 2.55869 inf
767 6.64622e-06 1.808e-05 1.66262e-05 1.79769e+308 2.55869 inf
768 6.70702e-06 1.8055e-05 1.66262e-05 1.79769e+308 2.55869 inf
769 6.84681e-06 2.07027e-05 1.66262e-05 1.79769e+308 2.55869 inf
770 6.8925e-06 1.73807e-05 1.66262e-05 1.79769e+308 2.55869 inf
771 6.80141e-06 1.80011e-05 1.66262e-05 1.79769e+308 2.55869 inf
772 6.90328e-06 1.73705e-05 1.66262e-05 1.79769e+308 2.55869 inf
773 6.72075e-06 1.72364e-05 1.66262e-05 1.79769e+308 2.55869 inf
774 6.72276e-06 1.99165e-05 1.66262e-05 1.79769e+308 2.55869 inf
775 6.67352e-06 1.78996e-05 1.66262e-05 1.79769e+308 2.55869 inf
776 6.87156e-06 1.73567e-05 1.66262e-05 1.79769e+308 2.55869 inf
777 6.82851e-06 1.92979e-05 1.66262e-05 1.79769e+308 2.55869 inf
778 6.81972e-06 1.7038e-05 1.66262e-05 1.79769e+308 2.55869 inf
779 6.63178e-06 1.75863e-05 1.66262e-05 1.79769e+308 2.55869 inf
780 6.84771e-06 1.83425e-05 1.66262e-05 1.79769e+308 2.55869 inf
781 6.82509e-06 1.88951e-05 1.66262e-05 1.79769e+308 2.55869 inf
782 6.8113e-06 1.77525e-05 1.66262e-05 1.79769e+308 2.55869 inf
783 6.69657e-06 1.82719e-05 1.66262e-05 1.79769e+308 2.55869 inf
784 6.77654e-06 1.92925e-05 1.66262e-05 1.79769e+308 2.55869 inf
785 6.77144e-06 1.85612e-05 1.66262e-05 1.79769e+308 2.55869 inf
786 6.77456e-06 1.76561e-05 1.66262e-05 1.79769e+308 2.55869 inf
787 6.7977e-06 1.67909e-05 1.66262e-05 1.79769e+308 2.55869 inf
788 6.68595e-06 1.82109e-05 1.66262e-05 1.79769e+308 2.55869 inf
789 6.98051e-06 2.78915e-05 1.66262e-05 1.79769e+308 2.55869 inf
790 6.66442e-06 1.8427e-05 1.66262e-05 1.79769e+308 2.55869 inf
791 7.02679e-06 1.72011e-05 1.66262e-05 1.79769e+308 2.55869 inf
792 6.75024e-06 1.7303e-05 1.66262e-05 1.79769e+308 2.55869 inf
793 6.59969e-06 3.49316e-05 1.66262e-05 1.79769e+308 2.55869 inf
794 6.90746e-06 1.77489e-05 1.66262e-05 1.79769e+308 2.55869 inf
795 6.6358e-06 1.82672e-05 1.66262e-05 1.79769e+308 2.55869 inf
796 6.90123e-06 1.72103e-05 1.66262e-05 1.79769e+308 2.55869 inf
797 6.79006e-06 1.7382e-05 1.66262e-05 1.79769e+308 2.55869 inf
798 6.60712e-06 1.74979e-05 1.66262e-05 1.79769e+308 2.55869 inf
799 6.96086e-06 1.8236e-05 1.66262e-05 1.79769e+308 2.55869 inf
800 6.74875e-06 1.84187e-05 1.66262e-05 1.79769e+308 2.55869 inf
801 6.6185e-06 2.27634e-05 1.66262e-05 1.79769e+308 2.55869 inf
802 6.85919e-06 1.76382e-05 1.66262e-05 1.79769e+308 2.55869 inf
803 6.63461e-06 1.8799e-05 1.66262e-05 1.79769e+308 2.55869 inf
804 6.60999e-06 1.86218e-05 1.66262e-05 1.79769e+308 2.55869 inf
805 7.33158e-06 1.69759e-05 1.66262e-05 1.79769e+308 2.55869 inf
806 6.67658e-06 1.62742e-05 1.66262e-05 1.79769e+308 2.55869 inf
807 6.69915e-06 1.75306e-05 1.62742e-05 1.79769e+308 2.53145 inf
808 6.85277e-06 1.81062e-05 1.62742e-05 1.79769e+308 2.53145 inf
809 6.73022e-06 1.68029e-05 1.62742e-05 1.79769e+308 2.53145 inf
810 6.65564e-06 1.74782e-05 1.62742e-05 1.79769e+308 2.53145 inf
811 6.64501e-06 1.6629e-05 1.62742e-05 1.79769e+308 2.53145 inf
812 6.92789e-06 1.72121e-05 1.62742e-05 1.79769e+308 2.53145 inf
813 6.70326e-06 1.7024e-05 1.62742e-05 1.79769e+308 2.53145 inf
814 6.81683e-06 1.74023e-05 1.62742e-05 1.79769e+308 2.53145 inf
815 6.72466e-06 1.74218e-05 1.62742e-05 1.79769e+308 2.53145 inf
816 6.86351e-06 1.81164e-05 1.62742e-05 1.79769e+308 2.53145 inf
817 6.75313e-06 1.70405e-05 1.62742e-05 1.79769e+308 2.53145 inf
818 6.68993e-06 1.76168e-05 1.62742e-05 1.79769e+308 2.53145 inf
819 6.71224e-06 1.78568e-05 1.62742e-05 1.79769e+308 2.53145 inf
820 6.93135e-06 1.89752e-05 1.62742e-05 1.79769e+308 2.53145 inf
821 6.62687e-06 1.74874e-05 1.62742e-05 1.79769e+308 2.53145 inf
822 6.59819e-06 1.70134e-05 1.62742e-05 1.79769e+308 2.53145 inf
823 6.66963e-06 1.78761e-05 1.62742e-05 1.79769e+308 2.53145 inf
824 6.84659e-06 2.03571e-05 1.62742e-05 1.79769e+308 2.53145 inf
825 7.04415e-06 1.66613e-05 1.62742e-05 1.79769e+308 2.53145 inf
826 6.39005e-06 1.72601e-05 1.62742e-05 1.79769e+308 2.53145 inf
827 6.84254e-06 1.97511e-05 1.62742e-05 1.79769e+308 2.53145 inf
828 6.87867e-06 0.000125036 1.62742e-05 1.79769e+308 2.53145 inf
829 6.63316e-06 1.67382e-05 1.62742e-05 1.79769e+308 2.53145 inf
830 6.86038e-06 1.69472e-05 1.62742e-05 1.79769e+308 2.53145 inf
831 6.58833e-06 1.81639e-05 1.62742e-05 1.79769e+308 2.53145 inf
832 6.72102e-06 1.76943e-05 1.62742e-05 1.79769e+308 2.53145 inf
833 6.59882e-06 1.69017e-05 1.62742e-05 1.79769e+308 2.53145 inf
834 6.8397e-06 1.8277e-05 1.62742e-05 1.79769e+308 2.53145 inf
835 6.66478e-06 1.74634e-05 1.62742e-05 1.79769e+308 2.53145 inf
836 6.92427e-06 2.10192e-05 1.62742e-05 1.79769e+308 2.53145 inf
837 6.73447e-06 1.69672e-05 1.62742e-05 1.79769e+308 2.53145 inf
838 6.678e-06 1.70378e-05 1.62742e-05 1.79769e+308 2.53145 inf
839 6.63172e-06 1.76881e-05 1.62742e-05 1.79769e+308 2.53145 inf
840 6.93987e-06 1.84416e-05 1.62742e-05 1.79769e+308 2.53145 inf
841 6.5509e-06 1.67503e-05 1.62742e-05 1.79769e+308 2.53145 inf
842 6.78953e-06 1.68096e-05 1.62742e-05 1.79769e+308 2.53145 inf
843 6.55121e-06 1.83907e-05 1.62742e-05 1.79769e+308 2.53145 inf
844 7.07822e-06 1.83898e-05 1.62742e-05 1.79769e+308 2.53145 inf
845 6.70938e-06 1.71412e-05 1.62742e-05 1.79769e+308 2.53145 inf
846 6.77989e-06 1.74351e-05 1.62742e-05 1.79769e+308 2.53145 inf
847 6.62987e-06 1.75938e-05 1.62742e-05 1.79769e+308 2.53145 inf
848 6.93019e-06 1.74523e-05 1.62742e-05 1.79769e+308 2.53145 inf
849 6.51898e-06 1.8734e-05 1.62742e-05 1.79769e+308 2.53145 inf
850 6.87734e-06 1.60311e-05 1.62742e-05 1.79769e+308 2.53145 inf
851 6.79007e-06 1.7644e-05 1.60311e-05 1.79769e+308 2.51248 inf
852 6.81069e-06 1.97386e-05 1.60311e-05 1.79769e+308 2.51248 inf
853 6.56246e-06 1.75678e-05 1.60311e-05 1.79769e+308 2.51248 inf
854 6.85657e-06 1.70089e-05 1.60311e-05 1.79769e+308 2.51248 inf
855 6.83014e-06 1.85413e-05 1.60311e-05 1.79769e+308 2.51248 inf
856 6.59367e-06 1.68661e-05 1.60311e-05 1.79769e+308 2.51248 inf
857 6.78461e-06 1.70421e-05 1.60311e-05 1.79769e+308 2.51248 inf
858 6.58242e-06 1.73473e-05 1.60311e-05 1.79769e+308 2.51248 inf
859 6.79925e-06 1.66351e-05 1.60311e-05 1.79769e+308 2.51248 inf
860 6.63087e-06 1.72801e-05 1.60311e-05 1.79769e+308 2.51248 inf
861 6.76437e-06 1.77654e-05 1.60311e-05 1.79769e+308 2.51248 inf
862 6.52278e-06 1.99042e-05 1.60311e-05 1.79769e+308 2.51248 inf
863 7.1398e-06 1.75817e-05 1.60311e-05 1.79769e+308 2.51248 inf
864 6.59155e-06 1.71555e-05 1.60311e-05 1.79769e+308 2.51248 inf
865 6.63421e-06 1.76049e-05 1.60311e-05 1.79769e+308 2.51248 inf
866 6.65309e-06 1.77597e-05 1.60311e-05 1.79769e+308 2.51248 inf
867 6.71107e-06 1.70462e-05 1.60311e-05 1.79769e+308 2.51248 inf
868 6.69292e-06 1.67271e-05 1.60311e-05 1.79769e+308 2.51248 inf
869 6.65617e-06 1.79929e-05 1.60311e-05 1.79769e+308 2.51248 inf
870 6.55453e-06 1.66383e-05 1.60311e-05 1.79769e+308 2.51248 inf
871 6.84484e-06 1.79465e-05 1.60311e-05 1.79769e+308 2.51248 inf
872 6.59322e-06 1.60269e-05 1.60311e-05 1.79769e+308 2.51248 inf
873 7.07589e-06 1.69349e-05 1.60269e-05 1.79769e+308 2.51215 inf
874 6.34322e-06 1.81477e-05 1.60269e-05 1.79769e+308 2.51215 inf
875 6.8563e-06 1.7171e-05 1.60269e-05 1.79769e+308 2.51215 inf
876 6.74903e-06 1.67786e-05 1.60269e-05 1.79769e+308 2.51215 inf
877 6.83817e-06 1.86542e-05 1.60269e-05 1.79769e+308 2.51215 inf
878 6.58726e-06 1.66553e-05 1.60269e-05 1.79769e+308 2.51215 inf
879 6.80369e-06 1.71798e-05 1.60269e-05 1.79769e+308 2.51215 inf
880 6.60373e-06 3.06266e-05 1.60269e-05 1.79769e+308 2.51215 inf
881 6.54914e-06 1.74892e-05 1.60269e-05 1.79769e+308 2.51215 inf
882 6.71244e-06 2.39474e-05 1.60269e-05 1.79769e+308 2.51215 inf
883 6.55214e-06 1.69268e-05 1.60269e-05 1.79769e+308 2.51215 inf
884 6.89346e-06 1.76989e-05 1.60269e-05 1.79769e+308 2.51215 inf
885 6.76608e-06 1.73641e-05 1.60269e-05 1.79769e+308 2.51215 inf
886 6.49566e-06 1.79372e-05 1.60269e-05 1.79769e+308 2.51215 inf
887 6.66264e-06 1.80663e-05 1.60269e-05 1.79769e+308 2.51215 inf
888 6.73859e-06 1.78281e-05 1.60269e-05 1.79769e+308 2.51215 inf
889 6.79304e-06 1.6782e-05 1.60269e-05 1.79769e+308 2.51215 inf
890 6.45248e-06 1.66913e-05 1.60269e-05 1.79769e+308 2.51215 inf
891 6.70779e-06 1.75107e-05 1.60269e-05 1.79769e+308 2.51215 inf
892 6.63644e-06 1.6844e-05 1.60269e-05 1.79769e+308 2.51215 inf
893 6.64494e-06 1.73239e-05 1.60269e-05 1.79769e+308 2.51215 inf
894 6.77902e-06 1.66141e-05 1.60269e-05 1.79769e+308 2.51215 inf
895 6.80481e-06 1.76316e-05 1.60269e-05 1.79769e+308 2.51215 inf
896 6.50591e-06 1.63667e-05 1.60269e-05 1.79769e+308 2.51215 inf
897 6.63385e-06 1.78069e-05 1.60269e-05 1.79769e+308 2.51215 inf
898 6.87656e-06 1.96405e-05 1.60269e-05 1.79769e+308 2.51215 inf
899 6.57123e-06 2.25719e-05 1.60269e-05 1.79769e+308 2.51215 inf
900 6.61656e-06 1.78057e-05 1.60269e-05 1.79769e+308 2.51215 inf
901 6.70812e-06 1.73023e-05 1.60269e-05 1.79769e+308 2.51215 inf
902 6.79521e-06 1.78014e-05 1.60269e-05 1.79769e+308 2.51215 inf
903 7.11579e-06 1.75469e-05 1.60269e-05 1.79769e+308 2.51215 inf
904 6.32825e-06 1.90517e-05 1.60269e-05 1.79769e+308 2.51215 inf
905 6.44031e-06 1.69092e-05 1.60269e-05 1.79769e+308 2.51215 inf
906 6.88211e-06 1.94399e-05 1.60269e-05 1.79769e+308 2.51215 inf
907 6.72504e-06 1.74762e-05 1.60269e-05 1.79769e+308 2.51215 inf
908 6.55888e-06 1.72728e-05 1.60269e-05 1.79769e+308 2.51215 inf
909 6.51882e-06 1.71186e-05 1.60269e-05 1.79769e+308 2.51215 inf
910 6.70271e-06 1.76041e-05 1.60269e-05 1.79769e+308 2.51215 inf
911 6.99424e-06 1.77596e-05 1.60269e-05 1.79769e+308 2.51215 inf
912 6.34698e-06 1.81655e-05 1.60269e-05 1.79769e+308 2.51215 inf
913 6.87803e-06 1.7261e-05 1.60269e-05 1.79769e+308 2.51215 inf
914 6.39829e-06 1.70051e-05 1.60269e-05 1.79769e+308 2.51215 inf
915 6.68808e-06 1.77409e-05 1.60269e-05 1.79769e+308 2.51215 inf
916 6.54848e-06 1.74707e-05 1.60269e-05 1.79769e+308 2.51215 inf
917 6.71244e-06 1.66949e-05 1.60269e-05 1.79769e+308 2.51215 inf
918 6.49827e-06 1.96149e-05 1.60269e-05 1.79769e+308 2.51215 inf
919 6.72923e-06 1.79729e-05 1.60269e-05 1.79769e+308 2.51215 inf
920 6.69871e-06 1.8974e-05 1.60269e-05 1.79769e+308 2.51215 inf
921 6.53547e-06 1.9023e-05 1.60269e-05 1.79769e+308 2.51215 inf
922 6.62518e-06 1.71908e-05 1.60269e-05 1.79769e+308 2.51215 inf
923 6.6999e-06 1.69437e-05 1.60269e-05 1.79769e+308 2.51215 inf
924 6.5632e-06 1.68828e-05 1.60269e-05 1.79769e+308 2.51215 inf
925 6.77315e-06 1.6403e-05 1.60269e-05 1.79769e+308 2.51215 inf
926 6.64753e-06 1.77754e-05 1.60269e-05 1.79769e+308 2.51215 inf
927 6.494e-06 1.70142e-05 1.60269e-05 1.79769e+308 2.51215 inf
928 6.82374e-06 1.61205e-05 1.60269e-05 1.79769e+308 2.51215 inf
929 6.52036e-06 1.72303e-05 1.60269e-05 1.79769e+308 2.51215 inf
930 6.98532e-06 1.66596e-05 1.60269e-05 1.79769e+308 2.51215 inf
931 6.37883e-06 1.73615e-05 1.60269e-05 1.79769e+308 2.51215 inf
932 6.82091e-06 1.8241e-05 1.60269e-05 1.79769e+308 2.51215 inf
933 6.37121e-06 1.80795e-05 1.60269e-05 1.79769e+308 2.51215 inf
934 6.71881e-06 1.71415e-05 1.60269e-05 1.79769e+308 2.51215 inf
935 6.68805e-06 1.72997e-05 1.60269e-05 1.79769e+308 2.51215 inf
936 6.78491e-06 1.66258e-05 1.60269e-05 1.79769e+308 2.51215 inf
937 6.48811e-06 1.72419e-05 1.60269e-05 1.79769e+308 2.51215 inf
938 6.65299e-06 1.70844e-05 1.60269e-05 1.79769e+308 2.51215 inf
939 6.81401e-06 1.83638e-05 1.60269e-05 1.79769e+308 2.51215 inf
940 6.4796e-06 1.64765e-05 1.60269e-05 1.79769e+308 2.51215 inf
941 6.8337e-06 1.82434e-05 1.60269e-05 1.79769e+308 2.51215 inf
942 6.32659e-06 1.67027e-05 1.60269e-05 1.79769e+308 2.51215 inf
943 6.83456e-06 1.76276e-05 1.60269e-05 1.79769e+308 2.51215 inf
944 6.84924e-06 1.77555e-05 1.60269e-05 1.79769e+308 2.51215 inf
945 6.44342e-06 1.78284e-05 1.60269e-05 1.79769e+308 2.51215 inf
946 6.94253e-06 1.8177e-05 1.60269e-05 1.79769e+308 2.51215 inf
947 6.43011e-06 1.74135e-05 1.60269e-05 1.79769e+308 2.51215 inf
948 6.60883e-06 1.85267e-05 1.60269e-05 1.79769e+308 2.51215 inf
949 6.41156e-06 1.80264e-05 1.60269e-05 1.79769e+308 2.51215 inf
950 6.73593e-06 1.68371e-05 1.60269e-05 1.79769e+308 2.51215 inf
951 6.67784e-06 1.70932e-05 1.60269e-05 1.79769e+308 2.51215 inf
952 6.50816e-06 1.63204e-05 1.60269e-05 1.79769e+308 2.51215 inf
953 6.61503e-06 2.0313e-05 1.60269e-05 1.79769e+308 2.51215 inf
954 6.57207e-06 1.74927e-05 1.60269e-05 1.79769e+308 2.51215 inf
955 6.72911e-06 1.65976e-05 1.60269e-05 1.79769e+308 2.51215 inf
956 6.56649e-06 1.68391e-05 1.60269e-05 1.79769e+308 2.51215 inf
957 6.54545e-06 1.84655e-05 1.60269e-05 1.79769e+308 2.51215 inf
958 6.53079e-06 1.73898e-05 1.60269e-05 1.79769e+308 2.51215 inf
959 6.7185e-06 1.62268e-05 1.60269e-05 1.79769e+308 2.51215 inf
960 6.5416e-06 1.7536e-05 1.60269e-05 1.79769e+308 2.51215 inf
961 6.54134e-06 4.66165e-05 1.60269e-05 1.79769e+308 2.51215 inf
962 6.65327e-06 1.73567e-05 1.60269e-05 1.79769e+308 2.51215 inf
963 6.67449e-06 1.72106e-05 1.60269e-05 1.79769e+308 2.51215 inf
964 6.43204e-06 2.02178e-05 1.60269e-05 1.79769e+308 2.51215 inf
965 6.63588e-06 1.74329e-05 1.60269e-05 1.79769e+308 2.51215 inf
966 6.50355e-06 1.72025e-05 1.60269e-05 1.79769e+308 2.51215 inf
967 6.96825e-06 1.79464e-05 1.60269e-05 1.79769e+308 2.51215 inf
968 6.54287e-06 1.74575e-05 1.60269e-05 1.79769e+308 2.51215 inf
969 6.66763e-06 1.79919e-05 1.60269e-05 1.79769e+308 2.51215 inf
970 6.7181e-06 1.82281e-05 1.60269e-05 1.79769e+308 2.51215 inf
971 6.3969e-06 2.11578e-05 1.60269e-05 1.79769e+308 2.51215 inf
972 6.81748e-06 1.80815e-05 1.60269e-05 1.79769e+308 2.51215 inf
973 5.30764e-06 1.69934e-05 1.60269e-05 1.79769e+308 2.51215 inf
974 5.57917e-06 1.69768e-05 1.60269e-05 1.79769e+308 2.51215 inf
975 5.59176e-06 1.8803e-05 1.60269e-05 1.79769e+308 2.51215 inf
976 5.60183e-06 1.68565e-05 1.60269e-05 1.79769e+308 2.51215 inf
977 5.56359e-06 1.81781e-05 1.60269e-05 1.79769e+308 2.51215 inf
978 5.5742e-06 1.65354e-05 1.60269e-05 1.79769e+308 2.51215 inf
979 5.67875e-06 1.63127e-05 1.60269e-05 1.79769e+308 2.51215 inf
980 5.51975e-06 1.68469e-05 1.60269e-05 1.79769e+308 2.51215 inf
981 5.59386e-06 1.7364e-05 1.60269e-05 1.79769e+308 2.51215 inf
982 5.65678e-06 1.74858e-05 1.60269e-05 1.79769e+308 2.51215 inf
983 5.61672e-06 1.76902e-05 1.60269e-05 1.79769e+308 2.51215 inf
984 5.56263e-06 1.76036e-05 1.60269e-05 1.79769e+308 2.51215 inf
985 5.64612e-06 1.98239e-05 1.60269e-05 1.79769e+308 2.51215 inf
986 5.58398e-06 1.67815e-05 1.60269e-05 1.79769e+308 2.51215 inf
987 5.57597e-06 1.67475e-05 1.60269e-05 1.79769e+308 2.51215 inf
988 5.59481e-06 1.66979e-05 1.60269e-05 1.79769e+308 2.51215 inf
989 5.59441e-06 2.7061e-05 1.60269e-05 1.79769e+308 2.51215 inf
990 5.64166e-06 1.70509e-05 1.60269e-05 1.79769e+308 2.51215 inf
991 5.59321e-06 1.79716e-05 1.60269e-05 1.79769e+308 2.51215 inf
992 5.60267e-06 1.76322e-05 1.60269e-05 1.79769e+308 2.51215 inf
993 5.63744e-06 1.69238e-05 1.60269e-05 1.79769e+308 2.51215 inf
994 5.57508e-06 2.01554e-05 1.60269e-05 1.79769e+308 2.51215 inf
995 5.64522e-06 1.86299e-05 1.60269e-05 1.79769e+308 2.51215 inf
996 5.70485e-06 1.86813e-05 1.60269e-05 1.79769e+308 2.51215 inf
997 5.56429e-06 1.72791e-05 1.60269e-05 1.79769e+308 2.51215 inf
998 5.64861e-06 1.73816e-05 1.60269e-05 1.79769e+308 2.51215 inf
999 5.62665e-06 1.57967e-05 1.60269e-05 1.79769e+308 2.51215 inf
1000 5.59037e-06 1.7093e-05 1.57967e-05 1.79769e+308 2.49404 inf
1001 5.7319e-06 2.94901e-05 1.57967e-05 1.79769e+308 2.49404 inf
1002 5.61332e-06 1.70157e-05 1.57967e-05 1.79769e+308 2.49404 inf
1003 5.62587e-06 1.83922e-05 1.57967e-05 1.79769e+308 2.49404 inf
1004 5.52604e-06 1.73255e-05 1.57967e-05 1.79769e+308 2.49404 inf
1005 5.76655e-06 1.6689e-05 1.57967e-05 1.79769e+308 2.49404 inf
1006 5.70885e-06 1.65734e-05 1.57967e-05 1.79769e+308 2.49404 inf
1007 5.73356e-06 1.68699e-05 1.57967e-05 1.79769e+308 2.49404 inf
1008 5.58997e-06 1.60509e-05 1.57967e-05 1.79769e+308 2.49404 inf
1009 5.63025e-06 1.8616e-05 1.57967e-05 1.79769e+308 2.49404 inf
1010 5.63612e-06 1.6955e-05 1.57967e-05 1.79769e+308 2.49404 inf
1011 5.59328e-06 1.93527e-05 1.57967e-05 1.79769e+308 2.49404 inf
1012 5.66613e-06 1.73367e-05 1.57967e-05 1.79769e+308 2.49404 inf
1013 5.59894e-06 1.97486e-05 1.57967e-05 1.79769e+308 2.49404 inf
1014 5.68472e-06 1.69709e-05 1.57967e-05 1.79769e+308 2.49404 inf
1015 5.62682e-06 1.70405e-05 1.57967e-05 1.79769e+308 2.49404 inf
1016 5.76189e-06 1.70399e-05 1.57967e-05 1.79769e+308 2.49404 inf
1017 5.58889e-06 1.69082e-05 1.57967e-05 1.79769e+308 2.49404 inf
1018 5.62176e-06 1.68452e-05 1.57967e-05 1.79769e+308 2.49404 inf
1019 5.68654e-06 1.74142e-05 1.57967e-05 1.79769e+308 2.49404 inf
1020 5.81112e-06 1.79205e-05 1.57967e-05 1.79769e+308 2.49404 inf
1021 5.53751e-06 1.75598e-05 1.57967e-05 1.79769e+308 2.49404 inf
1022 5.70108e-06 1.71742e-05 1.57967e-05 1.79769e+308 2.49404 inf
1023 5.63888e-06 1.69915e-05 1.57967e-05 1.79769e+308 2.49404 inf
1024 5.6189e-06 1.69177e-05 1.57967e-05 1.79769e+308 2.49404 inf
1025 5.64932e-06 1.68092e-05 1.57967e-05 1.79769e+308 2.49404 inf
1026 5.73538e-06 1.71304e-05 1.57967e-05 1.79769e+308 2.49404 inf
1027 5.64662e-06 2.73724e-05 1.57967e-05 1.79769e+308 2.49404 inf
1028 5.71946e-06 1.6969e-05 1.57967e-05 1.79769e+308 2.49404 inf
1029 5.77863e-06 1.74384e-05 1.57967e-05 1.79769e+308 2.49404 inf
1030 5.57801e-06 1.5571e-05 1.57967e-05 1.79769e+308 2.49404 inf
1031 5.73562e-06 1.66585e-05 1.5571e-05 1.79769e+308 2.47616 inf
1032 5.66279e-06 1.61505e-05 1.5571e-05 1.79769e+308 2.47616 inf
1033 5.62247e-06 1.66543e-05 1.5571e-05 1.79769e+308 2.47616 inf
1034 5.74236e-06 1.79678e-05 1.5571e-05 1.79769e+308 2.47616 inf
1035 5.63443e-06 1.72997e-05 1.5571e-05 1.79769e+308 2.47616 inf
1036 5.71183e-06 1.68109e-05 1.5571e-05 1.79769e+308 2.47616 inf
1037 5.59978e-06 1.65238e-05 1.5571e-05 1.79769e+308 2.47616 inf
1038 5.64305e-06 1.84992e-05 1.5571e-05 1.79769e+308 2.47616 inf
1039 5.78602e-06 1.67513e-05 1.5571e-05 1.79769e+308 2.47616 inf
1040 5.66803e-06 1.5952e-05 1.5571e-05 1.79769e+308 2.47616 inf
1041 5.68281e-06 1.91892e-05 1.5571e-05 1.79769e+308 2.47616 inf
1042 5.67712e-06 1.69543e-05 1.5571e-05 1.79769e+308 2.47616 inf
1043 5.68595e-06 2.38111e-05 1.5571e-05 1.79769e+308 2.47616 inf
1044 5.7906e-06 1.66456e-05 1.5571e-05 1.79769e+308 2.47616 inf
1045 5.61293e-06 1.99667e-05 1.5571e-05 1.79769e+308 2.47616 inf
1046 5.62009e-06 1.76227e-05 1.5571e-05 1.79769e+308 2.47616 inf
1047 5.71171e-06 1.7373e-05 1.5571e-05 1.79769e+308 2.47616 inf
1048 5.72682e-06 1.63871e-05 1.5571e-05 1.79769e+308 2.47616 inf
1049 5.88019e-06 1.71032e-05 1.5571e-05 1.79769e+308 2.47616 inf
1050 5.50591e-06 1.57793e-05 1.5571e-05 1.79769e+308 2.47616 inf
1051 5.72162e-06 1.6333e-05 1.5571e-05 1.79769e+308 2.47616 inf
1052 5.65478e-06 1.72706e-05 1.5571e-05 1.79769e+308 2.47616 inf
1053 5.62456e-06 1.81275e-05 1.5571e-05 1.79769e+308 2.47616 inf
1054 5.87648e-06 1.63336e-05 1.5571e-05 1.79769e+308 2.47616 inf
1055 5.71718e-06 1.97559e-05 1.5571e-05 1.79769e+308 2.47616 inf
1056 5.68607e-06 1.61574e-05 1.5571e-05 1.79769e+308 2.47616 inf
1057 5.77656e-06 1.71109e-05 1.5571e-05 1.79769e+308 2.47616 inf
1058 5.6297e-06 1.67091e-05 1.5571e-05 1.79769e+308 2.47616 inf
1059 5.81413e-06 1.85723e-05 1.5571e-05 1.79769e+308 2.47616 inf
1060 5.5794e-06 1.66261e-05 1.5571e-05 1.79769e+308 2.47616 inf
1061 5.6702e-06 1.73851e-05 1.5571e-05 1.79769e+308 2.47616 inf
1062 5.6877e-06 1.71591e-05 1.5571e-05 1.79769e+308 2.47616 inf
1063 5.76222e-06 1.69759e-05 1.5571e-05 1.79769e+308 2.47616 inf
1064 5.65645e-06 1.71473e-05 1.5571e-05 1.79769e+308 2.47616 inf
1065 5.74074e-06 1.72512e-05 1.5571e-05 1.79769e+308 2.47616 inf
1066 5.65102e-06 1.91293e-05 1.5571e-05 1.79769e+308 2.47616 inf
1067 5.78633e-06 1.63562e-05 1.5571e-05 1.79769e+308 2.47616 inf
1068 5.7198e-06 1.81759e-05 1.5571e-05 1.79769e+308 2.47616 inf
1069 5.67692e-06 1.74752e-05 1.5571e-05 1.79769e+308 2.47616 inf
1070 5.67142e-06 1.70779e-05 1.5571e-05 1.79769e+308 2.47616 inf
1071 5.71888e-06 1.72342e-05 1.5571e-05 1.79769e+308 2.47616 inf
1072 5.80832e-06 1.63908e-05 1.5571e-05 1.79769e+308 2.47616 inf
1073 5.70111e-06 1.67358e-05 1.5571e-05 1.79769e+308 2.47616 inf
1074 5.63448e-06 1.87448e-05 1.5571e-05 1.79769e+308 2.47616 inf
1075 5.68572e-06 1.79131e-05 1.5571e-05 1.79769e+308 2.47616 inf
1076 5.80922e-06 1.77162e-05 1.5571e-05 1.79769e+308 2.47616 inf
1077 5.63478e-06 1.73643e-05 1.5571e-05 1.79769e+308 2.47616 inf
1078 5.70286e-06 1.80992e-05 1.5571e-05 1.79769e+308 2.47616 inf
1079 5.78417e-06 1.90654e-05 1.5571e-05 1.79769e+308 2.47616 inf
1080 5.85152e-06 1.70025e-05 1.5571e-05 1.79769e+308 2.47616 inf
1081 5.847e-06 2.53307e-05 1.5571e-05 1.79769e+308 2.47616 inf
1082 5.54223e-06 1.72507e-05 1.5571e-05 1.79769e+308 2.47616 inf
1083 5.62227e-06 1.72548e-05 1.5571e-05 1.79769e+308 2.47616 inf
1084 5.72527e-06 1.65664e-05 1.5571e-05 1.79769e+308 2.47616 inf
1085 5.72894e-06 1.98843e-05 1.5571e-05 1.79769e+308 2.47616 inf
1086 5.70995e-06 1.64367e-05 1.5571e-05 1.79769e+308 2.47616 inf
1087 5.68408e-06 1.73506e-05 1.5571e-05 1.79769e+308 2.47616 inf
1088 5.79158e-06 1.91208e-05 1.5571e-05 1.79769e+308 2.47616 inf
1089 5.59395e-06 1.59376e-05 1.5571e-05 1.79769e+308 2.47616 inf
1090 5.79547e-06 1.68865e-05 1.5571e-05 1.79769e+308 2.47616 inf
1091 5.65465e-06 1.72466e-05 1.5571e-05 1.79769e+308 2.47616 inf
1092 5.79675e-06 1.81699e-05 1.5571e-05 1.79769e+308 2.47616 inf
1093 5.64598e-06 1.72701e-05 1.5571e-05 1.79769e+308 2.47616 inf
1094 5.72666e-06 1.68941e-05 1.5571e-05 1.79769e+308 2.47616 inf
1095 5.75138e-06 1.61179e-05 1.5571e-05 1.79769e+308 2.47616 inf
1096 5.76193e-06 1.6452e-05 1.5571e-05 1.79769e+308 2.47616 inf
1097 5.8504e-06 1.6589e-05 1.5571e-05 1.79769e+308 2.47616 inf
1098 5.70424e-06 1.72719e-05 1.5571e-05 1.79769e+308 2.47616 inf
1099 5.60142e-06 1.68834e-05 1.5571e-05 1.79769e+308 2.47616 inf
1100 5.65396e-06 1.93702e-05 1.5571e-05 1.79769e+308 2.47616 inf
1101 5.73029e-06 1.7388e-05 1.5571e-05 1.79769e+308 2.47616 inf
1102 5.67939e-06 1.63484e-05 1.5571e-05 1.79769e+308 2.47616 inf
1103 5.75452e-06 1.69357e-05 1.5571e-05 1.79769e+308 2.47616 inf
1104 5.86578e-06 1.72598e-05 1.5571e-05 1.79769e+308 2.47616 inf
1105 5.59458e-06 1.63503e-05 1.5571e-05 1.79769e+308 2.47616 inf
1106 5.7639e-06 1.61572e-05 1.5571e-05 1.79769e+308 2.47616 inf
1107 5.67489e-06 1.73469e-05 1.5571e-05 1.79769e+308 2.47616 inf
1108 5.71908e-06 1.71514e-05 1.5571e-05 1.79769e+308 2.47616 inf
1109 5.68171e-06 1.58847e-05 1.5571e-05 1.79769e+308 2.47616 inf
1110 5.69393e-06 1.67146e-05 1.5571e-05 1.79769e+308 2.47616 inf
1111 5.75995e-06 1.70865e-05 1.5571e-05 1.79769e+308 2.47616 inf
1112 5.63728e-06 2.04642e-05 1.5571e-05 1.79769e+308 2.47616 inf
1113 5.69009e-06 1.61186e-05 1.5571e-05 1.79769e+308 2.47616 inf
1114 5.79801e-06 1.68469e-05 1.5571e-05 1.79769e+308 2.47616 inf
1115 5.64642e-06 1.68775e-05 1.5571e-05 1.79769e+308 2.47616 inf
1116 5.93415e-06 2.8518e-05 1.5571e-05 1.79769e+308 2.47616 inf
1117 5.53732e-06 1.83641e-05 1.5571e-05 1.79769e+308 2.47616 inf
1118 5.73196e-06 1.66997e-05 1.5571e-05 1.79769e+308 2.47616 inf
1119 5.73081e-06 1.63758e-05 1.5571e-05 1.79769e+308 2.47616 inf
1120 5.6889e-06 1.67714e-05 1.5571e-05 1.79769e+308 2.47616 inf
1121 5.81127e-06 1.62171e-05 1.5571e-05 1.79769e+308 2.47616 inf
1122 5.58948e-06 1.60079e-05 1.5571e-05 1.79769e+308 2.47616 inf
1123 5.70235e-06 1.69576e-05 1.5571e-05 1.79769e+308 2.47616 inf
1124 5.95244e-06 2.02044e-05 1.5571e-05 1.79769e+308 2.47616 inf
1125 5.48038e-06 1.81303e-05 1.5571e-05 1.79769e+308 2.47616 inf
1126 5.90497e-06 1.67946e-05 1.5571e-05 1.79769e+308 2.47616 inf
1127 5.74579e-06 1.78588e-05 1.5571e-05 1.79769e+308 2.47616 inf
1128 5.64489e-06 1.9843e-05 1.5571e-05 1.79769e+308 2.47616 inf
1129 5.69356e-06 1.61519e-05 1.5571e-05 1.79769e+308 2.47616 inf
1130 5.69061e-06 1.66912e-05 1.5571e-05 1.79769e+308 2.47616 inf
1131 5.23644e-06 1.73579e-05 1.5571e-05 1.79769e+308 2.47616 inf
1132 5.32422e-06 1.62748e-05 1.5571e-05 1.79769e+308 2.47616 inf
1133 5.36332e-06 1.64502e-05 1.5571e-05 1.79769e+308 2.47616 inf
1134 5.34774e-06 1.72098e-05 1.5571e-05 1.79769e+308 2.47616 inf
1135 5.31272e-06 1.87203e-05 1.5571e-05 1.79769e+308 2.47616 inf
1136 5.40961e-06 1.73317e-05 1.5571e-05 1.79769e+308 2.47616 inf
1137 5.38898e-06 1.94759e-05 1.5571e-05 1.79769e+308 2.47616 inf
1138 5.30708e-06 1.74433e-05 1.5571e-05 1.79769e+308 2.47616 inf
1139 5.34328e-06 1.63456e-05 1.5571e-05 1.79769e+308 2.47616 inf
1140 5.375e-06 4.16875e-05 1.5571e-05 1.79769e+308 2.47616 inf
1141 5.33463e-06 1.87261e-05 1.5571e-05 1.79769e+308 2.47616 inf
1142 5.34678e-06 1.7024e-05 1.5571e-05 1.79769e+308 2.47616 inf
1143 5.41646e-06 1.74371e-05 1.5571e-05 1.79769e+308 2.47616 inf
1144 5.38629e-06 1.72218e-05 1.5571e-05 1.79769e+308 2.47616 inf
1145 5.35531e-06 1.65441e-05 1.5571e-05 1.79769e+308 2.47616 inf
1146 5.40055e-06 1.71274e-05 1.5571e-05 1.79769e+308 2.47616 inf
1147 5.41076e-06 1.59546e-05 1.5571e-05 1.79769e+308 2.47616 inf
1148 5.38401e-06 1.68242e-05 1.5571e-05 1.79769e+308 2.47616 inf
1149 5.41029e-06 1.70879e-05 1.5571e-05 1.79769e+308 2.47616 inf
1150 5.3853e-06 1.74881e-05 1.5571e-05 1.79769e+308 2.47616 inf
1151 5.47972e-06 1.78155e-05 1.5571e-05 1.79769e+308 2.47616 inf
1152 5.37206e-06 1.77694e-05 1.5571e-05 1.79769e+308 2.47616 inf
1153 5.40833e-06 1.6472e-05 1.5571e-05 1.79769e+308 2.47616 inf
1154 5.42176e-06 1.68355e-05 1.5571e-05 1.79769e+308 2.47616 inf
1155 5.43052e-06 1.77542e-05 1.5571e-05 1.79769e+308 2.47616 inf
1156 5.45338e-06 2.01081e-05 1.5571e-05 1.79769e+308 2.47616 inf
1157 5.41981e-06 1.67974e-05 1.5571e-05 1.79769e+308 2.47616 inf
1158 5.42381e-06 1.69879e-05 1.5571e-05 1.79769e+308 2.47616 inf
1159 5.4376e-06 1.72622e-05 1.5571e-05 1.79769e+308 2.47616 inf
1160 5.43235e-06 1.75003e-05 1.5571e-05 1.79769e+308 2.47616 inf
1161 5.51599e-06 1.67397e-05 1.5571e-05 1.79769e+308 2.47616 inf
1162 5.44184e-06 1.73433e-05 1.5571e-05 1.79769e+308 2.47616 inf
1163 5.51217e-06 1.73272e-05 1.5571e-05 1.79769e+308 2.47616 inf
1164 5.45563e-06 1.74367e-05 1.5571e-05 1.79769e+308 2.47616 inf
1165 5.42616e-06 1.67657e-05 1.5571e-05 1.79769e+308 2.47616 inf
1166 5.46236e-06 1.73171e-05 1.5571e-05 1.79769e+308 2.47616 inf
1167 5.53168e-06 1.72441e-05 1.5571e-05 1.79769e+308 2.47616 inf
1168 5.46104e-06 1.73322e-05 1.5571e-05 1.79769e+308 2.47616 inf
1169 5.44095e-06 1.70783e-05 1.5571e-05 1.79769e+308 2.47616 inf
1170 5.52505e-06 1.73482e-05 1.5571e-05 1.79769e+308 2.47616 inf
1171 5.50915e-06 1.80159e-05 1.5571e-05 1.79769e+308 2.47616 inf
1172 5.45925e-06 1.67445e-05 1.5571e-05 1.79769e+308 2.47616 inf
1173 5.49119e-06 1.74435e-05 1.5571e-05 1.79769e+308 2.47616 inf
1174 5.49591e-06 1.67546e-05 1.5571e-05 1.79769e+308 2.47616 inf
1175 5.48199e-06 2.04379e-05 1.5571e-05 1.79769e+308 2.47616 inf
1176 5.49428e-06 1.73503e-05 1.5571e-05 1.79769e+308 2.47616 inf
1177 5.54888e-06 1.70685e-05 1.5571e-05 1.79769e+308 2.47616 inf
1178 5.49804e-06 1.68425e-05 1.5571e-05 1.79769e+308 2.47616 inf
1179 5.54292e-06 1.82737e-05 1.5571e-05 1.79769e+308 2.47616 inf
1180 5.52196e-06 1.64897e-05 1.5571e-05 1.79769e+308 2.47616 inf
1181 5.49542e-06 1.83194e-05 1.5571e-05 1.79769e+308 2.47616 inf
1182 5.54619e-06 1.70635e-05 1.5571e-05 1.79769e+308 2.47616 inf
1183 5.51983e-06 1.76297e-05 1.5571e-05 1.79769e+308 2.47616 inf
1184 5.50394e-06 1.68717e-05 1.5571e-05 1.79769e+308 2.47616 inf
1185 5.58559e-06 1.65157e-05 1.5571e-05 1.79769e+308 2.47616 inf
1186 5.49281e-06 1.68893e-05 1.5571e-05 1.79769e+308 2.47616 inf
1187 5.54456e-06 1.72715e-05 1.5571e-05 1.79769e+308 2.47616 inf
1188 5.5048e-06 1.68207e-05 1.5571e-05 1.79769e+308 2.47616 inf
1189 5.517e-06 1.79129e-05 1.5571e-05 1.79769e+308 2.47616 inf
1190 5.57146e-06 1.64139e-05 1.5571e-05 1.79769e+308 2.47616 inf
1191 5.539e-06 1.71518e-05 1.5571e-05 1.79769e+308 2.47616 inf
1192 5.57313e-06 1.75239e-05 1.5571e-05 1.79769e+308 2.47616 inf
1193 5.56946e-06 4.44214e-05 1.5571e-05 1.79769e+308 2.47616 inf
1194 5.52591e-06 1.71768e-05 1.5571e-05 1.79769e+308 2.47616 inf
1195 5.51291e-06 1.73395e-05 1.5571e-05 1.79769e+308 2.47616 inf
1196 5.61019e-06 1.74374e-05 1.5571e-05 1.79769e+308 2.47616 inf
1197 5.5142e-06 1.66364e-05 1.5571e-05 1.79769e+308 2.47616 inf
1198 5.56072e-06 1.70949e-05 1.5571e-05 1.79769e+308 2.47616 inf
1199 5.51774e-06 1.72009e-05 1.5571e-05 1.79769e+308 2.47616 inf
1200 5.54535e-06 1.70725e-05 1.5571e-05 1.79769e+308 2.47616 inf
1201 5.56532e-06 1.71518e-05 1.5571e-05 1.79769e+308 2.47616 inf
1202 5.56473e-06 1.75302e-05 1.5571e-05 1.79769e+308 2.47616 inf
1203 5.59128e-06 1.81408e-05 1.5571e-05 1.79769e+308 2.47616 inf
1204 5.54925e-06 1.77503e-05 1.5571e-05 1.79769e+308 2.47616 inf
1205 5.56163e-06 1.70207e-05 1.5571e-05 1.79769e+308 2.47616 inf
1206 5.53934e-06 1.6839e-05 1.5571e-05 1.79769e+308 2.47616 inf
1207 5.55396e-06 1.72882e-05 1.5571e-05 1.79769e+308 2.47616 inf
1208 5.57951e-06 1.61078e-05 1.5571e-05 1.79769e+308 2.47616 inf
1209 5.58847e-06 1.73336e-05 1.5571e-05 1.79769e+308 2.47616 inf
1210 5.62924e-06 1.74359e-05 1.5571e-05 1.79769e+308 2.47616 inf
1211 5.51512e-06 1.74777e-05 1.5571e-05 1.79769e+308 2.47616 inf
1212 5.62838e-06 1.73486e-05 1.5571e-05 1.79769e+308 2.47616 inf
1213 5.60629e-06 1.72535e-05 1.5571e-05 1.79769e+308 2.47616 inf
1214 5.56188e-06 1.62658e-05 1.5571e-05 1.79769e+308 2.47616 inf
1215 5.58362e-06 1.78868e-05 1.5571e-05 1.79769e+308 2.47616 inf
1216 5.56331e-06 1.73976e-05 1.5571e-05 1.79769e+308 2.47616 inf
1217 5.55384e-06 1.68104e-05 1.5571e-05 1.79769e+308 2.47616 inf
1218 5.59061e-06 1.65475e-05 1.5571e-05 1.79769e+308 2.47616 inf
1219 5.61314e-06 1.65256e-05 1.5571e-05 1.79769e+308 2.47616 inf
1220 5.60186e-06 1.64765e-05 1.5571e-05 1.79769e+308 2.47616 inf
1221 5.59639e-06 1.68848e-05 1.5571e-05 1.79769e+308 2.47616 inf
1222 5.61879e-06 1.66627e-05 1.5571e-05 1.79769e+308 2.47616 inf
1223 5.62239e-06 1.71971e-05 1.5571e-05 1.79769e+308 2.47616 inf
1224 5.60112e-06 1.71591e-05 1.5571e-05 1.79769e+308 2.47616 inf
1225 5.59523e-06 1.72646e-05 1.5571e-05 1.79769e+308 2.47616 inf
1226 5.64295e-06 1.66598e-05 1.5571e-05 1.79769e+308 2.47616 inf
1227 5.54739e-06 1.71235e-05 1.5571e-05 1.79769e+308 2.47616 inf
1228 5.61903e-06 1.99664e-05 1.5571e-05 1.79769e+308 2.47616 inf
1229 5.62089e-06 1.76285e-05 1.5571e-05 1.79769e+308 2.47616 inf
1230 5.58157e-06 1.72846e-05 1.5571e-05 1.79769e+308 2.47616 inf
1231 5.49235e-06 1.59094e-05 1.5571e-05 1.79769e+308 2.47616 inf
1232 5.48784e-06 1.77545e-05 1.5571e-05 1.79769e+308 2.47616 inf
1233 5.56496e-06 1.70613e-05 1.5571e-05 1.79769e+308 2.47616 inf
1234 5.54633e-06 1.73743e-05 1.5571e-05 1.79769e+308 2.47616 inf
1235 5.59123e-06 1.61714e-05 1.5571e-05 1.79769e+308 2.47616 inf
1236 5.58673e-06 1.69356e-05 1.5571e-05 1.79769e+308 2.47616 inf
1237 5.61357e-06 1.80327e-05 1.5571e-05 1.79769e+308 2.47616 inf
1238 5.59318e-06 1.76502e-05 1.5571e-05 1.79769e+308 2.47616 inf
1239 5.59312e-06 1.78258e-05 1.5571e-05 1.79769e+308 2.47616 inf
1240 5.61635e-06 1.71865e-05 1.5571e-05 1.79769e+308 2.47616 inf
1241 5.60105e-06 1.69535e-05 1.5571e-05 1.79769e+308 2.47616 inf
1242 5.62965e-06 1.79931e-05 1.5571e-05 1.79769e+308 2.47616 inf
1243 5.62224e-06 1.70056e-05 1.5571e-05 1.79769e+308 2.47616 inf
1244 5.63741e-06 1.68866e-05 1.5571e-05 1.79769e+308 2.47616 inf
1245 5.64157e-06 1.74446e-05 1.5571e-05 1.79769e+308 2.47616 inf
1246 5.63949e-06 1.6887e-05 1.5571e-05 1.79769e+308 2.47616 inf
1247 5.6457e-06 1.79387e-05 1.5571e-05 1.79769e+308 2.47616 inf
1248 5.67388e-06 1.7213e-05 1.5571e-05 1.79769e+308 2.47616 inf
1249 5.67786e-06 1.69297e-05 1.5571e-05 1.79769e+308 2.47616 inf
1250 5.6933e-06 1.70538e-05 1.5571e-05 1.79769e+308 2.47616 inf
1251 5.71694e-06 1.87333e-05 1.5571e-05 1.79769e+308 2.47616 inf
1252 5.69228e-06 1.89105e-05 1.5571e-05 1.79769e+308 2.47616 inf
1253 5.71045e-06 1.72331e-05 1.5571e-05 1.79769e+308 2.47616 inf
1254 5.69644e-06 1.81777e-05 1.5571e-05 1.79769e+308 2.47616 inf
1255 5.71679e-06 2.00646e-05 1.5571e-05 1.79769e+308 2.47616 inf
1256 5.756e-06 1.7563e-05 1.5571e-05 1.79769e+308 2.47616 inf
1257 5.77494e-06 1.78236e-05 1.5571e-05 1.79769e+308 2.47616 inf
1258 5.7243e-06 1.76675e-05 1.5571e-05 1.79769e+308 2.47616 inf
1259 5.73564e-06 1.68746e-05 1.5571e-05 1.79769e+308 2.47616 inf
1260 5.74691e-06 1.61699e-05 1.5571e-05 1.79769e+308 2.47616 inf
1261 5.77788e-06 1.72669e-05 1.5571e-05 1.79769e+308 2.47616 inf
1262 5.75635e-06 1.72264e-05 1.5571e-05 1.79769e+308 2.47616 inf
1263 5.78722e-06 1.73158e-05 1.5571e-05 1.79769e+308 2.47616 inf
1264 5.76687e-06 1.84339e-05 1.5571e-05 1.79769e+308 2.47616 inf
1265 5.79398e-06 1.80203e-05 1.5571e-05 1.79769e+308 2.47616 inf
1266 5.8361e-06 1.93788e-05 1.5571e-05 1.79769e+308 2.47616 inf
1267 5.81094e-06 1.90004e-05 1.5571e-05 1.79769e+308 2.47616 inf
1268 5.83104e-06 1.79213e-05 1.5571e-05 1.79769e+308 2.47616 inf
1269 5.84485e-06 1.78928e-05 1.5571e-05 1.79769e+308 2.47616 inf
1270 5.86252e-06 1.79407e-05 1.5571e-05 1.79769e+308 2.47616 inf
1271 5.82065e-06 2.0961e-05 1.5571e-05 1.79769e+308 2.47616 inf
1272 5.83711e-06 1.76762e-05 1.5571e-05 1.79769e+308 2.47616 inf
1273 5.87479e-06 1.79321e-05 1.5571e-05 1.79769e+308 2.47616 inf
1274 5.82138e-06 1.78472e-05 1.5571e-05 1.79769e+308 2.47616 inf
1275 5.83648e-06 1.71431e-05 1.5571e-05 1.79769e+308 2.47616 inf
1276 5.8747e-06 1.73659e-05 1.5571e-05 1.79769e+308 2.47616 inf
1277 5.9129e-06 1.72332e-05 1.5571e-05 1.79769e+308 2.47616 inf
1278 5.90828e-06 1.95596e-05 1.5571e-05 1.79769e+308 2.47616 inf
1279 5.8837e-06 1.76588e-05 1.5571e-05 1.79769e+308 2.47616 inf
1280 5.93984e-06 1.8839e-05 1.5571e-05 1.79769e+308 2.47616 inf
1281 5.90151e-06 1.84595e-05 1.5571e-05 1.79769e+308 2.47616 inf
1282 5.92318e-06 1.88288e-05 1.5571e-05 1.79769e+308 2.47616 inf
1283 5.91376e-06 1.83653e-05 1.5571e-05 1.79769e+308 2.47616 inf
1284 5.93992e-06 1.92649e-05 1.5571e-05 1.79769e+308 2.47616 inf
1285 5.92766e-06 1.79139e-05 1.5571e-05 1.79769e+308 2.47616 inf
1286 5.92193e-06 1.78458e-05 1.5571e-05 1.79769e+308 2.47616 inf
1287 5.92095e-06 1.93551e-05 1.5571e-05 1.79769e+308 2.47616 inf
1288 5.9527e-06 1.77693e-05 1.5571e-05 1.79769e+308 2.47616 inf
1289 5.95838e-06 1.8347e-05 1.5571e-05 1.79769e+308 2.47616 inf
1290 5.95798e-06 1.80424e-05 1.5571e-05 1.79769e+308 2.47616 inf
1291 5.96772e-06 1.8398e-05 1.5571e-05 1.79769e+308 2.47616 inf
1292 5.97243e-06 1.91757e-05 1.5571e-05 1.79769e+308 2.47616 inf
1293 5.97446e-06 1.78992e-05 1.5571e-05 1.79769e+308 2.47616 inf
1294 5.96222e-06 1.82017e-05 1.5571e-05 1.79769e+308 2.47616 inf
1295 5.94923e-06 2.05105e-05 1.5571e-05 1.79769e+308 2.47616 inf
1296 5.97078e-06 1.82989e-05 1.5571e-05 1.79769e+308 2.47616 inf
1297 5.95445e-06 1.7936e-05 1.5571e-05 1.79769e+308 2.47616 inf
1298 5.97769e-06 1.85293e-05 1.5571e-05 1.79769e+308 2.47616 inf
1299 6.03694e-06 1.76488e-05 1.5571e-05 1.79769e+308 2.47616 inf
1300 5.98438e-06 1.91561e-05 1.5571e-05 1.79769e+308 2.47616 inf
1301 5.98148e-06 1.77817e-05 1.5571e-05 1.79769e+308 2.47616 inf
1302 5.97088e-06 1.80144e-05 1.5571e-05 1.79769e+308 2.47616 inf
1303 6.05068e-06 1.8848e-05 1.5571e-05 1.79769e+308 2.47616 inf
1304 6.06546e-06 1.90045e-05 1.5571e-05 1.79769e+308 2.47616 inf
1305 6.03557e-06 1.88717e-05 1.5571e-05 1.79769e+308 2.47616 inf
1306 5.97062e-06 1.76105e-05 1.5571e-05 1.79769e+308 2.47616 inf
1307 5.99824e-06 1.94111e-05 1.5571e-05 1.79769e+308 2.47616 inf
1308 6.03889e-06 1.85351e-05 1.5571e-05 1.79769e+308 2.47616 inf
1309 6.09799e-06 2.34448e-05 1.5571e-05 1.79769e+308 2.47616 inf
1310 6.05451e-06 1.91326e-05 1.5571e-05 1.79769e+308 2.47616 inf
1311 6.035e-06 2.07034e-05 1.5571e-05 1.79769e+308 2.47616 inf
1312 6.01653e-06 1.78841e-05 1.5571e-05 1.79769e+308 2.47616 inf
1313 6.04645e-06 1.97211e-05 1.5571e-05 1.79769e+308 2.47616 inf
1314 6.03522e-06 4.26536e-05 1.5571e-05 1.79769e+308 2.47616 inf
1315 6.07936e-06 1.97173e-05 1.5571e-05 1.79769e+308 2.47616 inf
1316 6.07837e-06 1.92043e-05 1.5571e-05 1.79769e+308 2.47616 inf
1317 6.07103e-06 1.77857e-05 1.5571e-05 1.79769e+308 2.47616 inf
1318 6.1047e-06 1.89728e-05 1.5571e-05 1.79769e+308 2.47616 inf
1319 6.06456e-06 1.88238e-05 1.5571e-05 1.79769e+308 2.47616 inf
1320 6.05591e-06 1.92934e-05 1.5571e-05 1.79769e+308 2.47616 inf
1321 6.13521e-06 1.89269e-05 1.5571e-05 1.79769e+308 2.47616 inf
1322 6.10694e-06 1.76229e-05 1.5571e-05 1.79769e+308 2.47616 inf
1323 6.07332e-06 1.91426e-05 1.5571e-05 1.79769e+308 2.47616 inf
1324 6.07788e-06 1.86661e-05 1.5571e-05 1.79769e+308 2.47616 inf
1325 6.076e-06 1.70013e-05 1.5571e-05 1.79769e+308 2.47616 inf
1326 6.0969e-06 1.82894e-05 1.5571e-05 1.79769e+308 2.47616 inf
1327 6.12396e-06 1.87756e-05 1.5571e-05 1.79769e+308 2.47616 inf
1328 6.05529e-06 1.89348e-05 1.5571e-05 1.79769e+308 2.47616 inf
1329 6.16306e-06 1.87426e-05 1.5571e-05 1.79769e+308 2.47616 inf
1330 6.11465e-06 1.81842e-05 1.5571e-05 1.79769e+308 2.47616 inf
1331 6.27004e-06 1.87622e-05 1.5571e-05 1.79769e+308 2.47616 inf
1332 6.24517e-06 1.82177e-05 1.5571e-05 1.79769e+308 2.47616 inf
1333 6.26509e-06 1.76947e-05 1.5571e-05 1.79769e+308 2.47616 inf
1334 6.3259e-06 1.81206e-05 1.5571e-05 1.79769e+308 2.47616 inf
1335 6.32227e-06 2.04408e-05 1.5571e-05 1.79769e+308 2.47616 inf
1336 6.28547e-06 1.8233e-05 1.5571e-05 1.79769e+308 2.47616 inf
1337 6.34692e-06 1.90167e-05 1.5571e-05 1.79769e+308 2.47616 inf
1338 6.39647e-06 1.94254e-05 1.5571e-05 1.79769e+308 2.47616 inf
1339 6.40881e-06 1.80627e-05 1.5571e-05 1.79769e+308 2.47616 inf
1340 6.39123e-06 1.86223e-05 1.5571e-05 1.79769e+308 2.47616 inf
1341 6.43423e-06 1.89358e-05 1.5571e-05 1.79769e+308 2.47616 inf
1342 6.41345e-06 1.79492e-05 1.5571e-05 1.79769e+308 2.47616 inf
1343 6.44798e-06 1.82866e-05 1.5571e-05 1.79769e+308 2.47616 inf
1344 6.49223e-06 2.01004e-05 1.5571e-05 1.79769e+308 2.47616 inf
1345 6.49686e-06 1.89287e-05 1.5571e-05 1.79769e+308 2.47616 inf
1346 6.5249e-06 1.93023e-05 1.5571e-05 1.79769e+308 2.47616 inf
1347 6.47373e-06 1.91274e-05 1.5571e-05 1.79769e+308 2.47616 inf
1348 6.46779e-06 1.82132e-05 1.5571e-05 1.79769e+308 2.47616 inf
1349 6.59618e-06 1.93474e-05 1.5571e-05 1.79769e+308 2.47616 inf
1350 6.59165e-06 1.8474e-05 1.5571e-05 1.79769e+308 2.47616 inf
1351 6.59489e-06 1.99909e-05 1.5571e-05 1.79769e+308 2.47616 inf
1352 6.63898e-06 2.03908e-05 1.5571e-05 1.79769e+308 2.47616 inf
1353 6.65013e-06 1.83438e-05 1.5571e-05 1.79769e+308 2.47616 inf
1354 6.61156e-06 1.92974e-05 1.5571e-05 1.79769e+308 2.47616 inf
1355 6.67603e-06 2.2203e-05 1.5571e-05 1.79769e+308 2.47616 inf
1356 6.6344e-06 1.93984e-05 1.5571e-05 1.79769e+308 2.47616 inf
1357 6.62955e-06 1.97503e-05 1.5571e-05 1.79769e+308 2.47616 inf
1358 6.62934e-06 1.97728e-05 1.5571e-05 1.79769e+308 2.47616 inf
1359 6.6911e-06 1.96115e-05 1.5571e-05 1.79769e+308 2.47616 inf
1360 6.75821e-06 2.08806e-05 1.5571e-05 1.79769e+308 2.47616 inf
1361 6.74787e-06 2.00613e-05 1.5571e-05 1.79769e+308 2.47616 inf
1362 6.75969e-06 2.04566e-05 1.5571e-05 1.79769e+308 2.47616 inf
1363 6.71795e-06 2.09079e-05 1.5571e-05 1.79769e+308 2.47616 inf
1364 6.71423e-06 1.96554e-05 1.5571e-05 1.79769e+308 2.47616 inf
1365 6.76485e-06 2.00024e-05 1.5571e-05 1.79769e+308 2.47616 inf
1366 6.72347e-06 2.02076e-05 1.5571e-05 1.79769e+308 2.47616 inf
1367 6.76216e-06 2.03289e-05 1.5571e-05 1.79769e+308 2.47616 inf
1368 6.76267e-06 1.94806e-05 1.5571e-05 1.79769e+308 2.47616 inf
1369 6.8078e-06 1.91057e-05 1.5571e-05 1.79769e+308 2.47616 inf
1370 6.78697e-06 2.08367e-05 1.5571e-05 1.79769e+308 2.47616 inf
1371 6.88014e-06 1.98054e-05 1.5571e-05 1.79769e+308 2.47616 inf
1372 6.81043e-06 1.93333e-05 1.5571e-05 1.79769e+308 2.47616 inf
1373 6.82731e-06 1.91065e-05 1.5571e-05 1.79769e+308 2.47616 inf
1374 6.81151e-06 1.84857e-05 1.5571e-05 1.79769e+308 2.47616 inf
1375 6.89064e-06 1.90643e-05 1.5571e-05 1.79769e+308 2.47616 inf
1376 6.89844e-06 2.01262e-05 1.5571e-05 1.79769e+308 2.47616 inf
1377 6.91909e-06 2.02532e-05 1.5571e-05 1.79769e+308 2.47616 inf
1378 6.93454e-06 2.00857e-05 1.5571e-05 1.79769e+308 2.47616 inf
1379 7.01332e-06 2.25927e-05 1.5571e-05 1.79769e+308 2.47616 inf
1380 6.9586e-06 2.02869e-05 1.5571e-05 1.79769e+308 2.47616 inf
1381 6.94337e-06 1.97165e-05 1.5571e-05 1.79769e+308 2.47616 inf
1382 6.95453e-06 1.92237e-05 1.5571e-05 1.79769e+308 2.47616 inf
1383 6.92303e-06 1.94998e-05 1.5571e-05 1.79769e+308 2.47616 inf
1384 6.91422e-06 2.14162e-05 1.5571e-05 1.79769e+308 2.47616 inf
1385 7.02758e-06 2.04587e-05 1.5571e-05 1.79769e+308 2.47616 inf
1386 6.98725e-06 1.92724e-05 1.5571e-05 1.79769e+308 2.47616 inf
1387 6.94499e-06 1.89174e-05 1.5571e-05 1.79769e+308 2.47616 inf
1388 7.03439e-06 1.9693e-05 1.5571e-05 1.79769e+308 2.47616 inf
1389 7.04141e-06 1.99913e-05 1.5571e-05 1.79769e+308 2.47616 inf
1390 7.04872e-06 2.22605e-05 1.5571e-05 1.79769e+308 2.47616 inf
1391 7.02619e-06 2.0706e-05 1.5571e-05 1.79769e+308 2.47616 inf
1392 7.07689e-06 2.23009e-05 1.5571e-05 1.79769e+308 2.47616 inf
1393 7.05443e-06 2.01959e-05 1.5571e-05 1.79769e+308 2.47616 inf
1394 7.05548e-06 1.97573e-05 1.5571e-05 1.79769e+308 2.47616 inf
1395 7.15354e-06 2.03641e-05 1.5571e-05 1.79769e+308 2.47616 inf
1396 7.09071e-06 1.95779e-05 1.5571e-05 1.79769e+308 2.47616 inf
1397 7.08793e-06 1.96361e-05 1.5571e-05 1.79769e+308 2.47616 inf
1398 7.09548e-06 1.97318e-05 1.5571e-05 1.79769e+308 2.47616 inf
1399 7.15914e-06 2.06255e-05 1.5571e-05 1.79769e+308 2.47616 inf
1400 7.06982e-06 2.19372e-05 1.5571e-05 1.79769e+308 2.47616 inf
1401 7.09588e-06 2.06864e-05 1.5571e-05 1.79769e+308 2.47616 inf
1402 7.13927e-06 2.00279e-05 1.5571e-05 1.79769e+308 2.47616 inf
1403 7.15149e-06 2.3321e-05 1.5571e-05 1.79769e+308 2.47616 inf
1404 7.17039e-06 2.03454e-05 1.5571e-05 1.79769e+308 2.47616 inf
1405 7.2419e-06 2.1699e-05 1.5571e-05 1.79769e+308 2.47616 inf
1406 7.17776e-06 2.0364e-05 1.5571e-05 1.79769e+308 2.47616 inf
1407 7.33966e-06 1.9771e-05 1.5571e-05 1.79769e+308 2.47616 inf
1408 7.27126e-06 2.08721e-05 1.5571e-05 1.79769e+308 2.47616 inf
1409 7.16714e-06 2.01832e-05 1.5571e-05 1.79769e+308 2.47616 inf
1410 7.35128e-06 2.14985e-05 1.5571e-05 1.79769e+308 2.47616 inf
1411 7.28987e-06 2.03064e-05 1.5571e-05 1.79769e+308 2.47616 inf
1412 7.27158e-06 2.04808e-05 1.5571e-05 1.79769e+308 2.47616 inf
1413 7.3068e-06 2.0489e-05 1.5571e-05 1.79769e+308 2.47616 inf
1414 7.36983e-06 2.05027e-05 1.5571e-05 1.79769e+308 2.47616 inf
1415 7.32097e-06 2.09635e-05 1.5571e-05 1.79769e+308 2.47616 inf
1416 7.3498e-06 2.22688e-05 1.5571e-05 1.79769e+308 2.47616 inf
1417 7.33704e-06 2.01151e-05 1.5571e-05 1.79769e+308 2.47616 inf
1418 7.26213e-06 2.10585e-05 1.5571e-05 1.79769e+308 2.47616 inf
1419 7.31074e-06 2.01161e-05 1.5571e-05 1.79769e+308 2.47616 inf
1420 7.33616e-06 2.05861e-05 1.5571e-05 1.79769e+308 2.47616 inf
1421 7.29229e-06 1.98327e-05 1.5571e-05 1.79769e+308 2.47616 inf
1422 7.28565e-06 1.99512e-05 1.5571e-05 1.79769e+308 2.47616 inf
1423 7.28828e-06 2.13195e-05 1.5571e-05 1.79769e+308 2.47616 inf
1424 7.36154e-06 2.14538e-05 1.5571e-05 1.79769e+308 2.47616 inf
1425 7.40942e-06 2.20198e-05 1.5571e-05 1.79769e+308 2.47616 inf
1426 7.34916e-06 2.02337e-05 1.5571e-05 1.79769e+308 2.47616 inf
1427 7.34391e-06 2.00703e-05 1.5571e-05 1.79769e+308 2.47616 inf
1428 7.35255e-06 2.13732e-05 1.5571e-05 1.79769e+308 2.47616 inf
1429 7.38729e-06 2.01073e-05 1.5571e-05 1.79769e+308 2.47616 inf
1430 7.40365e-06 2.23249e-05 1.5571e-05 1.79769e+308 2.47616 inf
1431 7.86548e-06 2.29312e-05 1.5571e-05 1.79769e+308 2.47616 inf
1432 7.79936e-06 1.99937e-05 1.5571e-05 1.79769e+308 2.47616 inf
1433 7.7117e-06 2.11524e-05 1.5571e-05 1.79769e+308 2.47616 inf
1434 7.8975e-06 2.15093e-05 1.5571e-05 1.79769e+308 2.47616 inf
1435 8.0658e-06 2.03106e-05 1.5571e-05 1.79769e+308 2.47616 inf
1436 7.82702e-06 2.30009e-05 1.5571e-05 1.79769e+308 2.47616 inf
1437 7.98435e-06 2.18025e-05 1.5571e-05 1.79769e+308 2.47616 inf
1438 7.95508e-06 2.16909e-05 1.5571e-05 1.79769e+308 2.47616 inf
1439 8.07151e-06 2.01716e-05 1.5571e-05 1.79769e+308 2.47616 inf
1440 8.06327e-06 2.13912e-05 1.5571e-05 1.79769e+308 2.47616 inf
1441 8.08656e-06 2.01873e-05 1.5571e-05 1.79769e+308 2.47616 inf
1442 8.12512e-06 2.38872e-05 1.5571e-05 1.79769e+308 2.47616 inf
1443 8.18742e-06 2.33604e-05 1.5571e-05 1.79769e+308 2.47616 inf
1444 8.13425e-06 2.46053e-05 1.5571e-05 1.79769e+308 2.47616 inf
1445 8.14955e-06 2.20274e-05 1.5571e-05 1.79769e+308 2.47616 inf
1446 8.15306e-06 2.16608e-05 1.5571e-05 1.79769e+308 2.47616 inf
1447 8.30879e-06 2.09618e-05 1.5571e-05 1.79769e+308 2.47616 inf
1448 8.35051e-06 2.28713e-05 1.5571e-05 1.79769e+308 2.47616 inf
1449 8.21534e-06 2.20314e-05 1.5571e-05 1.79769e+308 2.47616 inf
1450 8.28166e-06 2.19379e-05 1.5571e-05 1.79769e+308 2.47616 inf
1451 8.38114e-06 2.26056e-05 1.5571e-05 1.79769e+308 2.47616 inf
1452 8.45927e-06 2.21189e-05 1.5571e-05 1.79769e+308 2.47616 inf
1453 8.32511e-06 2.196e-05 1.5571e-05 1.79769e+308 2.47616 inf
1454 8.35737e-06 2.03782e-05 1.5571e-05 1.79769e+308 2.47616 inf
1455 8.40071e-06 2.19453e-05 1.5571e-05 1.79769e+308 2.47616 inf
1456 8.4126e-06 2.19723e-05 1.5571e-05 1.79769e+308 2.47616 inf
1457 8.44644e-06 2.12248e-05 1.5571e-05 1.79769e+308 2.47616 inf
1458 8.37373e-06 2.29837e-05 1.5571e-05 1.79769e+308 2.47616 inf
1459 8.47021e-06 2.22744e-05 1.5571e-05 1.79769e+308 2.47616 inf
1460 8.58637e-06 2.33865e-05 1.5571e-05 1.79769e+308 2.47616 inf
1461 8.54612e-06 2.15188e-05 1.5571e-05 1.79769e+308 2.47616 inf
1462 8.61476e-06 2.20493e-05 1.5571e-05 1.79769e+308 2.47616 inf
1463 8.68688e-06 2.21227e-05 1.5571e-05 1.79769e+308 2.47616 inf
1464 8.69356e-06 2.19335e-05 1.5571e-05 1.79769e+308 2.47616 inf
1465 8.67854e-06 2.22722e-05 1.5571e-05 1.79769e+308 2.47616 inf
1466 8.69929e-06 2.20431e-05 1.5571e-05 1.79769e+308 2.47616 inf
1467 8.72087e-06 2.28988e-05 1.5571e-05 1.79769e+308 2.47616 inf
1468 8.84184e-06 2.32727e-05 1.5571e-05 1.79769e+308 2.47616 inf
1469 8.85871e-06 2.23725e-05 1.5571e-05 1.79769e+308 2.47616 inf
1470 8.95181e-06 2.30096e-05 1.5571e-05 1.79769e+308 2.47616 inf
1471 8.74816e-06 2.19779e-05 1.5571e-05 1.79769e+308 2.47616 inf
1472 8.75313e-06 2.29379e-05 1.5571e-05 1.79769e+308 2.47616 inf
1473 8.8341e-06 2.22584e-05 1.5571e-05 1.79769e+308 2.47616 inf
1474 8.83866e-06 2.14053e-05 1.5571e-05 1.79769e+308 2.47616 inf
1475 9.0106e-06 2.25472e-05 1.5571e-05 1.79769e+308 2.47616 inf
1476 8.93137e-06 2.43691e-05 1.5571e-05 1.79769e+308 2.47616 inf
1477 8.8471e-06 2.29785e-05 1.5571e-05 1.79769e+308 2.47616 inf
1478 8.92506e-06 2.20776e-05 1.5571e-05 1.79769e+308 2.47616 inf
1479 8.91968e-06 2.40157e-05 1.5571e-05 1.79769e+308 2.47616 inf
1480 8.88786e-06 2.33389e-05 1.5571e-05 1.79769e+308 2.47616 inf
1481 8.9765e-06 2.10949e-05 1.5571e-05 1.79769e+308 2.47616 inf
1482 8.87429e-06 2.34298e-05 1.5571e-05 1.79769e+308 2.47616 inf
1483 9.07495e-06 2.43996e-05 1.5571e-05 1.79769e+308 2.47616 inf
1484 9.02294e-06 2.32525e-05 1.5571e-05 1.79769e+308 2.47616 inf
1485 9.13079e-06 2.28868e-05 1.5571e-05 1.79769e+308 2.47616 inf
1486 8.99394e-06 2.27929e-05 1.5571e-05 1.79769e+308 2.47616 inf
1487 8.9224e-06 2.27289e-05 1.5571e-05 1.79769e+308 2.47616 inf
1488 9.08688e-06 2.23925e-05 1.5571e-05 1.79769e+308 2.47616 inf
1489 9.08289e-06 2.48239e-05 1.5571e-05 1.79769e+308 2.47616 inf
1490 9.30161e-06 2.41122e-05 1.5571e-05 1.79769e+308 2.47616 inf
1491 9.40781e-06 2.55954e-05 1.5571e-05 1.79769e+308 2.47616 inf
1492 9.23645e-06 2.41114e-05 1.5571e-05 1.79769e+308 2.47616 inf
1493 9.32386e-06 2.36311e-05 1.5571e-05 1.79769e+308 2.47616 inf
1494 9.49835e-06 2.42042e-05 1.5571e-05 1.79769e+308 2.47616 inf
1495 9.33124e-06 2.34847e-05 1.5571e-05 1.79769e+308 2.47616 inf
1496 9.14235e-06 2.34118e-05 1.5571e-05 1.79769e+308 2.47616 inf
1497 9.25561e-06 2.36103e-05 1.5571e-05 1.79769e+308 2.47616 inf
1498 9.29355e-06 2.72464e-05 1.5571e-05 1.79769e+308 2.47616 inf
1499 9.11247e-06 2.42685e-05 1.5571e-05 1.79769e+308 2.47616 inf
1500 9.28353e-06 2.37672e-05 1.5571e-05 1.79769e+308 2.47616 inf
1501 9.34598e-06 2.34123e-05 1.5571e-05 1.79769e+308 2.47616 inf
1502 9.40613e-06 2.52215e-05 1.5571e-05 1.79769e+308 2.47616 inf
1503 9.32369e-06 2.7234e-05 1.5571e-05 1.79769e+308 2.47616 inf
1504 9.42763e-06 2.46876e-05 1.5571e-05 1.79769e+308 2.47616 inf
1505 9.43216e-06 2.33095e-05 1.5571e-05 1.79769e+308 2.47616 inf
1506 9.47395e-06 2.41843e-05 1.5571e-05 1.79769e+308 2.47616 inf
1507 9.32298e-06 2.42297e-05 1.5571e-05 1.79769e+308 2.47616 inf
1508 9.37037e-06 2.42976e-05 1.5571e-05 1.79769e+308 2.47616 inf
1509 9.50617e-06 2.29882e-05 1.5571e-05 1.79769e+308 2.47616 inf
1510 9.41742e-06 2.34521e-05 1.5571e-05 1.79769e+308 2.47616 inf
1511 9.61296e-06 2.27449e-05 1.5571e-05 1.79769e+308 2.47616 inf
1512 9.52046e-06 2.26531e-05 1.5571e-05 1.79769e+308 2.47616 inf
1513 9.55432e-06 2.48051e-05 1.5571e-05 1.79769e+308 2.47616 inf
1514 9.57672e-06 2.38197e-05 1.5571e-05 1.79769e+308 2.47616 inf
1515 9.51909e-06 2.45095e-05 1.5571e-05 1.79769e+308 2.47616 inf
1516 9.74798e-06 2.79951e-05 1.5571e-05 1.79769e+308 2.47616 inf
1517 9.65099e-06 2.30987e-05 1.5571e-05 1.79769e+308 2.47616 inf
1518 9.59131e-06 2.64622e-05 1.5571e-05 1.79769e+308 2.47616 inf
1519 9.54559e-06 2.32177e-05 1.5571e-05 1.79769e+308 2.47616 inf
1520 9.62875e-06 2.42666e-05 1.5571e-05 1.79769e+308 2.47616 inf
1521 9.87062e-06 2.40624e-05 1.5571e-05 1.79769e+308 2.47616 inf
1522 9.58628e-06 2.47416e-05 1.5571e-05 1.79769e+308 2.47616 inf
1523 9.79586e-06 2.51642e-05 1.5571e-05 1.79769e+308 2.47616 inf
1524 9.7164e-06 2.47278e-05 1.5571e-05 1.79769e+308 2.47616 inf
1525 9.64946e-06 2.35617e-05 1.5571e-05 1.79769e+308 2.47616 inf
1526 9.68569e-06 2.5571e-05 1.5571e-05 1.79769e+308 2.47616 inf
1527 9.76464e-06 2.47161e-05 1.5571e-05 1.79769e+308 2.47616 inf
1528 9.96946e-06 2.53209e-05 1.5571e-05 1.79769e+308 2.47616 inf
1529 9.77547e-06 2.45522e-05 1.5571e-05 1.79769e+308 2.47616 inf
1530 9.91129e-06 2.3915e-05 1.5571e-05 1.79769e+308 2.47616 inf
