1 0.00381343 0.000150495 1.79769e+308 1.79769e+308 inf inf
2 0.000174821 8.40715e-05 1.79769e+308 1.79769e+308 inf inf
3 0.00594048 0.000283437 8.40715e-05 0.000297971 5.75367 10.832
4 0.000276966 0.000138907 8.40715e-05 0.000297971 5.75367 10.832
5 0.00535709 0.000306498 8.40715e-05 0.000297971 5.75367 10.832
6 0.000283557 0.000508336 8.40715e-05 0.000297971 5.75367 10.832
7 0.000205071 0.00028882 8.40715e-05 0.000297971 5.75367 10.832
8 0.00118553 9.73925e-05 8.40715e-05 0.000297971 5.75367 10.832
9 0.000177175 0.000467401 8.40715e-05 0.000297971 5.75367 10.832
10 0.000142621 0.00014287 8.40715e-05 0.000297971 5.75367 10.832
11 0.000127484 5.29883e-05 8.40715e-05 0.000297971 5.75367 10.832
12 0.000102783 3.61181e-05 5.29883e-05 0.000180508 4.56784 8.4308
13 9.22089e-05 5.62169e-05 3.61181e-05 0.00015608 3.77123 7.83961
14 0.00010933 3.36334e-05 3.61181e-05 0.00015608 3.77123 7.83961
15 7.85347e-05 6.96804e-05 3.36334e-05 0.000138813 3.6392 7.39326
16 7.57873e-05 2.63643e-05 3.36334e-05 0.000138813 3.6392 7.39326
17 7.04092e-05 0.000128949 2.63643e-05 0.00011318 3.22202 6.67582
18 6.65208e-05 4.56567e-05 2.63643e-05 0.00011318 3.22202 6.67582
19 0.000128521 4.96455e-05 2.63643e-05 0.00011318 3.22202 6.67582
20 6.58948e-05 2.35571e-05 2.63643e-05 0.00011318 3.22202 6.67582
21 6.03485e-05 2.6356e-05 2.35571e-05 0.000100237 3.04566 6.28252
22 6.75342e-05 9.13623e-05 2.35571e-05 0.000100237 3.04566 6.28252
23 6.9391e-05 2.11501e-05 2.35571e-05 0.000100237 3.04566 6.28252
24 5.5254e-05 5.48768e-05 2.11501e-05 8.99084e-05 2.88587 5.95005
25 5.68882e-05 2.48062e-05 2.11501e-05 8.99084e-05 2.88587 5.95005
26 6.36309e-05 3.86124e-05 2.11501e-05 8.99084e-05 2.88587 5.95005
27 6.53095e-05 2.60911e-05 2.11501e-05 8.99084e-05 2.88587 5.95005
28 4.33553e-05 3.07233e-05 2.11501e-05 8.99084e-05 2.88587 5.95005
29 6.63159e-05 3.02724e-05 2.11501e-05 8.99084e-05 2.88587 5.95005
30 4.86139e-05 5.54604e-05 2.11501e-05 8.99084e-05 2.88587 5.95005
31 4.95326e-05 1.83182e-05 2.11501e-05 8.99084e-05 2.88587 5.95005
32 9.47034e-05 1.93741e-05 1.83182e-05 7.66423e-05 2.68573 5.49357
33 4.87099e-05 3.11615e-05 1.83182e-05 7.66423e-05 2.68573 5.49357
34 6.29741e-05 2.62249e-05 1.83182e-05 7.66423e-05 2.68573 5.49357
35 4.56105e-05 2.66632e-05 1.83182e-05 7.66423e-05 2.68573 5.49357
36 4.61306e-05 4.3729e-05 1.83182e-05 7.66423e-05 2.68573 5.49357
37 6.04952e-05 1.84588e-05 1.83182e-05 7.66423e-05 2.68573 5.49357
38 6.61095e-05 2.66715e-05 1.84588e-05 7.31497e-05 2.69601 5.36694
39 4.62977e-05 2.24473e-05 1.84588e-05 7.31497e-05 2.69601 5.36694
40 4.94187e-05 1.70222e-05 1.84588e-05 7.31497e-05 2.69601 5.36694
41 4.27326e-05 0.000233999 1.70222e-05 7.31573e-05 2.58898 5.36722
42 4.71898e-05 2.80108e-05 1.70222e-05 7.31573e-05 2.58898 5.36722
43 6.80928e-05 2.14387e-05 1.70222e-05 7.31573e-05 2.58898 5.36722
44 3.62273e-05 4.49661e-05 1.70222e-05 7.31573e-05 2.58898 5.36722
45 5.0492e-05 2.21719e-05 1.70222e-05 7.31573e-05 2.58898 5.36722
46 3.85624e-05 2.83752e-05 1.70222e-05 7.31573e-05 2.58898 5.36722
47 8.28271e-05 0.000206651 1.70222e-05 7.31573e-05 2.58898 5.36722
48 4.19258e-05 1.65378e-05 1.70222e-05 7.31573e-05 2.58898 5.36722
49 4.12891e-05 1.8464e-05 1.65378e-05 7.16566e-05 2.55188 5.31188
50 4.06037e-05 1.5814e-05 1.8464e-05 6.73142e-05 2.69639 5.14841
51 5.15415e-05 3.36435e-05 1.5814e-05 6.64774e-05 2.4954 5.11631
52 4.04786e-05 1.52905e-05 1.5814e-05 6.64774e-05 2.4954 5.11631
53 3.8979e-05 2.32962e-05 1.52905e-05 6.44928e-05 2.45375 5.03937
54 4.17241e-05 2.04846e-05 1.52905e-05 6.44928e-05 2.45375 5.03937
55 3.70919e-05 2.56361e-05 1.52905e-05 6.44928e-05 2.45375 5.03937
56 3.85394e-05 9.7582e-05 1.52905e-05 6.44928e-05 2.45375 5.03937
57 3.71988e-05 4.2189e-05 1.52905e-05 6.44928e-05 2.45375 5.03937
58 3.94171e-05 3.27162e-05 1.52905e-05 6.44928e-05 2.45375 5.03937
59 3.68374e-05 1.64178e-05 1.52905e-05 6.44928e-05 2.45375 5.03937
60 4.9534e-05 9.2916e-05 1.64178e-05 6.21455e-05 2.5426 4.94681
61 3.46447e-05 2.47597e-05 1.64178e-05 6.21455e-05 2.5426 4.94681
62 8.24379e-05 0.000132341 1.64178e-05 6.21455e-05 2.5426 4.94681
63 3.6251e-05 3.98912e-05 1.64178e-05 6.21455e-05 2.5426 4.94681
64 4.08208e-05 3.88481e-05 1.64178e-05 6.21455e-05 2.5426 4.94681
65 6.11139e-05 1.75615e-05 1.64178e-05 6.21455e-05 2.5426 4.94681
66 2.8832e-05 1.77676e-05 1.64178e-05 6.21455e-05 2.5426 4.94681
67 5.053e-05 5.22345e-05 1.64178e-05 6.21455e-05 2.5426 4.94681
68 3.18406e-05 7.81345e-05 1.64178e-05 6.21455e-05 2.5426 4.94681
69 3.80071e-05 1.58246e-05 1.64178e-05 6.21455e-05 2.5426 4.94681
70 3.83253e-05 1.31542e-05 1.58246e-05 6.07063e-05 2.49624 4.88919
71 2.91569e-05 1.40598e-05 1.31542e-05 5.8462e-05 2.2759 4.79796
72 4.75137e-05 2.0582e-05 1.31542e-05 5.8462e-05 2.2759 4.79796
73 2.52437e-05 1.81138e-05 1.31542e-05 5.8462e-05 2.2759 4.79796
74 3.58293e-05 1.51754e-05 1.31542e-05 5.8462e-05 2.2759 4.79796
75 7.08148e-05 3.21835e-05 1.31542e-05 5.8462e-05 2.2759 4.79796
76 3.10978e-05 1.359e-05 1.31542e-05 5.8462e-05 2.2759 4.79796
77 7.96265e-05 1.96267e-05 1.31542e-05 5.8462e-05 2.2759 4.79796
78 3.25272e-05 9.47218e-05 1.31542e-05 5.8462e-05 2.2759 4.79796
79 4.238e-05 1.44877e-05 1.31542e-05 5.8462e-05 2.2759 4.79796
80 2.79773e-05 2.45449e-05 1.31542e-05 5.8462e-05 2.2759 4.79796
81 3.45036e-05 1.72599e-05 1.31542e-05 5.8462e-05 2.2759 4.79796
82 3.20671e-05 1.41586e-05 1.31542e-05 5.8462e-05 2.2759 4.79796
83 4.48938e-05 2.15646e-05 1.31542e-05 5.8462e-05 2.2759 4.79796
84 4.30894e-05 1.46329e-05 1.31542e-05 5.8462e-05 2.2759 4.79796
85 2.58333e-05 1.57058e-05 1.31542e-05 5.8462e-05 2.2759 4.79796
86 3.46778e-05 1.64135e-05 1.31542e-05 5.8462e-05 2.2759 4.79796
87 5.09118e-05 1.41872e-05 1.31542e-05 5.8462e-05 2.2759 4.79796
88 2.29954e-05 1.43657e-05 1.31542e-05 5.8462e-05 2.2759 4.79796
89 3.10162e-05 2.06382e-05 1.31542e-05 5.8462e-05 2.2759 4.79796
90 5.88168e-05 1.65773e-05 1.31542e-05 5.8462e-05 2.2759 4.79796
91 2.63079e-05 1.33197e-05 1.31542e-05 5.8462e-05 2.2759 4.79796
92 7.01354e-05 1.58738e-05 1.33197e-05 5.5096e-05 2.29017 4.6578
93 2.53564e-05 2.28526e-05 1.33197e-05 5.5096e-05 2.29017 4.6578
94 3.08759e-05 1.56457e-05 1.33197e-05 5.5096e-05 2.29017 4.6578
95 2.92043e-05 1.26898e-05 1.33197e-05 5.5096e-05 2.29017 4.6578
96 2.9293e-05 3.48179e-05 1.26898e-05 5.44354e-05 2.23536 4.62978
97 3.04791e-05 1.28676e-05 1.26898e-05 5.44354e-05 2.23536 4.62978
98 4.90682e-05 2.78629e-05 1.28676e-05 5.40256e-05 2.25097 4.61233
99 2.66193e-05 1.50142e-05 1.28676e-05 5.40256e-05 2.25097 4.61233
100 3.53291e-05 2.71861e-05 1.28676e-05 5.40256e-05 2.25097 4.61233
101 3.54181e-05 1.31107e-05 1.28676e-05 5.40256e-05 2.25097 4.61233
102 2.67712e-05 6.64944e-05 1.28676e-05 5.40256e-05 2.25097 4.61233
103 0.0001443 1.9635e-05 1.28676e-05 5.40256e-05 2.25097 4.61233
104 2.83643e-05 2.07697e-05 1.28676e-05 5.40256e-05 2.25097 4.61233
105 4.91946e-05 1.70443e-05 1.28676e-05 5.40256e-05 2.25097 4.61233
106 2.45345e-05 1.87915e-05 1.28676e-05 5.40256e-05 2.25097 4.61233
107 5.02027e-05 1.64856e-05 1.28676e-05 5.40256e-05 2.25097 4.61233
108 2.57765e-05 3.96271e-05 1.28676e-05 5.40256e-05 2.25097 4.61233
109 2.73106e-05 1.85315e-05 1.28676e-05 5.40256e-05 2.25097 4.61233
110 5.50927e-05 1.27814e-05 1.28676e-05 5.40256e-05 2.25097 4.61233
111 5.62064e-05 1.76673e-05 1.27814e-05 5.40545e-05 2.24342 4.61356
112 1.93382e-05 1.46202e-05 1.27814e-05 5.40545e-05 2.24342 4.61356
113 3.57391e-05 1.18547e-05 1.27814e-05 5.40545e-05 2.24342 4.61356
114 2.24602e-05 1.54738e-05 1.18547e-05 5.35826e-05 2.16055 4.59338
115 4.42302e-05 1.70861e-05 1.18547e-05 5.35826e-05 2.16055 4.59338
116 3.11885e-05 1.43454e-05 1.18547e-05 5.35826e-05 2.16055 4.59338
117 2.43732e-05 3.97549e-05 1.18547e-05 5.35826e-05 2.16055 4.59338
118 4.61574e-05 8.6353e-05 1.18547e-05 5.35826e-05 2.16055 4.59338
119 4.31262e-05 1.34874e-05 1.18547e-05 5.35826e-05 2.16055 4.59338
120 2.04749e-05 2.39977e-05 1.18547e-05 5.35826e-05 2.16055 4.59338
121 7.17696e-05 1.46742e-05 1.18547e-05 5.35826e-05 2.16055 4.59338
122 2.17176e-05 1.87437e-05 1.18547e-05 5.35826e-05 2.16055 4.59338
123 2.57656e-05 3.8008e-05 1.18547e-05 5.35826e-05 2.16055 4.59338
124 4.22287e-05 1.38139e-05 1.18547e-05 5.35826e-05 2.16055 4.59338
125 2.37828e-05 3.41647e-05 1.18547e-05 5.35826e-05 2.16055 4.59338
126 3.72192e-05 1.2632e-05 1.18547e-05 5.35826e-05 2.16055 4.59338
127 4.20618e-05 1.32086e-05 1.18547e-05 5.35826e-05 2.16055 4.59338
128 2.1094e-05 1.88676e-05 1.18547e-05 5.35826e-05 2.16055 4.59338
129 3.75156e-05 2.23003e-05 1.18547e-05 5.35826e-05 2.16055 4.59338
130 2.32275e-05 3.59431e-05 1.18547e-05 5.35826e-05 2.16055 4.59338
131 4.27354e-05 3.35189e-05 1.18547e-05 5.35826e-05 2.16055 4.59338
132 6.50698e-05 1.80813e-05 1.18547e-05 5.35826e-05 2.16055 4.59338
133 1.91375e-05 1.48098e-05 1.18547e-05 5.35826e-05 2.16055 4.59338
134 0.000105922 2.06226e-05 1.18547e-05 5.35826e-05 2.16055 4.59338
135 2.26252e-05 2.32891e-05 1.18547e-05 5.35826e-05 2.16055 4.59338
136 8.84176e-05 4.80414e-05 1.18547e-05 5.35826e-05 2.16055 4.59338
137 2.2918e-05 1.43044e-05 1.18547e-05 5.35826e-05 2.16055 4.59338
138 3.35085e-05 1.20505e-05 1.18547e-05 5.35826e-05 2.16055 4.59338
139 2.03122e-05 1.99099e-05 1.18547e-05 5.35826e-05 2.16055 4.59338
140 4.29094e-05 2.55215e-05 1.18547e-05 5.35826e-05 2.16055 4.59338
141 2.30405e-05 3.21923e-05 1.18547e-05 5.35826e-05 2.16055 4.59338
142 9.81891e-05 1.70071e-05 1.18547e-05 5.35826e-05 2.16055 4.59338
143 2.67592e-05 4.26684e-05 1.18547e-05 5.35826e-05 2.16055 4.59338
144 6.75589e-05 2.11844e-05 1.18547e-05 5.35826e-05 2.16055 4.59338
145 2.4885e-05 1.51742e-05 1.18547e-05 5.35826e-05 2.16055 4.59338
146 8.39738e-05 1.84063e-05 1.18547e-05 5.35826e-05 2.16055 4.59338
147 2.61298e-05 3.91108e-05 1.18547e-05 5.35826e-05 2.16055 4.59338
148 2.49077e-05 1.42894e-05 1.18547e-05 5.35826e-05 2.16055 4.59338
149 7.36577e-05 1.44371e-05 1.18547e-05 5.35826e-05 2.16055 4.59338
150 2.29156e-05 1.24727e-05 1.18547e-05 5.35826e-05 2.16055 4.59338
151 2.47801e-05 1.22324e-05 1.24727e-05 5.19328e-05 2.21616 4.52211
152 2.93428e-05 1.2845e-05 1.22324e-05 5.08779e-05 2.1947 4.47595
153 8.73776e-05 1.48736e-05 1.22324e-05 5.08779e-05 2.1947 4.47595
154 2.11763e-05 2.78392e-05 1.22324e-05 5.08779e-05 2.1947 4.47595
155 9.6502e-05 2.24253e-05 1.22324e-05 5.08779e-05 2.1947 4.47595
156 2.24785e-05 3.03107e-05 1.22324e-05 5.08779e-05 2.1947 4.47595
157 2.34076e-05 1.26576e-05 1.22324e-05 5.08779e-05 2.1947 4.47595
158 4.90476e-05 3.27239e-05 1.22324e-05 5.08779e-05 2.1947 4.47595
159 2.25174e-05 3.15341e-05 1.22324e-05 5.08779e-05 2.1947 4.47595
160 5.47391e-05 1.58332e-05 1.22324e-05 5.08779e-05 2.1947 4.47595
161 2.23954e-05 4.18302e-05 1.22324e-05 5.08779e-05 2.1947 4.47595
162 4.07765e-05 2.35567e-05 1.22324e-05 5.08779e-05 2.1947 4.47595
163 2.1504e-05 1.26965e-05 1.22324e-05 5.08779e-05 2.1947 4.47595
164 5.60569e-05 4.6674e-05 1.22324e-05 5.08779e-05 2.1947 4.47595
165 2.11523e-05 1.21132e-05 1.22324e-05 5.08779e-05 2.1947 4.47595
166 5.00988e-05 2.01785e-05 1.21132e-05 5.01478e-05 2.18399 4.44372
167 2.14212e-05 1.21688e-05 1.21132e-05 5.01478e-05 2.18399 4.44372
168 2.28776e-05 2.29569e-05 1.21132e-05 5.01478e-05 2.18399 4.44372
169 2.58815e-05 1.87283e-05 1.21132e-05 5.01478e-05 2.18399 4.44372
170 4.04553e-05 1.99912e-05 1.21132e-05 5.01478e-05 2.18399 4.44372
171 2.10409e-05 1.41249e-05 1.21132e-05 5.01478e-05 2.18399 4.44372
172 7.33078e-05 2.31293e-05 1.21132e-05 5.01478e-05 2.18399 4.44372
173 2.10408e-05 4.06872e-05 1.21132e-05 5.01478e-05 2.18399 4.44372
174 3.81879e-05 5.99492e-05 1.21132e-05 5.01478e-05 2.18399 4.44372
175 3.21369e-05 1.15843e-05 1.21132e-05 5.01478e-05 2.18399 4.44372
176 1.91185e-05 1.35796e-05 1.15843e-05 4.93863e-05 2.13577 4.40985
177 3.6658e-05 1.20233e-05 1.15843e-05 4.93863e-05 2.13577 4.40985
178 6.14755e-05 2.05933e-05 1.15843e-05 4.93863e-05 2.13577 4.40985
179 1.76407e-05 1.34848e-05 1.15843e-05 4.93863e-05 2.13577 4.40985
180 2.24004e-05 1.77e-05 1.15843e-05 4.93863e-05 2.13577 4.40985
181 3.08014e-05 1.21689e-05 1.15843e-05 4.93863e-05 2.13577 4.40985
182 2.03436e-05 1.35792e-05 1.15843e-05 4.93863e-05 2.13577 4.40985
183 4.66895e-05 7.77206e-05 1.15843e-05 4.93863e-05 2.13577 4.40985
184 2.07017e-05 1.31341e-05 1.15843e-05 4.93863e-05 2.13577 4.40985
185 5.28921e-05 9.2835e-05 1.15843e-05 4.93863e-05 2.13577 4.40985
186 2.05962e-05 1.27501e-05 1.15843e-05 4.93863e-05 2.13577 4.40985
187 2.33045e-05 1.73821e-05 1.15843e-05 4.93863e-05 2.13577 4.40985
188 5.76849e-05 1.81536e-05 1.15843e-05 4.93863e-05 2.13577 4.40985
189 2.02336e-05 0.000112395 1.15843e-05 4.93863e-05 2.13577 4.40985
190 9.65203e-05 1.75369e-05 1.15843e-05 4.93863e-05 2.13577 4.40985
191 2.00224e-05 1.40059e-05 1.15843e-05 4.93863e-05 2.13577 4.40985
192 0.000135977 2.68386e-05 1.15843e-05 4.93863e-05 2.13577 4.40985
193 2.85357e-05 1.78969e-05 1.15843e-05 4.93863e-05 2.13577 4.40985
194 2.47647e-05 2.79433e-05 1.15843e-05 4.93863e-05 2.13577 4.40985
195 2.84748e-05 1.47951e-05 1.15843e-05 4.93863e-05 2.13577 4.40985
196 5.98989e-05 1.9816e-05 1.15843e-05 4.93863e-05 2.13577 4.40985
197 2.0326e-05 1.61006e-05 1.15843e-05 4.93863e-05 2.13577 4.40985
198 5.40558e-05 1.24596e-05 1.15843e-05 4.93863e-05 2.13577 4.40985
199 1.79424e-05 1.82901e-05 1.15843e-05 4.93863e-05 2.13577 4.40985
200 7.53636e-05 1.57558e-05 1.15843e-05 4.93863e-05 2.13577 4.40985
201 1.71598e-05 1.30083e-05 1.15843e-05 4.93863e-05 2.13577 4.40985
202 4.09547e-05 1.44353e-05 1.15843e-05 4.93863e-05 2.13577 4.40985
203 1.59636e-05 2.7291e-05 1.15843e-05 4.93863e-05 2.13577 4.40985
204 8.92952e-05 1.87975e-05 1.15843e-05 4.93863e-05 2.13577 4.40985
205 1.76244e-05 3.80713e-05 1.15843e-05 4.93863e-05 2.13577 4.40985
206 2.06528e-05 1.33703e-05 1.15843e-05 4.93863e-05 2.13577 4.40985
207 4.99414e-05 2.39636e-05 1.15843e-05 4.93863e-05 2.13577 4.40985
208 2.03106e-05 1.6668e-05 1.15843e-05 4.93863e-05 2.13577 4.40985
209 3.75975e-05 2.23407e-05 1.15843e-05 4.93863e-05 2.13577 4.40985
210 7.68666e-05 1.41441e-05 1.15843e-05 4.93863e-05 2.13577 4.40985
211 1.93894e-05 1.13648e-05 1.15843e-05 4.93863e-05 2.13577 4.40985
212 2.10426e-05 1.23889e-05 1.13648e-05 4.90758e-05 2.11544 4.39596
213 3.86159e-05 3.01624e-05 1.13648e-05 4.90758e-05 2.11544 4.39596
214 2.12601e-05 3.0296e-05 1.13648e-05 4.90758e-05 2.11544 4.39596
215 4.11119e-05 1.89114e-05 1.13648e-05 4.90758e-05 2.11544 4.39596
216 2.09116e-05 1.54258e-05 1.13648e-05 4.90758e-05 2.11544 4.39596
217 7.04155e-05 3.16072e-05 1.13648e-05 4.90758e-05 2.11544 4.39596
218 2.23681e-05 0.00015496 1.13648e-05 4.90758e-05 2.11544 4.39596
219 5.11272e-05 1.16465e-05 1.13648e-05 4.90758e-05 2.11544 4.39596
220 1.94817e-05 1.17045e-05 1.13648e-05 4.90758e-05 2.11544 4.39596
221 5.48808e-05 1.37879e-05 1.13648e-05 4.90758e-05 2.11544 4.39596
222 1.94709e-05 1.41696e-05 1.13648e-05 4.90758e-05 2.11544 4.39596
223 8.618e-05 1.94313e-05 1.13648e-05 4.90758e-05 2.11544 4.39596
224 2.43627e-05 1.32606e-05 1.13648e-05 4.90758e-05 2.11544 4.39596
225 5.15128e-05 1.33013e-05 1.13648e-05 4.90758e-05 2.11544 4.39596
226 1.65059e-05 1.17047e-05 1.13648e-05 4.90758e-05 2.11544 4.39596
227 4.0066e-05 1.23802e-05 1.13648e-05 4.90758e-05 2.11544 4.39596
228 1.77013e-05 1.18483e-05 1.13648e-05 4.90758e-05 2.11544 4.39596
229 2.91453e-05 6.96894e-05 1.13648e-05 4.90758e-05 2.11544 4.39596
230 4.97093e-05 1.35099e-05 1.13648e-05 4.90758e-05 2.11544 4.39596
231 1.71935e-05 6.47327e-05 1.13648e-05 4.90758e-05 2.11544 4.39596
232 4.82305e-05 1.45244e-05 1.13648e-05 4.90758e-05 2.11544 4.39596
233 1.68749e-05 1.22654e-05 1.13648e-05 4.90758e-05 2.11544 4.39596
234 5.2742e-05 1.28953e-05 1.13648e-05 4.90758e-05 2.11544 4.39596
235 1.81873e-05 4.8398e-05 1.13648e-05 4.90758e-05 2.11544 4.39596
236 4.21716e-05 1.18243e-05 1.13648e-05 4.90758e-05 2.11544 4.39596
237 1.80948e-05 4.1816e-05 1.13648e-05 4.90758e-05 2.11544 4.39596
238 6.10111e-05 1.18001e-05 1.13648e-05 4.90758e-05 2.11544 4.39596
239 1.81315e-05 2.45366e-05 1.13648e-05 4.90758e-05 2.11544 4.39596
240 2.66828e-05 1.17429e-05 1.13648e-05 4.90758e-05 2.11544 4.39596
241 1.87018e-05 1.37344e-05 1.17429e-05 4.70614e-05 2.15034 4.3048
242 0.00011232 1.57182e-05 1.17429e-05 4.70614e-05 2.15034 4.3048
243 2.05565e-05 1.20396e-05 1.17429e-05 4.70614e-05 2.15034 4.3048
244 7.42077e-05 1.35174e-05 1.17429e-05 4.70614e-05 2.15034 4.3048
245 1.7831e-05 3.93272e-05 1.17429e-05 4.70614e-05 2.15034 4.3048
246 8.14595e-05 3.76441e-05 1.17429e-05 4.70614e-05 2.15034 4.3048
247 1.87417e-05 2.45184e-05 1.17429e-05 4.70614e-05 2.15034 4.3048
248 2.00549e-05 6.57844e-05 1.17429e-05 4.70614e-05 2.15034 4.3048
249 2.74884e-05 1.30453e-05 1.17429e-05 4.70614e-05 2.15034 4.3048
250 2.41134e-05 1.24725e-05 1.17429e-05 4.70614e-05 2.15034 4.3048
251 7.15077e-05 2.3988e-05 1.17429e-05 4.70614e-05 2.15034 4.3048
252 1.69885e-05 1.48101e-05 1.17429e-05 4.70614e-05 2.15034 4.3048
253 1.96132e-05 1.17603e-05 1.17429e-05 4.70614e-05 2.15034 4.3048
254 3.93963e-05 1.54763e-05 1.17429e-05 4.70614e-05 2.15034 4.3048
255 3.31569e-05 1.18552e-05 1.17429e-05 4.70614e-05 2.15034 4.3048
256 1.60092e-05 2.42148e-05 1.17429e-05 4.70614e-05 2.15034 4.3048
257 3.59429e-05 1.11142e-05 1.17429e-05 4.70614e-05 2.15034 4.3048
258 1.70841e-05 3.55512e-05 1.17429e-05 4.70614e-05 2.15034 4.3048
259 3.89951e-05 3.22273e-05 1.17429e-05 4.70614e-05 2.15034 4.3048
260 1.82638e-05 1.26279e-05 1.17429e-05 4.70614e-05 2.15034 4.3048
261 7.1283e-05 4.95127e-05 1.17429e-05 4.70614e-05 2.15034 4.3048
262 1.86324e-05 2.24858e-05 1.17429e-05 4.70614e-05 2.15034 4.3048
263 4.89989e-05 1.33036e-05 1.17429e-05 4.70614e-05 2.15034 4.3048
264 1.64448e-05 1.17589e-05 1.17429e-05 4.70614e-05 2.15034 4.3048
265 3.74991e-05 1.66516e-05 1.17429e-05 4.70614e-05 2.15034 4.3048
266 1.84129e-05 1.53843e-05 1.17429e-05 4.70614e-05 2.15034 4.3048
267 2.86556e-05 1.9196e-05 1.17429e-05 4.70614e-05 2.15034 4.3048
268 4.21586e-05 1.33295e-05 1.17429e-05 4.70614e-05 2.15034 4.3048
269 1.62725e-05 3.1765e-05 1.17429e-05 4.70614e-05 2.15034 4.3048
270 8.69208e-05 1.43678e-05 1.17429e-05 4.70614e-05 2.15034 4.3048
271 1.89114e-05 1.60273e-05 1.17429e-05 4.70614e-05 2.15034 4.3048
272 3.49226e-05 2.37693e-05 1.17429e-05 4.70614e-05 2.15034 4.3048
273 1.84237e-05 1.52086e-05 1.17429e-05 4.70614e-05 2.15034 4.3048
274 3.74264e-05 2.03856e-05 1.17429e-05 4.70614e-05 2.15034 4.3048
275 1.84682e-05 1.37082e-05 1.17429e-05 4.70614e-05 2.15034 4.3048
276 3.55782e-05 1.2148e-05 1.17429e-05 4.70614e-05 2.15034 4.3048
277 3.90294e-05 1.25972e-05 1.17429e-05 4.70614e-05 2.15034 4.3048
278 1.54979e-05 1.6581e-05 1.17429e-05 4.70614e-05 2.15034 4.3048
279 7.48267e-05 1.32761e-05 1.17429e-05 4.70614e-05 2.15034 4.3048
280 1.60011e-05 2.50686e-05 1.17429e-05 4.70614e-05 2.15034 4.3048
281 1.03781e-05 1.12009e-05 1.17429e-05 4.70614e-05 2.15034 4.3048
282 1.1168e-05 1.01803e-05 1.12009e-05 4.50035e-05 2.10013 4.20963
283 1.11332e-05 2.25585e-05 1.01803e-05 4.44679e-05 2.00217 4.1845
284 1.11742e-05 1.45186e-05 1.01803e-05 4.44679e-05 2.00217 4.1845
285 1.10468e-05 1.25508e-05 1.01803e-05 4.44679e-05 2.00217 4.1845
286 1.11353e-05 1.42093e-05 1.01803e-05 4.44679e-05 2.00217 4.1845
287 1.10806e-05 1.12081e-05 1.01803e-05 4.44679e-05 2.00217 4.1845
288 1.11395e-05 1.34712e-05 1.01803e-05 4.44679e-05 2.00217 4.1845
289 1.1092e-05 1.06586e-05 1.01803e-05 4.44679e-05 2.00217 4.1845
290 1.14096e-05 1.83248e-05 1.01803e-05 4.44679e-05 2.00217 4.1845
291 1.099e-05 1.14815e-05 1.01803e-05 4.44679e-05 2.00217 4.1845
292 1.11554e-05 1.79737e-05 1.01803e-05 4.44679e-05 2.00217 4.1845
293 1.10424e-05 2.02631e-05 1.01803e-05 4.44679e-05 2.00217 4.1845
294 1.11061e-05 1.11042e-05 1.01803e-05 4.44679e-05 2.00217 4.1845
295 1.14365e-05 1.08992e-05 1.01803e-05 4.44679e-05 2.00217 4.1845
296 1.11839e-05 1.03509e-05 1.08992e-05 4.28574e-05 2.07166 4.10803
297 1.10592e-05 1.26408e-05 1.03509e-05 4.27677e-05 2.01888 4.10372
298 1.15507e-05 1.0045e-05 1.03509e-05 4.27677e-05 2.01888 4.10372
299 1.08952e-05 1.07634e-05 1.0045e-05 4.24181e-05 1.98882 4.08692
300 1.11449e-05 1.03143e-05 1.0045e-05 4.24181e-05 1.98882 4.08692
301 1.11863e-05 9.96886e-06 1.0045e-05 4.24181e-05 1.98882 4.08692
302 1.11741e-05 1.6085e-05 9.96886e-06 4.22795e-05 1.98127 4.08024
303 1.11527e-05 2.38782e-05 9.96886e-06 4.22795e-05 1.98127 4.08024
304 1.11725e-05 1.0866e-05 9.96886e-06 4.22795e-05 1.98127 4.08024
305 1.10722e-05 1.40976e-05 9.96886e-06 4.22795e-05 1.98127 4.08024
306 1.11602e-05 1.47504e-05 9.96886e-06 4.22795e-05 1.98127 4.08024
307 1.11827e-05 1.02308e-05 9.96886e-06 4.22795e-05 1.98127 4.08024
308 1.114e-05 1.02867e-05 9.96886e-06 4.22795e-05 1.98127 4.08024
309 1.17638e-05 9.83407e-06 9.96886e-06 4.22795e-05 1.98127 4.08024
310 1.06767e-05 9.91245e-06 9.83407e-06 4.20032e-05 1.96783 4.06688
311 1.11243e-05 1.0234e-05 9.83407e-06 4.20032e-05 1.96783 4.06688
312 1.11177e-05 1.29657e-05 9.83407e-06 4.20032e-05 1.96783 4.06688
313 1.11642e-05 1.03715e-05 9.83407e-06 4.20032e-05 1.96783 4.06688
314 1.12147e-05 1.00683e-05 9.83407e-06 4.20032e-05 1.96783 4.06688
315 1.121e-05 1.36114e-05 1.00683e-05 4.15126e-05 1.99112 4.04306
316 1.13209e-05 1.01222e-05 1.00683e-05 4.15126e-05 1.99112 4.04306
317 1.09164e-05 1.01231e-05 1.00683e-05 4.15126e-05 1.99112 4.04306
318 1.12549e-05 1.3734e-05 1.00683e-05 4.15126e-05 1.99112 4.04306
319 1.1526e-05 1.09026e-05 1.00683e-05 4.15126e-05 1.99112 4.04306
320 1.10667e-05 1.04793e-05 1.00683e-05 4.15126e-05 1.99112 4.04306
321 1.11183e-05 1.17039e-05 1.00683e-05 4.15126e-05 1.99112 4.04306
322 1.13326e-05 1.03578e-05 1.00683e-05 4.15126e-05 1.99112 4.04306
323 1.12015e-05 9.97691e-06 1.00683e-05 4.15126e-05 1.99112 4.04306
324 1.11998e-05 9.65538e-06 9.97691e-06 4.11723e-05 1.98207 4.02646
325 1.15536e-05 1.01559e-05 9.65538e-06 4.12864e-05 1.94987 4.03203
326 1.08534e-05 1.00421e-05 9.65538e-06 4.12864e-05 1.94987 4.03203
327 1.12661e-05 1.00725e-05 9.65538e-06 4.12864e-05 1.94987 4.03203
328 1.11847e-05 1.30754e-05 9.65538e-06 4.12864e-05 1.94987 4.03203
329 1.12665e-05 3.59864e-05 9.65538e-06 4.12864e-05 1.94987 4.03203
330 1.12928e-05 1.07454e-05 9.65538e-06 4.12864e-05 1.94987 4.03203
331 1.10757e-05 1.16804e-05 9.65538e-06 4.12864e-05 1.94987 4.03203
332 1.13079e-05 1.67257e-05 9.65538e-06 4.12864e-05 1.94987 4.03203
333 1.11599e-05 1.04886e-05 9.65538e-06 4.12864e-05 1.94987 4.03203
334 1.11617e-05 1.11847e-05 9.65538e-06 4.12864e-05 1.94987 4.03203
335 1.12025e-05 2.75726e-05 9.65538e-06 4.12864e-05 1.94987 4.03203
336 1.12166e-05 1.9818e-05 9.65538e-06 4.12864e-05 1.94987 4.03203
337 1.1164e-05 1.29815e-05 9.65538e-06 4.12864e-05 1.94987 4.03203
338 1.1329e-05 1.0157e-05 9.65538e-06 4.12864e-05 1.94987 4.03203
339 1.13369e-05 1.01623e-05 9.65538e-06 4.12864e-05 1.94987 4.03203
340 1.12203e-05 2.35671e-05 9.65538e-06 4.12864e-05 1.94987 4.03203
341 1.14185e-05 1.87775e-05 9.65538e-06 4.12864e-05 1.94987 4.03203
342 1.12143e-05 1.26677e-05 9.65538e-06 4.12864e-05 1.94987 4.03203
343 1.1232e-05 1.05161e-05 9.65538e-06 4.12864e-05 1.94987 4.03203
344 1.12964e-05 9.66202e-06 9.65538e-06 4.12864e-05 1.94987 4.03203
345 1.12351e-05 1.48254e-05 9.66202e-06 4.08872e-05 1.95054 4.01249
346 1.22967e-05 1.9334e-05 9.66202e-06 4.08872e-05 1.95054 4.01249
347 1.12441e-05 1.61463e-05 9.66202e-06 4.08872e-05 1.95054 4.01249
348 1.13131e-05 1.28312e-05 9.66202e-06 4.08872e-05 1.95054 4.01249
349 1.15592e-05 9.72401e-06 9.66202e-06 4.08872e-05 1.95054 4.01249
350 1.12697e-05 9.92729e-06 9.72401e-06 4.0522e-05 1.95678 3.99453
351 1.13488e-05 9.97135e-06 9.72401e-06 4.0522e-05 1.95678 3.99453
352 1.12766e-05 1.15989e-05 9.72401e-06 4.0522e-05 1.95678 3.99453
353 1.12838e-05 1.15741e-05 9.72401e-06 4.0522e-05 1.95678 3.99453
354 1.13334e-05 1.22579e-05 9.72401e-06 4.0522e-05 1.95678 3.99453
355 1.12132e-05 1.16263e-05 9.72401e-06 4.0522e-05 1.95678 3.99453
356 1.12008e-05 1.16708e-05 9.72401e-06 4.0522e-05 1.95678 3.99453
357 1.15173e-05 9.62586e-06 9.72401e-06 4.0522e-05 1.95678 3.99453
358 1.1019e-05 1.28807e-05 9.62586e-06 4.02829e-05 1.94688 3.98273
359 1.12568e-05 1.23817e-05 9.62586e-06 4.02829e-05 1.94688 3.98273
360 1.14874e-05 9.60313e-06 9.62586e-06 4.02829e-05 1.94688 3.98273
361 1.12131e-05 1.02144e-05 9.60313e-06 4.01077e-05 1.94458 3.97406
362 1.123e-05 1.26635e-05 9.60313e-06 4.01077e-05 1.94458 3.97406
363 1.13204e-05 9.47424e-06 9.60313e-06 4.01077e-05 1.94458 3.97406
364 1.13464e-05 9.7614e-06 9.47424e-06 4.02932e-05 1.93149 3.98324
365 1.12785e-05 1.93291e-05 9.47424e-06 4.02932e-05 1.93149 3.98324
366 1.13269e-05 9.92085e-06 9.47424e-06 4.02932e-05 1.93149 3.98324
367 1.12317e-05 9.94411e-06 9.47424e-06 4.02932e-05 1.93149 3.98324
368 1.12867e-05 1.22588e-05 9.47424e-06 4.02932e-05 1.93149 3.98324
369 1.13081e-05 1.16747e-05 9.47424e-06 4.02932e-05 1.93149 3.98324
370 1.15872e-05 1.19345e-05 9.47424e-06 4.02932e-05 1.93149 3.98324
371 1.11635e-05 9.73148e-06 9.47424e-06 4.02932e-05 1.93149 3.98324
372 1.14684e-05 9.80066e-06 9.47424e-06 4.02932e-05 1.93149 3.98324
373 1.11388e-05 1.0582e-05 9.47424e-06 4.02932e-05 1.93149 3.98324
374 1.15128e-05 1.65962e-05 9.47424e-06 4.02932e-05 1.93149 3.98324
375 1.11787e-05 1.46502e-05 9.47424e-06 4.02932e-05 1.93149 3.98324
376 1.12911e-05 1.0216e-05 9.47424e-06 4.02932e-05 1.93149 3.98324
377 1.12159e-05 1.32427e-05 9.47424e-06 4.02932e-05 1.93149 3.98324
378 1.15965e-05 1.02081e-05 9.47424e-06 4.02932e-05 1.93149 3.98324
379 1.1037e-05 9.50898e-06 9.47424e-06 4.02932e-05 1.93149 3.98324
380 1.1207e-05 1.07448e-05 9.50898e-06 3.97094e-05 1.93503 3.95428
381 1.134e-05 1.96661e-05 9.50898e-06 3.97094e-05 1.93503 3.95428
382 1.11432e-05 1.27249e-05 9.50898e-06 3.97094e-05 1.93503 3.95428
383 1.17324e-05 1.74703e-05 9.50898e-06 3.97094e-05 1.93503 3.95428
384 1.10614e-05 1.4873e-05 9.50898e-06 3.97094e-05 1.93503 3.95428
385 1.13264e-05 2.10259e-05 9.50898e-06 3.97094e-05 1.93503 3.95428
386 1.18467e-05 9.83686e-06 9.50898e-06 3.97094e-05 1.93503 3.95428
387 1.06851e-05 2.94379e-05 9.50898e-06 3.97094e-05 1.93503 3.95428
388 1.20151e-05 9.5733e-06 9.50898e-06 3.97094e-05 1.93503 3.95428
389 1.08442e-05 4.05247e-05 9.50898e-06 3.97094e-05 1.93503 3.95428
390 1.16473e-05 1.65373e-05 9.50898e-06 3.97094e-05 1.93503 3.95428
391 1.14629e-05 1.14381e-05 9.50898e-06 3.97094e-05 1.93503 3.95428
392 1.12985e-05 1.22608e-05 9.50898e-06 3.97094e-05 1.93503 3.95428
393 1.12412e-05 1.0009e-05 9.50898e-06 3.97094e-05 1.93503 3.95428
394 1.13508e-05 1.03437e-05 9.50898e-06 3.97094e-05 1.93503 3.95428
395 1.12719e-05 1.76321e-05 9.50898e-06 3.97094e-05 1.93503 3.95428
396 1.12763e-05 9.63089e-06 9.50898e-06 3.97094e-05 1.93503 3.95428
397 1.12953e-05 2.42703e-05 9.50898e-06 3.97094e-05 1.93503 3.95428
398 1.14945e-05 1.03777e-05 9.50898e-06 3.97094e-05 1.93503 3.95428
399 1.15286e-05 9.26132e-06 9.50898e-06 3.97094e-05 1.93503 3.95428
400 1.13432e-05 9.84109e-06 9.26132e-06 3.95446e-05 1.90966 3.94606
401 1.1409e-05 9.64654e-06 9.26132e-06 3.95446e-05 1.90966 3.94606
402 1.10324e-05 1.86474e-05 9.26132e-06 3.95446e-05 1.90966 3.94606
403 1.14549e-05 1.04912e-05 9.26132e-06 3.95446e-05 1.90966 3.94606
404 1.13991e-05 2.22214e-05 9.26132e-06 3.95446e-05 1.90966 3.94606
405 1.13011e-05 1.02271e-05 9.26132e-06 3.95446e-05 1.90966 3.94606
406 1.14695e-05 9.56463e-06 9.26132e-06 3.95446e-05 1.90966 3.94606
407 1.16362e-05 9.80067e-06 9.26132e-06 3.95446e-05 1.90966 3.94606
408 1.13968e-05 1.16614e-05 9.26132e-06 3.95446e-05 1.90966 3.94606
409 1.16137e-05 9.68299e-06 9.26132e-06 3.95446e-05 1.90966 3.94606
410 1.09876e-05 1.63067e-05 9.26132e-06 3.95446e-05 1.90966 3.94606
411 1.21194e-05 9.57025e-06 9.26132e-06 3.95446e-05 1.90966 3.94606
412 1.07407e-05 9.55433e-06 9.26132e-06 3.95446e-05 1.90966 3.94606
413 1.12821e-05 1.6649e-05 9.26132e-06 3.95446e-05 1.90966 3.94606
414 1.14397e-05 1.20147e-05 9.26132e-06 3.95446e-05 1.90966 3.94606
415 1.1598e-05 9.47358e-06 9.26132e-06 3.95446e-05 1.90966 3.94606
416 1.10208e-05 2.51494e-05 9.26132e-06 3.95446e-05 1.90966 3.94606
417 1.13216e-05 2.52231e-05 9.26132e-06 3.95446e-05 1.90966 3.94606
418 1.12709e-05 1.05322e-05 9.26132e-06 3.95446e-05 1.90966 3.94606
419 1.14161e-05 1.49391e-05 9.26132e-06 3.95446e-05 1.90966 3.94606
420 1.12466e-05 1.38041e-05 9.26132e-06 3.95446e-05 1.90966 3.94606
421 1.15525e-05 1.14058e-05 9.26132e-06 3.95446e-05 1.90966 3.94606
422 1.11636e-05 1.10683e-05 9.26132e-06 3.95446e-05 1.90966 3.94606
423 1.13479e-05 1.00986e-05 9.26132e-06 3.95446e-05 1.90966 3.94606
424 1.13185e-05 1.01546e-05 9.26132e-06 3.95446e-05 1.90966 3.94606
425 1.14462e-05 1.38917e-05 9.26132e-06 3.95446e-05 1.90966 3.94606
426 1.13134e-05 9.46888e-06 9.26132e-06 3.95446e-05 1.90966 3.94606
427 1.14081e-05 1.00139e-05 9.26132e-06 3.95446e-05 1.90966 3.94606
428 1.14028e-05 1.34876e-05 9.26132e-06 3.95446e-05 1.90966 3.94606
429 1.12912e-05 1.04259e-05 9.26132e-06 3.95446e-05 1.90966 3.94606
430 1.13847e-05 1.12271e-05 9.26132e-06 3.95446e-05 1.90966 3.94606
431 1.17932e-05 9.59239e-06 9.26132e-06 3.95446e-05 1.90966 3.94606
432 1.15691e-05 1.23986e-05 9.26132e-06 3.95446e-05 1.90966 3.94606
433 1.15132e-05 1.01768e-05 9.26132e-06 3.95446e-05 1.90966 3.94606
434 1.13972e-05 1.35323e-05 9.26132e-06 3.95446e-05 1.90966 3.94606
435 1.12439e-05 9.75976e-06 9.26132e-06 3.95446e-05 1.90966 3.94606
436 1.2603e-05 1.05391e-05 9.26132e-06 3.95446e-05 1.90966 3.94606
437 1.11828e-05 1.51393e-05 9.26132e-06 3.95446e-05 1.90966 3.94606
438 1.13981e-05 1.79537e-05 9.26132e-06 3.95446e-05 1.90966 3.94606
439 1.11681e-05 9.94711e-06 9.26132e-06 3.95446e-05 1.90966 3.94606
440 7.88844e-06 9.28836e-06 9.26132e-06 3.95446e-05 1.90966 3.94606
441 8.14939e-06 8.92617e-06 9.28836e-06 3.84334e-05 1.91245 3.89022
442 8.17509e-06 8.95983e-06 8.92617e-06 3.85316e-05 1.87479 3.89519
443 8.12432e-06 1.20435e-05 8.95983e-06 3.83898e-05 1.87832 3.88802
444 8.16911e-06 1.10319e-05 8.95983e-06 3.83898e-05 1.87832 3.88802
445 8.14648e-06 9.50347e-06 8.95983e-06 3.83898e-05 1.87832 3.88802
446 8.17369e-06 1.12022e-05 8.95983e-06 3.83898e-05 1.87832 3.88802
447 8.19475e-06 1.06364e-05 8.95983e-06 3.83898e-05 1.87832 3.88802
448 8.15399e-06 1.09979e-05 8.95983e-06 3.83898e-05 1.87832 3.88802
449 8.19236e-06 9.24554e-06 8.95983e-06 3.83898e-05 1.87832 3.88802
450 8.20678e-06 9.57535e-06 8.95983e-06 3.83898e-05 1.87832 3.88802
451 8.19427e-06 9.191e-06 8.95983e-06 3.83898e-05 1.87832 3.88802
452 8.20659e-06 9.26802e-06 8.95983e-06 3.83898e-05 1.87832 3.88802
453 8.20719e-06 9.03402e-06 8.95983e-06 3.83898e-05 1.87832 3.88802
454 8.20677e-06 9.51984e-06 9.03402e-06 3.80052e-05 1.88608 3.86849
455 8.20739e-06 9.63202e-06 9.03402e-06 3.80052e-05 1.88608 3.86849
456 8.2243e-06 9.04283e-06 9.03402e-06 3.80052e-05 1.88608 3.86849
457 8.20967e-06 9.24517e-06 9.04283e-06 3.7987e-05 1.887 3.86757
458 8.24267e-06 9.20244e-06 9.04283e-06 3.7987e-05 1.887 3.86757
459 8.22122e-06 1.65687e-05 9.04283e-06 3.7987e-05 1.887 3.86757
460 8.22324e-06 9.89005e-06 9.04283e-06 3.7987e-05 1.887 3.86757
461 8.25338e-06 1.3016e-05 9.04283e-06 3.7987e-05 1.887 3.86757
462 8.24669e-06 9.78889e-06 9.04283e-06 3.7987e-05 1.887 3.86757
463 8.26207e-06 1.10024e-05 9.04283e-06 3.7987e-05 1.887 3.86757
464 8.25288e-06 1.01795e-05 9.04283e-06 3.7987e-05 1.887 3.86757
465 8.26824e-06 9.47116e-06 9.04283e-06 3.7987e-05 1.887 3.86757
466 8.24941e-06 9.2841e-06 9.04283e-06 3.7987e-05 1.887 3.86757
467 8.2532e-06 2.01497e-05 9.04283e-06 3.7987e-05 1.887 3.86757
468 8.26017e-06 8.86965e-06 9.04283e-06 3.7987e-05 1.887 3.86757
469 8.27429e-06 1.60671e-05 8.86965e-06 3.76236e-05 1.86885 3.84902
470 8.28632e-06 9.1937e-06 8.86965e-06 3.76236e-05 1.86885 3.84902
471 8.28094e-06 8.92184e-06 8.86965e-06 3.76236e-05 1.86885 3.84902
472 8.29938e-06 9.90774e-06 8.86965e-06 3.76236e-05 1.86885 3.84902
473 8.27946e-06 9.34997e-06 8.86965e-06 3.76236e-05 1.86885 3.84902
474 8.29941e-06 9.73251e-06 8.86965e-06 3.76236e-05 1.86885 3.84902
475 8.31189e-06 9.07056e-06 8.86965e-06 3.76236e-05 1.86885 3.84902
476 8.2858e-06 1.15901e-05 8.86965e-06 3.76236e-05 1.86885 3.84902
477 8.28355e-06 9.54106e-06 8.86965e-06 3.76236e-05 1.86885 3.84902
478 8.31349e-06 1.66579e-05 8.86965e-06 3.76236e-05 1.86885 3.84902
479 8.30807e-06 8.84613e-06 8.86965e-06 3.76236e-05 1.86885 3.84902
480 8.34962e-06 9.97215e-06 8.84613e-06 3.73923e-05 1.86637 3.83717
481 8.31032e-06 9.7288e-06 8.84613e-06 3.73923e-05 1.86637 3.83717
482 8.31336e-06 9.02431e-06 8.84613e-06 3.73923e-05 1.86637 3.83717
483 8.34366e-06 9.48808e-06 8.84613e-06 3.73923e-05 1.86637 3.83717
484 8.32115e-06 9.61431e-06 8.84613e-06 3.73923e-05 1.86637 3.83717
485 8.34189e-06 1.35014e-05 8.84613e-06 3.73923e-05 1.86637 3.83717
486 8.31702e-06 1.04228e-05 8.84613e-06 3.73923e-05 1.86637 3.83717
487 8.35858e-06 1.03854e-05 8.84613e-06 3.73923e-05 1.86637 3.83717
488 8.34644e-06 1.06895e-05 8.84613e-06 3.73923e-05 1.86637 3.83717
489 8.36705e-06 9.28283e-06 8.84613e-06 3.73923e-05 1.86637 3.83717
490 8.34975e-06 9.24014e-06 8.84613e-06 3.73923e-05 1.86637 3.83717
491 8.34946e-06 8.76594e-06 8.84613e-06 3.73923e-05 1.86637 3.83717
492 8.37914e-06 1.0398e-05 8.76594e-06 3.7331e-05 1.85789 3.83403
493 8.31825e-06 1.15796e-05 8.76594e-06 3.7331e-05 1.85789 3.83403
494 8.40765e-06 1.50477e-05 8.76594e-06 3.7331e-05 1.85789 3.83403
495 8.34662e-06 8.81719e-06 8.76594e-06 3.7331e-05 1.85789 3.83403
496 8.36187e-06 8.90495e-06 8.81719e-06 3.721e-05 1.86331 3.82781
497 8.37794e-06 9.20346e-06 8.81719e-06 3.721e-05 1.86331 3.82781
498 8.39402e-06 1.06063e-05 8.81719e-06 3.721e-05 1.86331 3.82781
499 8.36988e-06 1.0551e-05 8.81719e-06 3.721e-05 1.86331 3.82781
500 8.38897e-06 9.12223e-06 8.81719e-06 3.721e-05 1.86331 3.82781
501 8.4162e-06 9.30489e-06 8.81719e-06 3.721e-05 1.86331 3.82781
502 8.35954e-06 1.17112e-05 8.81719e-06 3.721e-05 1.86331 3.82781
503 8.41018e-06 1.00412e-05 8.81719e-06 3.721e-05 1.86331 3.82781
504 8.40529e-06 9.54876e-06 8.81719e-06 3.721e-05 1.86331 3.82781
505 8.43088e-06 8.91007e-06 8.81719e-06 3.721e-05 1.86331 3.82781
506 8.38602e-06 9.35212e-06 8.81719e-06 3.721e-05 1.86331 3.82781
507 8.38846e-06 1.02435e-05 8.81719e-06 3.721e-05 1.86331 3.82781
508 8.46678e-06 9.8687e-06 8.81719e-06 3.721e-05 1.86331 3.82781
509 8.44363e-06 1.15803e-05 8.81719e-06 3.721e-05 1.86331 3.82781
510 8.38654e-06 9.65772e-06 8.81719e-06 3.721e-05 1.86331 3.82781
511 8.42915e-06 1.04778e-05 8.81719e-06 3.721e-05 1.86331 3.82781
512 8.43076e-06 9.22907e-06 8.81719e-06 3.721e-05 1.86331 3.82781
513 8.4473e-06 9.86198e-06 8.81719e-06 3.721e-05 1.86331 3.82781
514 8.42169e-06 9.09421e-06 8.81719e-06 3.721e-05 1.86331 3.82781
515 8.43522e-06 8.99149e-06 8.81719e-06 3.721e-05 1.86331 3.82781
516 8.42455e-06 9.2861e-06 8.81719e-06 3.721e-05 1.86331 3.82781
517 8.48018e-06 9.07227e-06 8.81719e-06 3.721e-05 1.86331 3.82781
518 8.46827e-06 1.01457e-05 8.81719e-06 3.721e-05 1.86331 3.82781
519 8.43245e-06 1.08284e-05 8.81719e-06 3.721e-05 1.86331 3.82781
520 8.49729e-06 9.11331e-06 8.81719e-06 3.721e-05 1.86331 3.82781
521 8.44683e-06 9.06042e-06 8.81719e-06 3.721e-05 1.86331 3.82781
522 8.44051e-06 9.72048e-06 8.81719e-06 3.721e-05 1.86331 3.82781
523 8.46006e-06 9.55993e-06 8.81719e-06 3.721e-05 1.86331 3.82781
524 8.47939e-06 9.86971e-06 8.81719e-06 3.721e-05 1.86331 3.82781
525 8.46727e-06 9.1755e-06 8.81719e-06 3.721e-05 1.86331 3.82781
526 8.46179e-06 1.20612e-05 8.81719e-06 3.721e-05 1.86331 3.82781
527 8.52153e-06 8.86629e-06 8.81719e-06 3.721e-05 1.86331 3.82781
528 8.45727e-06 9.15008e-06 8.86629e-06 3.70071e-05 1.86849 3.81736
529 8.47153e-06 8.83546e-06 8.86629e-06 3.70071e-05 1.86849 3.81736
530 8.52446e-06 1.0841e-05 8.83546e-06 3.69464e-05 1.86524 3.81423
531 8.44627e-06 8.94558e-06 8.83546e-06 3.69464e-05 1.86524 3.81423
532 8.49694e-06 9.16102e-06 8.94558e-06 3.6695e-05 1.87683 3.80123
533 8.48998e-06 9.02921e-06 8.94558e-06 3.6695e-05 1.87683 3.80123
534 8.49253e-06 9.04723e-06 8.94558e-06 3.6695e-05 1.87683 3.80123
535 8.51729e-06 1.55126e-05 8.94558e-06 3.6695e-05 1.87683 3.80123
536 8.54196e-06 8.86821e-06 8.94558e-06 3.6695e-05 1.87683 3.80123
537 8.48658e-06 9.9771e-06 8.86821e-06 3.67108e-05 1.86869 3.80205
538 8.47967e-06 9.77899e-06 8.86821e-06 3.67108e-05 1.86869 3.80205
539 8.52094e-06 1.28985e-05 8.86821e-06 3.67108e-05 1.86869 3.80205
540 8.5035e-06 8.8663e-06 8.86821e-06 3.67108e-05 1.86869 3.80205
541 8.62775e-06 9.29091e-06 8.86821e-06 3.67108e-05 1.86869 3.80205
542 8.43034e-06 1.1694e-05 8.86821e-06 3.67108e-05 1.86869 3.80205
543 8.51125e-06 8.7747e-06 8.86821e-06 3.67108e-05 1.86869 3.80205
544 8.50472e-06 1.46421e-05 8.7747e-06 3.65479e-05 1.85882 3.7936
545 8.5262e-06 1.14472e-05 8.7747e-06 3.65479e-05 1.85882 3.7936
546 8.54385e-06 9.91195e-06 8.7747e-06 3.65479e-05 1.85882 3.7936
547 8.5016e-06 1.18646e-05 8.7747e-06 3.65479e-05 1.85882 3.7936
548 8.53306e-06 9.7499e-06 8.7747e-06 3.65479e-05 1.85882 3.7936
549 8.55509e-06 1.12024e-05 8.7747e-06 3.65479e-05 1.85882 3.7936
550 8.5165e-06 9.13462e-06 8.7747e-06 3.65479e-05 1.85882 3.7936
551 8.57733e-06 1.10794e-05 8.7747e-06 3.65479e-05 1.85882 3.7936
552 8.52857e-06 8.97505e-06 8.7747e-06 3.65479e-05 1.85882 3.7936
553 8.56179e-06 9.96094e-06 8.7747e-06 3.65479e-05 1.85882 3.7936
554 8.53657e-06 1.78648e-05 8.7747e-06 3.65479e-05 1.85882 3.7936
555 8.57536e-06 1.02583e-05 8.7747e-06 3.65479e-05 1.85882 3.7936
556 8.55732e-06 9.01101e-06 8.7747e-06 3.65479e-05 1.85882 3.7936
557 8.52982e-06 1.37614e-05 8.7747e-06 3.65479e-05 1.85882 3.7936
558 8.58993e-06 9.1645e-06 8.7747e-06 3.65479e-05 1.85882 3.7936
559 8.5401e-06 9.56023e-06 8.7747e-06 3.65479e-05 1.85882 3.7936
560 8.58911e-06 9.33407e-06 8.7747e-06 3.65479e-05 1.85882 3.7936
561 8.56302e-06 9.35559e-06 8.7747e-06 3.65479e-05 1.85882 3.7936
562 8.54778e-06 1.44625e-05 8.7747e-06 3.65479e-05 1.85882 3.7936
563 8.60173e-06 9.00406e-06 8.7747e-06 3.65479e-05 1.85882 3.7936
564 8.602e-06 8.8531e-06 8.7747e-06 3.65479e-05 1.85882 3.7936
565 8.55581e-06 9.23024e-06 8.7747e-06 3.65479e-05 1.85882 3.7936
566 8.5476e-06 1.04381e-05 8.7747e-06 3.65479e-05 1.85882 3.7936
567 8.62881e-06 9.05329e-06 8.7747e-06 3.65479e-05 1.85882 3.7936
568 8.60454e-06 8.73701e-06 8.7747e-06 3.65479e-05 1.85882 3.7936
569 8.56545e-06 8.81029e-06 8.73701e-06 3.65097e-05 1.85482 3.79162
570 8.57758e-06 9.71163e-06 8.73701e-06 3.65097e-05 1.85482 3.79162
571 8.62429e-06 1.12841e-05 8.73701e-06 3.65097e-05 1.85482 3.79162
572 8.5624e-06 9.02012e-06 8.73701e-06 3.65097e-05 1.85482 3.79162
573 8.58024e-06 9.00114e-06 8.73701e-06 3.65097e-05 1.85482 3.79162
574 8.59826e-06 9.36056e-06 8.73701e-06 3.65097e-05 1.85482 3.79162
575 8.56431e-06 1.228e-05 8.73701e-06 3.65097e-05 1.85482 3.79162
576 8.61371e-06 9.53127e-06 8.73701e-06 3.65097e-05 1.85482 3.79162
577 8.6095e-06 1.11507e-05 8.73701e-06 3.65097e-05 1.85482 3.79162
578 8.56531e-06 1.04305e-05 8.73701e-06 3.65097e-05 1.85482 3.79162
579 8.61185e-06 8.87985e-06 8.73701e-06 3.65097e-05 1.85482 3.79162
580 8.60997e-06 9.49305e-06 8.73701e-06 3.65097e-05 1.85482 3.79162
581 8.6211e-06 9.80381e-06 8.73701e-06 3.65097e-05 1.85482 3.79162
582 8.59228e-06 1.01586e-05 8.73701e-06 3.65097e-05 1.85482 3.79162
583 8.58963e-06 8.93568e-06 8.73701e-06 3.65097e-05 1.85482 3.79162
584 8.6458e-06 1.32674e-05 8.73701e-06 3.65097e-05 1.85482 3.79162
585 8.61909e-06 1.54355e-05 8.73701e-06 3.65097e-05 1.85482 3.79162
586 8.6112e-06 9.26239e-06 8.73701e-06 3.65097e-05 1.85482 3.79162
587 8.64075e-06 1.60084e-05 8.73701e-06 3.65097e-05 1.85482 3.79162
588 8.59977e-06 9.72523e-06 8.73701e-06 3.65097e-05 1.85482 3.79162
589 8.65463e-06 9.27102e-06 8.73701e-06 3.65097e-05 1.85482 3.79162
590 8.59955e-06 8.87631e-06 8.73701e-06 3.65097e-05 1.85482 3.79162
591 8.62071e-06 9.95363e-06 8.73701e-06 3.65097e-05 1.85482 3.79162
592 8.64113e-06 9.94159e-06 8.73701e-06 3.65097e-05 1.85482 3.79162
593 8.65733e-06 9.46374e-06 8.73701e-06 3.65097e-05 1.85482 3.79162
594 8.60975e-06 1.12683e-05 8.73701e-06 3.65097e-05 1.85482 3.79162
595 8.64518e-06 1.05225e-05 8.73701e-06 3.65097e-05 1.85482 3.79162
596 8.64676e-06 1.15744e-05 8.73701e-06 3.65097e-05 1.85482 3.79162
597 8.65026e-06 9.17994e-06 8.73701e-06 3.65097e-05 1.85482 3.79162
598 8.63178e-06 1.00871e-05 8.73701e-06 3.65097e-05 1.85482 3.79162
599 8.6509e-06 1.21218e-05 8.73701e-06 3.65097e-05 1.85482 3.79162
600 8.66809e-06 1.29911e-05 8.73701e-06 3.65097e-05 1.85482 3.79162
601 8.65049e-06 1.03615e-05 8.73701e-06 3.65097e-05 1.85482 3.79162
602 8.6442e-06 9.6108e-06 8.73701e-06 3.65097e-05 1.85482 3.79162
603 8.63788e-06 1.02462e-05 8.73701e-06 3.65097e-05 1.85482 3.79162
604 8.69536e-06 9.76785e-06 8.73701e-06 3.65097e-05 1.85482 3.79162
605 8.61086e-06 8.89129e-06 8.73701e-06 3.65097e-05 1.85482 3.79162
606 8.66914e-06 1.15785e-05 8.73701e-06 3.65097e-05 1.85482 3.79162
607 8.65843e-06 8.61802e-06 8.73701e-06 3.65097e-05 1.85482 3.79162
608 8.64609e-06 8.93156e-06 8.61802e-06 3.63456e-05 1.84215 3.78309
609 8.64951e-06 1.00157e-05 8.61802e-06 3.63456e-05 1.84215 3.78309
610 8.64888e-06 8.91565e-06 8.61802e-06 3.63456e-05 1.84215 3.78309
611 8.67893e-06 8.92553e-06 8.61802e-06 3.63456e-05 1.84215 3.78309
612 8.62218e-06 8.93796e-06 8.61802e-06 3.63456e-05 1.84215 3.78309
613 8.66085e-06 1.11647e-05 8.61802e-06 3.63456e-05 1.84215 3.78309
614 8.68016e-06 9.08961e-06 8.61802e-06 3.63456e-05 1.84215 3.78309
615 8.66735e-06 9.97336e-06 8.61802e-06 3.63456e-05 1.84215 3.78309
616 8.64352e-06 1.24623e-05 8.61802e-06 3.63456e-05 1.84215 3.78309
617 8.70152e-06 1.01729e-05 8.61802e-06 3.63456e-05 1.84215 3.78309
618 8.69471e-06 9.32623e-06 8.61802e-06 3.63456e-05 1.84215 3.78309
619 8.66843e-06 1.12581e-05 8.61802e-06 3.63456e-05 1.84215 3.78309
620 8.6638e-06 1.12303e-05 8.61802e-06 3.63456e-05 1.84215 3.78309
621 8.73219e-06 9.51704e-06 8.61802e-06 3.63456e-05 1.84215 3.78309
622 8.66826e-06 9.61363e-06 8.61802e-06 3.63456e-05 1.84215 3.78309
623 8.6786e-06 1.14551e-05 8.61802e-06 3.63456e-05 1.84215 3.78309
624 8.66579e-06 1.20509e-05 8.61802e-06 3.63456e-05 1.84215 3.78309
625 8.70297e-06 1.38093e-05 8.61802e-06 3.63456e-05 1.84215 3.78309
626 8.6679e-06 1.76934e-05 8.61802e-06 3.63456e-05 1.84215 3.78309
627 8.69422e-06 8.95428e-06 8.61802e-06 3.63456e-05 1.84215 3.78309
628 8.69528e-06 8.85785e-06 8.61802e-06 3.63456e-05 1.84215 3.78309
629 8.64902e-06 1.12956e-05 8.61802e-06 3.63456e-05 1.84215 3.78309
630 8.70764e-06 9.04132e-06 8.61802e-06 3.63456e-05 1.84215 3.78309
631 8.71508e-06 9.07384e-06 8.61802e-06 3.63456e-05 1.84215 3.78309
632 8.69062e-06 1.07673e-05 8.61802e-06 3.63456e-05 1.84215 3.78309
633 8.68097e-06 9.4582e-06 8.61802e-06 3.63456e-05 1.84215 3.78309
634 8.72757e-06 9.21736e-06 8.61802e-06 3.63456e-05 1.84215 3.78309
635 8.66971e-06 8.87099e-06 8.61802e-06 3.63456e-05 1.84215 3.78309
636 8.69602e-06 8.99183e-06 8.61802e-06 3.63456e-05 1.84215 3.78309
637 8.69074e-06 9.056e-06 8.61802e-06 3.63456e-05 1.84215 3.78309
638 8.72613e-06 8.8585e-06 8.61802e-06 3.63456e-05 1.84215 3.78309
639 8.72775e-06 8.96463e-06 8.61802e-06 3.63456e-05 1.84215 3.78309
640 8.66186e-06 9.5308e-06 8.61802e-06 3.63456e-05 1.84215 3.78309
641 8.71691e-06 1.03707e-05 8.61802e-06 3.63456e-05 1.84215 3.78309
642 8.67992e-06 1.06472e-05 8.61802e-06 3.63456e-05 1.84215 3.78309
643 8.72967e-06 9.60569e-06 8.61802e-06 3.63456e-05 1.84215 3.78309
644 8.69677e-06 9.59699e-06 8.61802e-06 3.63456e-05 1.84215 3.78309
645 8.65826e-06 1.14109e-05 8.61802e-06 3.63456e-05 1.84215 3.78309
646 8.7289e-06 1.06809e-05 8.61802e-06 3.63456e-05 1.84215 3.78309
647 8.71151e-06 9.61398e-06 8.61802e-06 3.63456e-05 1.84215 3.78309
648 7.066e-06 9.08068e-06 8.61802e-06 3.63456e-05 1.84215 3.78309
649 7.17052e-06 8.78144e-06 8.61802e-06 3.63456e-05 1.84215 3.78309
650 7.16288e-06 1.09398e-05 8.78144e-06 3.58704e-05 1.85953 3.75827
651 7.19029e-06 9.54659e-06 8.78144e-06 3.58704e-05 1.85953 3.75827
652 7.17131e-06 8.49947e-06 8.78144e-06 3.58704e-05 1.85953 3.75827
653 7.18141e-06 8.56546e-06 8.49947e-06 3.57488e-05 1.82943 3.7519
654 7.20623e-06 8.63471e-06 8.49947e-06 3.57488e-05 1.82943 3.7519
655 7.19127e-06 9.0531e-06 8.49947e-06 3.57488e-05 1.82943 3.7519
656 7.20987e-06 8.58695e-06 8.49947e-06 3.57488e-05 1.82943 3.7519
657 7.18969e-06 8.69652e-06 8.49947e-06 3.57488e-05 1.82943 3.7519
658 7.20081e-06 9.51973e-06 8.49947e-06 3.57488e-05 1.82943 3.7519
659 7.1979e-06 9.25596e-06 8.49947e-06 3.57488e-05 1.82943 3.7519
660 7.19438e-06 8.66331e-06 8.49947e-06 3.57488e-05 1.82943 3.7519
661 7.21751e-06 8.55674e-06 8.49947e-06 3.57488e-05 1.82943 3.7519
662 7.21782e-06 8.79939e-06 8.49947e-06 3.57488e-05 1.82943 3.7519
663 7.22673e-06 8.81129e-06 8.49947e-06 3.57488e-05 1.82943 3.7519
664 7.2156e-06 8.60329e-06 8.49947e-06 3.57488e-05 1.82943 3.7519
665 7.24488e-06 8.47825e-06 8.60329e-06 3.54357e-05 1.84057 3.73543
666 7.23462e-06 8.64156e-06 8.47825e-06 3.56372e-05 1.82715 3.74604
667 7.23766e-06 8.74616e-06 8.47825e-06 3.56372e-05 1.82715 3.74604
668 7.23407e-06 9.41803e-06 8.47825e-06 3.56372e-05 1.82715 3.74604
669 7.24766e-06 9.06267e-06 8.47825e-06 3.56372e-05 1.82715 3.74604
670 7.25111e-06 8.68001e-06 8.47825e-06 3.56372e-05 1.82715 3.74604
671 7.23329e-06 8.80975e-06 8.47825e-06 3.56372e-05 1.82715 3.74604
672 7.26807e-06 9.18101e-06 8.47825e-06 3.56372e-05 1.82715 3.74604
673 7.26494e-06 8.46306e-06 8.47825e-06 3.56372e-05 1.82715 3.74604
674 7.27524e-06 8.42531e-06 8.46306e-06 3.55533e-05 1.82551 3.74163
675 7.2521e-06 8.60022e-06 8.42531e-06 3.54337e-05 1.82143 3.73533
676 7.29799e-06 8.89153e-06 8.42531e-06 3.54337e-05 1.82143 3.73533
677 7.25999e-06 9.71109e-06 8.42531e-06 3.54337e-05 1.82143 3.73533
678 7.26463e-06 8.5106e-06 8.42531e-06 3.54337e-05 1.82143 3.73533
679 7.27613e-06 9.80195e-06 8.42531e-06 3.54337e-05 1.82143 3.73533
680 7.2789e-06 8.41831e-06 8.42531e-06 3.54337e-05 1.82143 3.73533
681 7.26172e-06 8.62129e-06 8.41831e-06 3.54157e-05 1.82068 3.73438
682 7.28684e-06 8.62263e-06 8.41831e-06 3.54157e-05 1.82068 3.73438
683 7.27513e-06 9.15151e-06 8.41831e-06 3.54157e-05 1.82068 3.73438
684 7.2831e-06 8.50126e-06 8.41831e-06 3.54157e-05 1.82068 3.73438
685 7.30503e-06 8.92627e-06 8.41831e-06 3.54157e-05 1.82068 3.73438
686 7.30071e-06 8.8919e-06 8.41831e-06 3.54157e-05 1.82068 3.73438
687 7.29942e-06 8.83035e-06 8.41831e-06 3.54157e-05 1.82068 3.73438
688 7.30524e-06 8.63975e-06 8.41831e-06 3.54157e-05 1.82068 3.73438
689 7.29622e-06 8.51076e-06 8.41831e-06 3.54157e-05 1.82068 3.73438
690 7.33514e-06 8.90181e-06 8.41831e-06 3.54157e-05 1.82068 3.73438
691 7.3166e-06 8.54621e-06 8.41831e-06 3.54157e-05 1.82068 3.73438
692 7.32306e-06 8.94229e-06 8.41831e-06 3.54157e-05 1.82068 3.73438
693 7.30211e-06 8.62836e-06 8.41831e-06 3.54157e-05 1.82068 3.73438
694 7.32722e-06 8.81476e-06 8.41831e-06 3.54157e-05 1.82068 3.73438
695 7.34923e-06 8.97032e-06 8.41831e-06 3.54157e-05 1.82068 3.73438
696 7.35057e-06 8.833e-06 8.41831e-06 3.54157e-05 1.82068 3.73438
697 7.31684e-06 8.56825e-06 8.41831e-06 3.54157e-05 1.82068 3.73438
698 7.33636e-06 8.64656e-06 8.41831e-06 3.54157e-05 1.82068 3.73438
699 7.33905e-06 9.41109e-06 8.41831e-06 3.54157e-05 1.82068 3.73438
700 7.36569e-06 8.8445e-06 8.41831e-06 3.54157e-05 1.82068 3.73438
701 7.34772e-06 8.84252e-06 8.41831e-06 3.54157e-05 1.82068 3.73438
702 7.32824e-06 9.24809e-06 8.41831e-06 3.54157e-05 1.82068 3.73438
703 7.3383e-06 8.78562e-06 8.41831e-06 3.54157e-05 1.82068 3.73438
704 7.35187e-06 9.10345e-06 8.41831e-06 3.54157e-05 1.82068 3.73438
705 7.37856e-06 8.42101e-06 8.41831e-06 3.54157e-05 1.82068 3.73438
706 7.35629e-06 8.49683e-06 8.42101e-06 3.52151e-05 1.82097 3.72379
707 7.36019e-06 1.00568e-05 8.42101e-06 3.52151e-05 1.82097 3.72379
708 7.35746e-06 8.814e-06 8.42101e-06 3.52151e-05 1.82097 3.72379
709 7.37314e-06 8.79981e-06 8.42101e-06 3.52151e-05 1.82097 3.72379
710 7.37749e-06 8.58146e-06 8.42101e-06 3.52151e-05 1.82097 3.72379
711 7.36971e-06 8.79912e-06 8.42101e-06 3.52151e-05 1.82097 3.72379
712 7.39831e-06 8.52658e-06 8.42101e-06 3.52151e-05 1.82097 3.72379
713 7.37682e-06 8.61593e-06 8.42101e-06 3.52151e-05 1.82097 3.72379
714 7.39126e-06 8.91338e-06 8.42101e-06 3.52151e-05 1.82097 3.72379
715 7.39522e-06 9.34535e-06 8.42101e-06 3.52151e-05 1.82097 3.72379
716 7.37767e-06 8.60192e-06 8.42101e-06 3.52151e-05 1.82097 3.72379
717 7.39868e-06 8.59735e-06 8.42101e-06 3.52151e-05 1.82097 3.72379
718 7.39302e-06 8.82905e-06 8.42101e-06 3.52151e-05 1.82097 3.72379
719 7.40616e-06 1.07498e-05 8.42101e-06 3.52151e-05 1.82097 3.72379
720 7.40696e-06 9.36892e-06 8.42101e-06 3.52151e-05 1.82097 3.72379
721 7.40407e-06 1.05466e-05 8.42101e-06 3.52151e-05 1.82097 3.72379
722 7.42591e-06 8.50492e-06 8.42101e-06 3.52151e-05 1.82097 3.72379
723 7.40175e-06 9.36231e-06 8.42101e-06 3.52151e-05 1.82097 3.72379
724 7.41148e-06 8.71008e-06 8.42101e-06 3.52151e-05 1.82097 3.72379
725 7.39625e-06 9.22822e-06 8.42101e-06 3.52151e-05 1.82097 3.72379
726 7.43174e-06 1.01818e-05 8.42101e-06 3.52151e-05 1.82097 3.72379
727 7.40928e-06 1.02803e-05 8.42101e-06 3.52151e-05 1.82097 3.72379
728 7.40675e-06 8.81936e-06 8.42101e-06 3.52151e-05 1.82097 3.72379
729 7.44322e-06 9.78055e-06 8.42101e-06 3.52151e-05 1.82097 3.72379
730 7.4325e-06 8.54625e-06 8.42101e-06 3.52151e-05 1.82097 3.72379
731 7.44025e-06 8.46853e-06 8.42101e-06 3.52151e-05 1.82097 3.72379
732 7.43309e-06 8.50401e-06 8.46853e-06 3.51014e-05 1.8261 3.71777
733 7.42855e-06 1.43493e-05 8.46853e-06 3.51014e-05 1.8261 3.71777
734 7.4613e-06 8.85031e-06 8.46853e-06 3.51014e-05 1.8261 3.71777
735 7.43274e-06 8.65628e-06 8.46853e-06 3.51014e-05 1.8261 3.71777
736 7.48435e-06 1.16054e-05 8.46853e-06 3.51014e-05 1.8261 3.71777
737 7.43009e-06 8.67296e-06 8.46853e-06 3.51014e-05 1.8261 3.71777
738 7.45708e-06 8.90295e-06 8.46853e-06 3.51014e-05 1.8261 3.71777
739 7.44418e-06 1.01808e-05 8.46853e-06 3.51014e-05 1.8261 3.71777
740 7.45026e-06 8.64356e-06 8.46853e-06 3.51014e-05 1.8261 3.71777
741 7.45805e-06 8.77699e-06 8.46853e-06 3.51014e-05 1.8261 3.71777
742 7.46076e-06 8.45215e-06 8.46853e-06 3.51014e-05 1.8261 3.71777
743 7.49275e-06 1.14347e-05 8.46853e-06 3.51014e-05 1.8261 3.71777
744 7.45424e-06 9.68997e-06 8.46853e-06 3.51014e-05 1.8261 3.71777
745 7.46095e-06 8.72438e-06 8.46853e-06 3.51014e-05 1.8261 3.71777
746 7.47771e-06 9.10388e-06 8.46853e-06 3.51014e-05 1.8261 3.71777
747 7.47173e-06 1.11551e-05 8.46853e-06 3.51014e-05 1.8261 3.71777
748 7.50315e-06 8.96702e-06 8.46853e-06 3.51014e-05 1.8261 3.71777
749 7.46741e-06 8.56277e-06 8.46853e-06 3.51014e-05 1.8261 3.71777
750 7.46448e-06 8.97282e-06 8.46853e-06 3.51014e-05 1.8261 3.71777
751 7.48096e-06 1.0683e-05 8.46853e-06 3.51014e-05 1.8261 3.71777
752 7.48202e-06 8.92933e-06 8.46853e-06 3.51014e-05 1.8261 3.71777
753 7.49561e-06 8.56641e-06 8.46853e-06 3.51014e-05 1.8261 3.71777
754 7.48103e-06 8.6032e-06 8.46853e-06 3.51014e-05 1.8261 3.71777
755 7.48292e-06 1.12373e-05 8.46853e-06 3.51014e-05 1.8261 3.71777
756 7.51402e-06 9.15172e-06 8.46853e-06 3.51014e-05 1.8261 3.71777
757 7.49548e-06 9.0441e-06 8.46853e-06 3.51014e-05 1.8261 3.71777
758 7.5016e-06 8.83134e-06 8.46853e-06 3.51014e-05 1.8261 3.71777
759 7.49201e-06 9.84807e-06 8.46853e-06 3.51014e-05 1.8261 3.71777
760 7.48115e-06 9.43851e-06 8.46853e-06 3.51014e-05 1.8261 3.71777
761 7.5229e-06 9.57003e-06 8.46853e-06 3.51014e-05 1.8261 3.71777
762 7.52882e-06 8.62847e-06 8.46853e-06 3.51014e-05 1.8261 3.71777
763 7.50857e-06 9.23313e-06 8.46853e-06 3.51014e-05 1.8261 3.71777
764 7.50691e-06 9.02886e-06 8.46853e-06 3.51014e-05 1.8261 3.71777
765 7.48226e-06 8.53218e-06 8.46853e-06 3.51014e-05 1.8261 3.71777
766 7.51356e-06 9.28658e-06 8.46853e-06 3.51014e-05 1.8261 3.71777
767 7.51234e-06 1.00221e-05 8.46853e-06 3.51014e-05 1.8261 3.71777
768 7.54095e-06 8.56269e-06 8.46853e-06 3.51014e-05 1.8261 3.71777
769 7.52205e-06 9.80548e-06 8.46853e-06 3.51014e-05 1.8261 3.71777
770 7.54081e-06 8.69724e-06 8.46853e-06 3.51014e-05 1.8261 3.71777
771 7.54849e-06 9.233e-06 8.46853e-06 3.51014e-05 1.8261 3.71777
772 6.69702e-06 8.42546e-06 8.46853e-06 3.51014e-05 1.8261 3.71777
773 6.76069e-06 8.71643e-06 8.42546e-06 3.47772e-05 1.82145 3.70056
774 6.75308e-06 8.70076e-06 8.42546e-06 3.47772e-05 1.82145 3.70056
775 6.76436e-06 8.45182e-06 8.42546e-06 3.47772e-05 1.82145 3.70056
776 6.779e-06 8.33993e-06 8.42546e-06 3.47772e-05 1.82145 3.70056
777 6.77193e-06 8.31956e-06 8.33993e-06 3.48088e-05 1.81218 3.70224
778 6.76396e-06 8.36196e-06 8.31956e-06 3.47807e-05 1.80997 3.70074
779 6.78833e-06 8.37131e-06 8.31956e-06 3.47807e-05 1.80997 3.70074
780 6.79219e-06 8.3566e-06 8.31956e-06 3.47807e-05 1.80997 3.70074
781 6.78566e-06 8.99082e-06 8.31956e-06 3.47807e-05 1.80997 3.70074
782 6.78383e-06 8.42406e-06 8.31956e-06 3.47807e-05 1.80997 3.70074
783 6.78693e-06 8.719e-06 8.31956e-06 3.47807e-05 1.80997 3.70074
784 6.80437e-06 8.40922e-06 8.31956e-06 3.47807e-05 1.80997 3.70074
785 6.78334e-06 8.60061e-06 8.31956e-06 3.47807e-05 1.80997 3.70074
786 6.80293e-06 8.34395e-06 8.31956e-06 3.47807e-05 1.80997 3.70074
787 6.80086e-06 8.28744e-06 8.31956e-06 3.47807e-05 1.80997 3.70074
788 6.80415e-06 9.07855e-06 8.28744e-06 3.47493e-05 1.80647 3.69908
789 6.81162e-06 8.40918e-06 8.28744e-06 3.47493e-05 1.80647 3.69908
790 6.8043e-06 8.37559e-06 8.28744e-06 3.47493e-05 1.80647 3.69908
791 6.80951e-06 8.46083e-06 8.28744e-06 3.47493e-05 1.80647 3.69908
792 6.8277e-06 9.9229e-06 8.28744e-06 3.47493e-05 1.80647 3.69908
793 6.83922e-06 8.47515e-06 8.28744e-06 3.47493e-05 1.80647 3.69908
794 6.82509e-06 8.56145e-06 8.28744e-06 3.47493e-05 1.80647 3.69908
795 6.83293e-06 9.44462e-06 8.28744e-06 3.47493e-05 1.80647 3.69908
796 6.83938e-06 8.36398e-06 8.28744e-06 3.47493e-05 1.80647 3.69908
797 6.83829e-06 8.44051e-06 8.28744e-06 3.47493e-05 1.80647 3.69908
798 6.83711e-06 9.94537e-06 8.28744e-06 3.47493e-05 1.80647 3.69908
799 6.84441e-06 8.38608e-06 8.28744e-06 3.47493e-05 1.80647 3.69908
800 6.8398e-06 8.51525e-06 8.28744e-06 3.47493e-05 1.80647 3.69908
801 6.85554e-06 8.79963e-06 8.28744e-06 3.47493e-05 1.80647 3.69908
802 6.85126e-06 8.3939e-06 8.28744e-06 3.47493e-05 1.80647 3.69908
803 6.85013e-06 8.36967e-06 8.28744e-06 3.47493e-05 1.80647 3.69908
804 6.85754e-06 8.93383e-06 8.28744e-06 3.47493e-05 1.80647 3.69908
805 6.8794e-06 8.48052e-06 8.28744e-06 3.47493e-05 1.80647 3.69908
806 6.84823e-06 9.85793e-06 8.28744e-06 3.47493e-05 1.80647 3.69908
807 6.8819e-06 8.72394e-06 8.28744e-06 3.47493e-05 1.80647 3.69908
808 6.8568e-06 8.90328e-06 8.28744e-06 3.47493e-05 1.80647 3.69908
809 6.87082e-06 8.45686e-06 8.28744e-06 3.47493e-05 1.80647 3.69908
810 6.87388e-06 9.93328e-06 8.28744e-06 3.47493e-05 1.80647 3.69908
811 6.87248e-06 9.13228e-06 8.28744e-06 3.47493e-05 1.80647 3.69908
812 6.89188e-06 9.7652e-06 8.28744e-06 3.47493e-05 1.80647 3.69908
813 6.89268e-06 8.53708e-06 8.28744e-06 3.47493e-05 1.80647 3.69908
814 6.89838e-06 8.65484e-06 8.28744e-06 3.47493e-05 1.80647 3.69908
815 6.8985e-06 8.39213e-06 8.28744e-06 3.47493e-05 1.80647 3.69908
816 6.88853e-06 8.33464e-06 8.28744e-06 3.47493e-05 1.80647 3.69908
817 6.88579e-06 8.74629e-06 8.28744e-06 3.47493e-05 1.80647 3.69908
818 6.90575e-06 9.05804e-06 8.28744e-06 3.47493e-05 1.80647 3.69908
819 6.8942e-06 8.52851e-06 8.28744e-06 3.47493e-05 1.80647 3.69908
820 6.91024e-06 8.56603e-06 8.28744e-06 3.47493e-05 1.80647 3.69908
821 6.9028e-06 8.47032e-06 8.28744e-06 3.47493e-05 1.80647 3.69908
822 6.90763e-06 8.41981e-06 8.28744e-06 3.47493e-05 1.80647 3.69908
823 6.90671e-06 8.89312e-06 8.28744e-06 3.47493e-05 1.80647 3.69908
824 6.91421e-06 8.93928e-06 8.28744e-06 3.47493e-05 1.80647 3.69908
825 6.92495e-06 8.57102e-06 8.28744e-06 3.47493e-05 1.80647 3.69908
826 6.92337e-06 8.41197e-06 8.28744e-06 3.47493e-05 1.80647 3.69908
827 6.93513e-06 8.56558e-06 8.28744e-06 3.47493e-05 1.80647 3.69908
828 6.51995e-06 8.29974e-06 8.28744e-06 3.47493e-05 1.80647 3.69908
829 6.56085e-06 8.61786e-06 8.29974e-06 3.45737e-05 1.80781 3.68972
830 6.56209e-06 8.49585e-06 8.29974e-06 3.45737e-05 1.80781 3.68972
831 6.56499e-06 8.33488e-06 8.29974e-06 3.45737e-05 1.80781 3.68972
832 6.56388e-06 8.41313e-06 8.29974e-06 3.45737e-05 1.80781 3.68972
833 6.57483e-06 8.45022e-06 8.29974e-06 3.45737e-05 1.80781 3.68972
834 6.57421e-06 8.59551e-06 8.29974e-06 3.45737e-05 1.80781 3.68972
835 6.57282e-06 8.27925e-06 8.29974e-06 3.45737e-05 1.80781 3.68972
836 6.58798e-06 8.28269e-06 8.27925e-06 3.45519e-05 1.80558 3.68855
837 6.5887e-06 8.58717e-06 8.27925e-06 3.45519e-05 1.80558 3.68855
838 6.59537e-06 8.29328e-06 8.27925e-06 3.45519e-05 1.80558 3.68855
839 6.59314e-06 8.37943e-06 8.27925e-06 3.45519e-05 1.80558 3.68855
840 6.60535e-06 8.24409e-06 8.27925e-06 3.45519e-05 1.80558 3.68855
841 6.59814e-06 8.34102e-06 8.24409e-06 3.4563e-05 1.80174 3.68915
842 6.60116e-06 8.43973e-06 8.24409e-06 3.4563e-05 1.80174 3.68915
843 6.61462e-06 8.23634e-06 8.24409e-06 3.4563e-05 1.80174 3.68915
844 6.61684e-06 8.70995e-06 8.24409e-06 3.4563e-05 1.80174 3.68915
845 6.61888e-06 8.33287e-06 8.24409e-06 3.4563e-05 1.80174 3.68915
846 6.61689e-06 8.55043e-06 8.24409e-06 3.4563e-05 1.80174 3.68915
847 6.62695e-06 8.57575e-06 8.24409e-06 3.4563e-05 1.80174 3.68915
848 6.63058e-06 8.25117e-06 8.24409e-06 3.4563e-05 1.80174 3.68915
849 6.63628e-06 8.55771e-06 8.24409e-06 3.4563e-05 1.80174 3.68915
850 6.63208e-06 8.77459e-06 8.24409e-06 3.4563e-05 1.80174 3.68915
851 6.63416e-06 8.28981e-06 8.24409e-06 3.4563e-05 1.80174 3.68915
852 6.63817e-06 8.41069e-06 8.24409e-06 3.4563e-05 1.80174 3.68915
853 6.65079e-06 8.40568e-06 8.24409e-06 3.4563e-05 1.80174 3.68915
854 6.63842e-06 8.3868e-06 8.24409e-06 3.4563e-05 1.80174 3.68915
855 6.65495e-06 8.36895e-06 8.24409e-06 3.4563e-05 1.80174 3.68915
856 6.66191e-06 8.33284e-06 8.24409e-06 3.4563e-05 1.80174 3.68915
857 6.65836e-06 8.42049e-06 8.24409e-06 3.4563e-05 1.80174 3.68915
858 6.6607e-06 8.9404e-06 8.24409e-06 3.4563e-05 1.80174 3.68915
859 6.6791e-06 8.3848e-06 8.24409e-06 3.4563e-05 1.80174 3.68915
860 6.67367e-06 8.30776e-06 8.24409e-06 3.4563e-05 1.80174 3.68915
861 6.66775e-06 8.42732e-06 8.24409e-06 3.4563e-05 1.80174 3.68915
862 6.66828e-06 8.45659e-06 8.24409e-06 3.4563e-05 1.80174 3.68915
863 6.69157e-06 8.64555e-06 8.24409e-06 3.4563e-05 1.80174 3.68915
864 6.68676e-06 8.47217e-06 8.24409e-06 3.4563e-05 1.80174 3.68915
865 6.70038e-06 8.44216e-06 8.24409e-06 3.4563e-05 1.80174 3.68915
866 6.68282e-06 8.80309e-06 8.24409e-06 3.4563e-05 1.80174 3.68915
867 6.6957e-06 8.54381e-06 8.24409e-06 3.4563e-05 1.80174 3.68915
868 6.70203e-06 8.38162e-06 8.24409e-06 3.4563e-05 1.80174 3.68915
869 6.70173e-06 8.3436e-06 8.24409e-06 3.4563e-05 1.80174 3.68915
870 6.7031e-06 8.38164e-06 8.24409e-06 3.4563e-05 1.80174 3.68915
871 6.72171e-06 8.3112e-06 8.24409e-06 3.4563e-05 1.80174 3.68915
872 6.703e-06 8.41843e-06 8.24409e-06 3.4563e-05 1.80174 3.68915
873 6.72597e-06 8.30011e-06 8.24409e-06 3.4563e-05 1.80174 3.68915
874 6.72533e-06 8.37811e-06 8.24409e-06 3.4563e-05 1.80174 3.68915
875 6.72832e-06 8.80697e-06 8.24409e-06 3.4563e-05 1.80174 3.68915
876 6.73531e-06 8.9597e-06 8.24409e-06 3.4563e-05 1.80174 3.68915
877 6.72676e-06 8.30145e-06 8.24409e-06 3.4563e-05 1.80174 3.68915
878 6.72784e-06 8.62237e-06 8.24409e-06 3.4563e-05 1.80174 3.68915
879 6.73377e-06 8.4362e-06 8.24409e-06 3.4563e-05 1.80174 3.68915
880 6.73689e-06 8.65897e-06 8.24409e-06 3.4563e-05 1.80174 3.68915
881 6.52184e-06 8.25237e-06 8.24409e-06 3.4563e-05 1.80174 3.68915
882 6.5357e-06 8.25844e-06 8.24409e-06 3.4563e-05 1.80174 3.68915
883 6.54395e-06 8.2375e-06 8.24409e-06 3.4563e-05 1.80174 3.68915
884 6.5487e-06 8.31051e-06 8.24409e-06 3.4563e-05 1.80174 3.68915
885 6.5581e-06 8.45736e-06 8.24409e-06 3.4563e-05 1.80174 3.68915
886 6.55948e-06 8.33772e-06 8.24409e-06 3.4563e-05 1.80174 3.68915
887 6.56927e-06 8.25629e-06 8.24409e-06 3.4563e-05 1.80174 3.68915
888 6.569e-06 8.33743e-06 8.24409e-06 3.4563e-05 1.80174 3.68915
889 6.57502e-06 8.35717e-06 8.24409e-06 3.4563e-05 1.80174 3.68915
890 6.58054e-06 8.35039e-06 8.24409e-06 3.4563e-05 1.80174 3.68915
891 6.5876e-06 8.31951e-06 8.24409e-06 3.4563e-05 1.80174 3.68915
892 6.59089e-06 8.261e-06 8.24409e-06 3.4563e-05 1.80174 3.68915
893 6.59519e-06 8.33751e-06 8.24409e-06 3.4563e-05 1.80174 3.68915
894 6.60239e-06 8.32343e-06 8.24409e-06 3.4563e-05 1.80174 3.68915
895 6.60739e-06 8.34652e-06 8.24409e-06 3.4563e-05 1.80174 3.68915
896 6.61426e-06 8.33129e-06 8.24409e-06 3.4563e-05 1.80174 3.68915
897 6.61842e-06 8.31138e-06 8.24409e-06 3.4563e-05 1.80174 3.68915
898 6.61851e-06 8.32526e-06 8.24409e-06 3.4563e-05 1.80174 3.68915
899 6.62691e-06 8.50497e-06 8.24409e-06 3.4563e-05 1.80174 3.68915
900 6.6323e-06 8.27879e-06 8.24409e-06 3.4563e-05 1.80174 3.68915
901 6.63455e-06 8.43228e-06 8.24409e-06 3.4563e-05 1.80174 3.68915
902 6.64491e-06 8.35828e-06 8.24409e-06 3.4563e-05 1.80174 3.68915
903 6.64751e-06 8.30859e-06 8.24409e-06 3.4563e-05 1.80174 3.68915
904 6.65056e-06 8.3909e-06 8.24409e-06 3.4563e-05 1.80174 3.68915
905 6.656e-06 8.61429e-06 8.24409e-06 3.4563e-05 1.80174 3.68915
906 6.66034e-06 8.36029e-06 8.24409e-06 3.4563e-05 1.80174 3.68915
907 6.66761e-06 8.37881e-06 8.24409e-06 3.4563e-05 1.80174 3.68915
908 6.67075e-06 8.34501e-06 8.24409e-06 3.4563e-05 1.80174 3.68915
909 6.67834e-06 8.37278e-06 8.24409e-06 3.4563e-05 1.80174 3.68915
910 6.67504e-06 8.38332e-06 8.24409e-06 3.4563e-05 1.80174 3.68915
911 6.68033e-06 8.52111e-06 8.24409e-06 3.4563e-05 1.80174 3.68915
912 6.68757e-06 8.37453e-06 8.24409e-06 3.4563e-05 1.80174 3.68915
913 6.69764e-06 8.49312e-06 8.24409e-06 3.4563e-05 1.80174 3.68915
914 6.69328e-06 8.33531e-06 8.24409e-06 3.4563e-05 1.80174 3.68915
915 6.70603e-06 8.37447e-06 8.24409e-06 3.4563e-05 1.80174 3.68915
916 6.71329e-06 8.41026e-06 8.24409e-06 3.4563e-05 1.80174 3.68915
917 6.71688e-06 8.42559e-06 8.24409e-06 3.4563e-05 1.80174 3.68915
918 6.71292e-06 8.3587e-06 8.24409e-06 3.4563e-05 1.80174 3.68915
919 6.72507e-06 8.38478e-06 8.24409e-06 3.4563e-05 1.80174 3.68915
920 6.72986e-06 8.8905e-06 8.24409e-06 3.4563e-05 1.80174 3.68915
