1 33.7234 0.0813024 1.79769e+308 1.79769e+308 inf inf
2 0.575315 0.089872 1.79769e+308 1.79769e+308 inf inf
3 0.132201 0.0607948 0.089872 0.00129652 188.119 22.5949
4 0.209342 0.0736759 0.0607948 0.000963206 154.722 19.4751
5 0.29253 0.0534648 0.0607948 0.000963206 154.722 19.4751
6 0.0890764 0.015869 0.0534648 0.000741936 145.096 17.0924
7 0.277046 0.0820704 0.015869 0.00062794 79.0488 15.7246
8 0.0996858 0.0438278 0.015869 0.00062794 79.0488 15.7246
9 0.357244 0.0200914 0.015869 0.00062794 79.0488 15.7246
10 0.0803374 0.119592 0.015869 0.00062794 79.0488 15.7246
11 0.104636 0.0269415 0.015869 0.00062794 79.0488 15.7246
12 0.104039 0.0198384 0.015869 0.00062794 79.0488 15.7246
13 0.0620874 0.209738 0.015869 0.00062794 79.0488 15.7246
14 0.100345 0.0527383 0.015869 0.00062794 79.0488 15.7246
15 0.10624 0.0513361 0.015869 0.00062794 79.0488 15.7246
16 0.0485302 0.0607273 0.015869 0.00062794 79.0488 15.7246
17 0.0689149 0.00730425 0.015869 0.00062794 79.0488 15.7246
18 0.159495 0.0146534 0.00730425 0.000375357 53.63 12.1574
19 0.021356 0.0075544 0.00730425 0.000375357 53.63 12.1574
20 0.1409 0.961375 0.00730425 0.000375357 53.63 12.1574
21 0.0728281 0.0172096 0.00730425 0.000375357 53.63 12.1574
22 0.0182564 0.016821 0.00730425 0.000375357 53.63 12.1574
23 0.0669118 0.0103946 0.00730425 0.000375357 53.63 12.1574
24 0.0487125 0.0177865 0.00730425 0.000375357 53.63 12.1574
25 0.0465922 0.0617004 0.00730425 0.000375357 53.63 12.1574
26 0.0595736 0.234964 0.00730425 0.000375357 53.63 12.1574
27 0.0299881 0.00745282 0.00730425 0.000375357 53.63 12.1574
28 0.0820641 0.011506 0.00730425 0.000375357 53.63 12.1574
29 0.031371 0.0122805 0.00730425 0.000375357 53.63 12.1574
30 0.076923 0.00830992 0.00730425 0.000375357 53.63 12.1574
31 0.0215059 0.0276839 0.00730425 0.000375357 53.63 12.1574
32 0.0392444 0.0145222 0.00730425 0.000375357 53.63 12.1574
33 0.0414024 0.0537311 0.00730425 0.000375357 53.63 12.1574
34 0.0462196 0.0237527 0.00730425 0.000375357 53.63 12.1574
35 0.0765862 0.00804892 0.00730425 0.000375357 53.63 12.1574
36 0.0223829 0.0128303 0.00730425 0.000375357 53.63 12.1574
37 0.0728557 0.00718138 0.00730425 0.000375357 53.63 12.1574
38 0.0277176 0.00878285 0.00718138 0.000301341 53.1771 10.8931
39 0.0424833 0.00607897 0.00718138 0.000301341 53.1771 10.8931
40 0.0414444 0.01411 0.00607897 0.000312723 48.9255 11.0969
41 0.0355358 0.0413718 0.00607897 0.000312723 48.9255 11.0969
42 0.0469597 0.0168303 0.00607897 0.000312723 48.9255 11.0969
43 0.0380969 0.0281591 0.00607897 0.000312723 48.9255 11.0969
44 0.0234597 0.058694 0.00607897 0.000312723 48.9255 11.0969
45 0.0303537 0.0481493 0.00607897 0.000312723 48.9255 11.0969
46 0.0384631 0.00692446 0.00607897 0.000312723 48.9255 11.0969
47 0.0605889 0.0113798 0.00607897 0.000312723 48.9255 11.0969
48 0.0337713 0.0247992 0.00607897 0.000312723 48.9255 11.0969
49 0.0517458 0.00579229 0.00607897 0.000312723 48.9255 11.0969
50 0.0231221 0.00633411 0.00579229 0.000296106 47.7579 10.798
51 0.094253 0.017351 0.00579229 0.000296106 47.7579 10.798
52 0.0241966 0.0551552 0.00579229 0.000296106 47.7579 10.798
53 0.0317835 0.00738436 0.00579229 0.000296106 47.7579 10.798
54 0.0345114 0.0117442 0.00579229 0.000296106 47.7579 10.798
55 0.0665783 0.0192404 0.00579229 0.000296106 47.7579 10.798
56 0.0325639 0.0749745 0.00579229 0.000296106 47.7579 10.798
57 0.027315 0.0734759 0.00579229 0.000296106 47.7579 10.798
58 0.0319925 0.00943274 0.00579229 0.000296106 47.7579 10.798
59 0.0309211 0.00628003 0.00579229 0.000296106 47.7579 10.798
60 0.0354931 0.00754345 0.00579229 0.000296106 47.7579 10.798
61 0.0638454 0.00529535 0.00579229 0.000296106 47.7579 10.798
62 0.0278142 0.0322248 0.00529535 0.000292308 45.6633 10.7285
63 0.0391348 0.0128242 0.00529535 0.000292308 45.6633 10.7285
64 0.0300333 0.0111077 0.00529535 0.000292308 45.6633 10.7285
65 0.0257496 0.00638332 0.00529535 0.000292308 45.6633 10.7285
66 0.036328 0.0137784 0.00529535 0.000292308 45.6633 10.7285
67 0.0403276 0.00467815 0.00529535 0.000292308 45.6633 10.7285
68 0.0238863 0.00956251 0.00467815 0.000281175 42.9198 10.5223
69 0.114506 0.0367743 0.00467815 0.000281175 42.9198 10.5223
70 0.0125283 0.00909029 0.00467815 0.000281175 42.9198 10.5223
71 0.024885 0.0330384 0.00467815 0.000281175 42.9198 10.5223
72 0.0328364 0.0142992 0.00467815 0.000281175 42.9198 10.5223
73 0.0361575 0.0143799 0.00467815 0.000281175 42.9198 10.5223
74 0.0490913 0.0109393 0.00467815 0.000281175 42.9198 10.5223
75 0.0122707 0.0134236 0.00467815 0.000281175 42.9198 10.5223
76 0.0265723 0.0117968 0.00467815 0.000281175 42.9198 10.5223
77 0.0544762 0.0839656 0.00467815 0.000281175 42.9198 10.5223
78 0.0444512 0.00620909 0.00467815 0.000281175 42.9198 10.5223
79 0.017302 0.00547742 0.00467815 0.000281175 42.9198 10.5223
80 0.035997 0.0109834 0.00467815 0.000281175 42.9198 10.5223
81 0.0279042 0.0343532 0.00467815 0.000281175 42.9198 10.5223
82 0.0651824 0.00598105 0.00467815 0.000281175 42.9198 10.5223
83 0.018921 0.0114411 0.00467815 0.000281175 42.9198 10.5223
84 0.0224851 0.00979923 0.00467815 0.000281175 42.9198 10.5223
85 0.0513618 0.0953886 0.00467815 0.000281175 42.9198 10.5223
86 0.0119586 0.0111311 0.00467815 0.000281175 42.9198 10.5223
87 0.0282725 0.0119591 0.00467815 0.000281175 42.9198 10.5223
88 0.0314516 0.0103086 0.00467815 0.000281175 42.9198 10.5223
89 0.0372508 0.00776019 0.00467815 0.000281175 42.9198 10.5223
90 0.0467517 0.00439262 0.00467815 0.000281175 42.9198 10.5223
91 0.0162481 0.0130554 0.00439262 0.000284511 41.5894 10.5845
92 0.0265047 0.00480345 0.00439262 0.000284511 41.5894 10.5845
93 0.0568208 0.0138156 0.00439262 0.000284511 41.5894 10.5845
94 0.0236689 0.0173747 0.00439262 0.000284511 41.5894 10.5845
95 0.0293078 0.010601 0.00439262 0.000284511 41.5894 10.5845
96 0.0251657 0.00867136 0.00439262 0.000284511 41.5894 10.5845
97 0.0703596 0.00722778 0.00439262 0.000284511 41.5894 10.5845
98 0.0184881 0.0172831 0.00439262 0.000284511 41.5894 10.5845
99 0.0401563 0.0216411 0.00439262 0.000284511 41.5894 10.5845
100 0.013705 0.0583918 0.00439262 0.000284511 41.5894 10.5845
101 0.0388195 0.0119296 0.00439262 0.000284511 41.5894 10.5845
102 0.0342307 0.0341352 0.00439262 0.000284511 41.5894 10.5845
103 0.0203037 0.0111409 0.00439262 0.000284511 41.5894 10.5845
104 0.0204493 0.00673131 0.00439262 0.000284511 41.5894 10.5845
105 0.0284001 0.00710575 0.00439262 0.000284511 41.5894 10.5845
106 0.0264545 0.00782321 0.00439262 0.000284511 41.5894 10.5845
107 0.0413134 0.00785328 0.00439262 0.000284511 41.5894 10.5845
108 0.0329489 0.0148607 0.00439262 0.000284511 41.5894 10.5845
109 0.0262425 0.00912627 0.00439262 0.000284511 41.5894 10.5845
110 0.0849072 0.00819785 0.00439262 0.000284511 41.5894 10.5845
111 0.012709 0.011545 0.00439262 0.000284511 41.5894 10.5845
112 0.0232934 0.0479418 0.00439262 0.000284511 41.5894 10.5845
113 0.0427878 0.0392887 0.00439262 0.000284511 41.5894 10.5845
114 0.0178592 0.011607 0.00439262 0.000284511 41.5894 10.5845
115 0.0396815 0.0264508 0.00439262 0.000284511 41.5894 10.5845
116 0.0183082 0.00549981 0.00439262 0.000284511 41.5894 10.5845
117 0.0245306 0.0682176 0.00439262 0.000284511 41.5894 10.5845
118 0.032304 0.0723785 0.00439262 0.000284511 41.5894 10.5845
119 0.0337259 0.00494936 0.00439262 0.000284511 41.5894 10.5845
120 0.017746 0.0165691 0.00439262 0.000284511 41.5894 10.5845
121 0.0370428 0.00376212 0.00439262 0.000284511 41.5894 10.5845
122 0.0218089 0.00514396 0.00376212 0.0002836 38.489 10.5675
123 0.071396 0.0312023 0.00376212 0.0002836 38.489 10.5675
124 0.00908321 0.00469151 0.00376212 0.0002836 38.489 10.5675
125 0.0237213 0.0165867 0.00376212 0.0002836 38.489 10.5675
126 0.0216641 0.00488837 0.00376212 0.0002836 38.489 10.5675
127 0.0427166 0.00734758 0.00376212 0.0002836 38.489 10.5675
128 0.0146003 0.0148043 0.00376212 0.0002836 38.489 10.5675
129 0.0335418 0.0357787 0.00376212 0.0002836 38.489 10.5675
130 0.0282828 0.00442989 0.00376212 0.0002836 38.489 10.5675
131 0.152713 0.0455501 0.00376212 0.0002836 38.489 10.5675
132 0.00829998 0.0332209 0.00376212 0.0002836 38.489 10.5675
133 0.0132812 0.0102391 0.00376212 0.0002836 38.489 10.5675
134 0.127254 0.00789654 0.00376212 0.0002836 38.489 10.5675
135 0.00571927 0.00964356 0.00376212 0.0002836 38.489 10.5675
136 0.0135011 0.0120212 0.00376212 0.0002836 38.489 10.5675
137 0.0362409 0.00424878 0.00376212 0.0002836 38.489 10.5675
138 0.0329861 0.00800105 0.00376212 0.0002836 38.489 10.5675
139 0.0261845 0.0121481 0.00376212 0.0002836 38.489 10.5675
140 0.0329825 0.00599507 0.00376212 0.0002836 38.489 10.5675
141 0.020286 0.0187417 0.00376212 0.0002836 38.489 10.5675
142 0.065112 0.00385068 0.00376212 0.0002836 38.489 10.5675
143 0.0215762 0.00695213 0.00376212 0.0002836 38.489 10.5675
144 0.0360866 0.0433841 0.00376212 0.0002836 38.489 10.5675
145 0.0291049 0.00521247 0.00376212 0.0002836 38.489 10.5675
146 0.0452467 0.0100485 0.00376212 0.0002836 38.489 10.5675
147 0.0223487 0.0310442 0.00376212 0.0002836 38.489 10.5675
148 0.0290042 0.0254771 0.00376212 0.0002836 38.489 10.5675
149 0.0293919 0.00416339 0.00376212 0.0002836 38.489 10.5675
150 0.0410758 0.00377473 0.00376212 0.0002836 38.489 10.5675
151 0.0499641 0.0476983 0.00376212 0.0002836 38.489 10.5675
152 0.0132316 0.00544739 0.00376212 0.0002836 38.489 10.5675
153 0.0253867 0.00606848 0.00376212 0.0002836 38.489 10.5675
154 0.0425756 0.00640089 0.00376212 0.0002836 38.489 10.5675
155 0.0141631 0.0108494 0.00376212 0.0002836 38.489 10.5675
156 0.0427093 0.00672773 0.00376212 0.0002836 38.489 10.5675
157 0.0213901 0.00573295 0.00376212 0.0002836 38.489 10.5675
158 0.0353974 0.0216829 0.00376212 0.0002836 38.489 10.5675
159 0.0498409 0.0363156 0.00376212 0.0002836 38.489 10.5675
160 0.00905166 0.0049025 0.00376212 0.0002836 38.489 10.5675
161 0.0220353 0.0638736 0.00376212 0.0002836 38.489 10.5675
162 0.0339667 0.00784338 0.00376212 0.0002836 38.489 10.5675
163 0.0382805 0.00743429 0.00376212 0.0002836 38.489 10.5675
164 0.0138043 0.00645921 0.00376212 0.0002836 38.489 10.5675
165 0.0436304 0.00539501 0.00376212 0.0002836 38.489 10.5675
166 0.0205521 0.0555569 0.00376212 0.0002836 38.489 10.5675
167 0.0247846 0.0836936 0.00376212 0.0002836 38.489 10.5675
168 0.0300729 0.0107908 0.00376212 0.0002836 38.489 10.5675
169 0.0339542 0.00623308 0.00376212 0.0002836 38.489 10.5675
170 0.025883 0.0418354 0.00376212 0.0002836 38.489 10.5675
171 0.032634 0.027088 0.00376212 0.0002836 38.489 10.5675
172 0.0279317 0.00391484 0.00376212 0.0002836 38.489 10.5675
173 0.0221334 0.00582515 0.00376212 0.0002836 38.489 10.5675
174 0.049216 0.00654976 0.00376212 0.0002836 38.489 10.5675
175 0.0141322 0.0100403 0.00376212 0.0002836 38.489 10.5675
176 0.0253261 0.011303 0.00376212 0.0002836 38.489 10.5675
177 0.0304853 0.00684461 0.00376212 0.0002836 38.489 10.5675
178 0.0328855 0.0127273 0.00376212 0.0002836 38.489 10.5675
179 0.0273527 0.0142741 0.00376212 0.0002836 38.489 10.5675
180 0.0235252 0.0087535 0.00376212 0.0002836 38.489 10.5675
181 0.0258985 0.00754506 0.00376212 0.0002836 38.489 10.5675
182 0.0324606 0.135705 0.00376212 0.0002836 38.489 10.5675
183 0.0368161 0.00675448 0.00376212 0.0002836 38.489 10.5675
184 0.0258958 0.0105723 0.00376212 0.0002836 38.489 10.5675
185 0.0217309 0.0328899 0.00376212 0.0002836 38.489 10.5675
186 0.0311237 0.0109031 0.00376212 0.0002836 38.489 10.5675
187 0.0284216 0.0452987 0.00376212 0.0002836 38.489 10.5675
188 0.0742395 0.00404339 0.00376212 0.0002836 38.489 10.5675
189 0.0123529 0.00602485 0.00376212 0.0002836 38.489 10.5675
190 0.0336688 0.0143083 0.00376212 0.0002836 38.489 10.5675
191 0.0170563 0.0268889 0.00376212 0.0002836 38.489 10.5675
192 0.0356038 0.00849891 0.00376212 0.0002836 38.489 10.5675
193 0.0398863 0.033733 0.00376212 0.0002836 38.489 10.5675
194 0.0251079 0.0741488 0.00376212 0.0002836 38.489 10.5675
195 0.0203557 0.00941849 0.00376212 0.0002836 38.489 10.5675
196 0.0339588 0.00534752 0.00376212 0.0002836 38.489 10.5675
197 0.0251007 0.0101392 0.00376212 0.0002836 38.489 10.5675
198 0.0954468 0.00532236 0.00376212 0.0002836 38.489 10.5675
199 0.00594413 0.00438102 0.00376212 0.0002836 38.489 10.5675
200 0.0187422 0.013222 0.00376212 0.0002836 38.489 10.5675
201 0.0259812 0.0192242 0.00376212 0.0002836 38.489 10.5675
202 0.0426171 0.00416932 0.00376212 0.0002836 38.489 10.5675
203 0.0180065 0.00616866 0.00376212 0.0002836 38.489 10.5675
204 0.0867063 0.00527133 0.00376212 0.0002836 38.489 10.5675
205 0.0104942 0.00989185 0.00376212 0.0002836 38.489 10.5675
206 0.0149543 0.0308323 0.00376212 0.0002836 38.489 10.5675
207 0.0573476 0.00646206 0.00376212 0.0002836 38.489 10.5675
208 0.0139941 0.0044989 0.00376212 0.0002836 38.489 10.5675
209 0.0307113 0.00604448 0.00376212 0.0002836 38.489 10.5675
210 0.0406023 0.00581332 0.00376212 0.0002836 38.489 10.5675
211 0.0229274 0.029959 0.00376212 0.0002836 38.489 10.5675
212 0.0418146 0.00669287 0.00376212 0.0002836 38.489 10.5675
213 0.0146076 0.00596225 0.00376212 0.0002836 38.489 10.5675
214 0.0283441 0.00735622 0.00376212 0.0002836 38.489 10.5675
215 0.0269561 0.00578918 0.00376212 0.0002836 38.489 10.5675
216 0.032055 0.00613694 0.00376212 0.0002836 38.489 10.5675
217 0.0330327 0.0151679 0.00376212 0.0002836 38.489 10.5675
218 0.0265024 0.0260194 0.00376212 0.0002836 38.489 10.5675
219 0.0255894 0.00684083 0.00376212 0.0002836 38.489 10.5675
220 0.0236853 0.00958718 0.00376212 0.0002836 38.489 10.5675
221 0.0273388 0.010575 0.00376212 0.0002836 38.489 10.5675
222 0.0029623 0.00348058 0.00376212 0.0002836 38.489 10.5675
223 0.00416811 0.00535025 0.00348058 0.000281817 37.0208 10.5343
224 0.0111749 0.0035115 0.00348058 0.000281817 37.0208 10.5343
225 0.00588787 0.00398754 0.00348058 0.000281817 37.0208 10.5343
226 0.00733595 0.00598486 0.00348058 0.000281817 37.0208 10.5343
227 0.00689756 0.0040947 0.00348058 0.000281817 37.0208 10.5343
228 0.00770528 0.00600821 0.00348058 0.000281817 37.0208 10.5343
229 0.0080456 0.00679449 0.00348058 0.000281817 37.0208 10.5343
230 0.00629279 0.00771904 0.00348058 0.000281817 37.0208 10.5343
231 0.00771219 0.00459704 0.00348058 0.000281817 37.0208 10.5343
232 0.00878159 0.00927046 0.00348058 0.000281817 37.0208 10.5343
233 0.00625604 0.00607784 0.00348058 0.000281817 37.0208 10.5343
234 0.00738468 0.00766089 0.00348058 0.000281817 37.0208 10.5343
235 0.00744273 0.0043006 0.00348058 0.000281817 37.0208 10.5343
236 0.00775986 0.00461042 0.00348058 0.000281817 37.0208 10.5343
237 0.00748095 0.00642045 0.00348058 0.000281817 37.0208 10.5343
238 0.00860599 0.00970199 0.00348058 0.000281817 37.0208 10.5343
239 0.00750453 0.0173854 0.00348058 0.000281817 37.0208 10.5343
240 0.00690615 0.00586779 0.00348058 0.000281817 37.0208 10.5343
241 0.00831221 0.00599396 0.00348058 0.000281817 37.0208 10.5343
242 0.00687053 0.007652 0.00348058 0.000281817 37.0208 10.5343
243 0.00806234 0.0291326 0.00348058 0.000281817 37.0208 10.5343
244 0.00679889 0.00689111 0.00348058 0.000281817 37.0208 10.5343
245 0.00754888 0.00792332 0.00348058 0.000281817 37.0208 10.5343
246 0.00759635 0.0088579 0.00348058 0.000281817 37.0208 10.5343
247 0.00834472 0.00484251 0.00348058 0.000281817 37.0208 10.5343
248 0.00669765 0.0084389 0.00348058 0.000281817 37.0208 10.5343
249 0.00821641 0.00489414 0.00348058 0.000281817 37.0208 10.5343
250 0.00935656 0.0112691 0.00348058 0.000281817 37.0208 10.5343
251 0.00673436 0.00531918 0.00348058 0.000281817 37.0208 10.5343
252 0.00805729 0.0139369 0.00348058 0.000281817 37.0208 10.5343
253 0.00676242 0.0163261 0.00348058 0.000281817 37.0208 10.5343
254 0.00742738 0.00770516 0.00348058 0.000281817 37.0208 10.5343
255 0.0103181 0.0070385 0.00348058 0.000281817 37.0208 10.5343
256 0.00771747 0.00705239 0.00348058 0.000281817 37.0208 10.5343
257 0.0127965 0.00747599 0.00348058 0.000281817 37.0208 10.5343
258 0.00529495 0.00792403 0.00348058 0.000281817 37.0208 10.5343
259 0.010048 0.0083406 0.00348058 0.000281817 37.0208 10.5343
260 0.00718487 0.00920782 0.00348058 0.000281817 37.0208 10.5343
261 0.00661008 0.00649527 0.00348058 0.000281817 37.0208 10.5343
262 0.00788872 0.00584495 0.00348058 0.000281817 37.0208 10.5343
263 0.00791822 0.00802179 0.00348058 0.000281817 37.0208 10.5343
264 0.00955133 0.00518117 0.00348058 0.000281817 37.0208 10.5343
265 0.00718284 0.00430633 0.00348058 0.000281817 37.0208 10.5343
266 0.00967508 0.00535753 0.00348058 0.000281817 37.0208 10.5343
267 0.00696669 0.0170516 0.00348058 0.000281817 37.0208 10.5343
268 0.00734132 0.00718675 0.00348058 0.000281817 37.0208 10.5343
269 0.00888017 0.012365 0.00348058 0.000281817 37.0208 10.5343
270 0.0070165 0.00615949 0.00348058 0.000281817 37.0208 10.5343
271 0.00823728 0.00683742 0.00348058 0.000281817 37.0208 10.5343
272 0.00721301 0.0050333 0.00348058 0.000281817 37.0208 10.5343
273 0.00747231 0.00651819 0.00348058 0.000281817 37.0208 10.5343
274 0.00936183 0.00447434 0.00348058 0.000281817 37.0208 10.5343
275 0.00855517 0.00428447 0.00348058 0.000281817 37.0208 10.5343
276 0.00684801 0.0134169 0.00348058 0.000281817 37.0208 10.5343
277 0.00716232 0.00622671 0.00348058 0.000281817 37.0208 10.5343
278 0.00833829 0.00412896 0.00348058 0.000281817 37.0208 10.5343
279 0.00802759 0.00403242 0.00348058 0.000281817 37.0208 10.5343
280 0.00824289 0.00863429 0.00348058 0.000281817 37.0208 10.5343
281 0.00887541 0.00379877 0.00348058 0.000281817 37.0208 10.5343
282 0.00893861 0.0047636 0.00348058 0.000281817 37.0208 10.5343
283 0.00805511 0.00576533 0.00348058 0.000281817 37.0208 10.5343
284 0.0107406 0.00712463 0.00348058 0.000281817 37.0208 10.5343
285 0.00934373 0.0259181 0.00348058 0.000281817 37.0208 10.5343
286 0.00611709 0.00554024 0.00348058 0.000281817 37.0208 10.5343
287 0.00744715 0.030033 0.00348058 0.000281817 37.0208 10.5343
288 0.0111485 0.0034909 0.00348058 0.000281817 37.0208 10.5343
289 0.00620658 0.00396157 0.00348058 0.000281817 37.0208 10.5343
290 0.00686064 0.0062105 0.00348058 0.000281817 37.0208 10.5343
291 0.00773436 0.00851994 0.00348058 0.000281817 37.0208 10.5343
292 0.00991227 0.00390408 0.00348058 0.000281817 37.0208 10.5343
293 0.00821598 0.00765912 0.00348058 0.000281817 37.0208 10.5343
294 0.00735426 0.00498061 0.00348058 0.000281817 37.0208 10.5343
295 0.00922762 0.0132484 0.00348058 0.000281817 37.0208 10.5343
296 0.00797506 0.00683023 0.00348058 0.000281817 37.0208 10.5343
297 0.00954422 0.00748744 0.00348058 0.000281817 37.0208 10.5343
298 0.0086068 0.00672392 0.00348058 0.000281817 37.0208 10.5343
299 0.0063143 0.0303184 0.00348058 0.000281817 37.0208 10.5343
300 0.010379 0.00436765 0.00348058 0.000281817 37.0208 10.5343
301 0.00787135 0.00771836 0.00348058 0.000281817 37.0208 10.5343
302 0.00893685 0.00619415 0.00348058 0.000281817 37.0208 10.5343
303 0.00670406 0.0167739 0.00348058 0.000281817 37.0208 10.5343
304 0.00859464 0.00743082 0.00348058 0.000281817 37.0208 10.5343
305 0.00779272 0.0109435 0.00348058 0.000281817 37.0208 10.5343
306 0.00934002 0.0325205 0.00348058 0.000281817 37.0208 10.5343
307 0.00798738 0.00955586 0.00348058 0.000281817 37.0208 10.5343
308 0.00993978 0.00932512 0.00348058 0.000281817 37.0208 10.5343
309 0.00887537 0.00452549 0.00348058 0.000281817 37.0208 10.5343
310 0.0076883 0.00801131 0.00348058 0.000281817 37.0208 10.5343
311 0.00774399 0.0050491 0.00348058 0.000281817 37.0208 10.5343
312 0.0104319 0.00454756 0.00348058 0.000281817 37.0208 10.5343
313 0.00745715 0.0165339 0.00348058 0.000281817 37.0208 10.5343
314 0.00827982 0.0187173 0.00348058 0.000281817 37.0208 10.5343
315 0.00803787 0.0280427 0.00348058 0.000281817 37.0208 10.5343
316 0.00725847 0.00416719 0.00348058 0.000281817 37.0208 10.5343
317 0.0111936 0.0065885 0.00348058 0.000281817 37.0208 10.5343
318 0.00820617 0.0100714 0.00348058 0.000281817 37.0208 10.5343
319 0.00950825 0.00472497 0.00348058 0.000281817 37.0208 10.5343
320 0.00793301 0.00698825 0.00348058 0.000281817 37.0208 10.5343
321 0.00935004 0.0170449 0.00348058 0.000281817 37.0208 10.5343
322 0.00782156 0.0052801 0.00348058 0.000281817 37.0208 10.5343
323 0.00310725 0.00433044 0.00348058 0.000281817 37.0208 10.5343
324 0.00350981 0.00422512 0.00348058 0.000281817 37.0208 10.5343
325 0.00373099 0.00574584 0.00348058 0.000281817 37.0208 10.5343
326 0.0040502 0.00538905 0.00348058 0.000281817 37.0208 10.5343
327 0.00439202 0.00365579 0.00348058 0.000281817 37.0208 10.5343
328 0.00404835 0.00318892 0.00348058 0.000281817 37.0208 10.5343
329 0.00395478 0.0038711 0.00318892 0.000278595 35.4358 10.4739
330 0.00404056 0.0038264 0.00318892 0.000278595 35.4358 10.4739
331 0.00428917 0.00570765 0.00318892 0.000278595 35.4358 10.4739
332 0.00449268 0.0149762 0.00318892 0.000278595 35.4358 10.4739
333 0.00431944 0.00451713 0.00318892 0.000278595 35.4358 10.4739
334 0.00386172 0.00386495 0.00318892 0.000278595 35.4358 10.4739
335 0.00572753 0.00339701 0.00318892 0.000278595 35.4358 10.4739
336 0.00387708 0.00337942 0.00318892 0.000278595 35.4358 10.4739
337 0.00417995 0.00482106 0.00318892 0.000278595 35.4358 10.4739
338 0.00418086 0.00681635 0.00318892 0.000278595 35.4358 10.4739
339 0.00466431 0.00608194 0.00318892 0.000278595 35.4358 10.4739
340 0.00459166 0.00792549 0.00318892 0.000278595 35.4358 10.4739
341 0.00406222 0.00470373 0.00318892 0.000278595 35.4358 10.4739
342 0.0041518 0.0136358 0.00318892 0.000278595 35.4358 10.4739
343 0.00441651 0.004498 0.00318892 0.000278595 35.4358 10.4739
344 0.00395158 0.00554449 0.00318892 0.000278595 35.4358 10.4739
345 0.00449691 0.00365233 0.00318892 0.000278595 35.4358 10.4739
346 0.0049324 0.00444451 0.00318892 0.000278595 35.4358 10.4739
347 0.00439699 0.00478107 0.00318892 0.000278595 35.4358 10.4739
348 0.00434972 0.00439046 0.00318892 0.000278595 35.4358 10.4739
349 0.00400617 0.0036117 0.00318892 0.000278595 35.4358 10.4739
350 0.00435266 0.00464122 0.00318892 0.000278595 35.4358 10.4739
351 0.00399715 0.00430686 0.00318892 0.000278595 35.4358 10.4739
352 0.00534126 0.00546199 0.00318892 0.000278595 35.4358 10.4739
353 0.00425747 0.00358544 0.00318892 0.000278595 35.4358 10.4739
354 0.00473484 0.00373255 0.00318892 0.000278595 35.4358 10.4739
355 0.00385887 0.00366483 0.00318892 0.000278595 35.4358 10.4739
356 0.00472078 0.00546794 0.00318892 0.000278595 35.4358 10.4739
357 0.0052048 0.00454133 0.00318892 0.000278595 35.4358 10.4739
358 0.0043269 0.00433101 0.00318892 0.000278595 35.4358 10.4739
359 0.00393461 0.00672175 0.00318892 0.000278595 35.4358 10.4739
360 0.0048381 0.00364927 0.00318892 0.000278595 35.4358 10.4739
361 0.00468359 0.0055163 0.00318892 0.000278595 35.4358 10.4739
362 0.00451305 0.0067758 0.00318892 0.000278595 35.4358 10.4739
363 0.00441954 0.00480752 0.00318892 0.000278595 35.4358 10.4739
364 0.00423081 0.00378249 0.00318892 0.000278595 35.4358 10.4739
365 0.00455684 0.00603665 0.00318892 0.000278595 35.4358 10.4739
366 0.00418642 0.00739259 0.00318892 0.000278595 35.4358 10.4739
367 0.00494904 0.0163642 0.00318892 0.000278595 35.4358 10.4739
368 0.00505146 0.00452851 0.00318892 0.000278595 35.4358 10.4739
369 0.00421238 0.00982438 0.00318892 0.000278595 35.4358 10.4739
370 0.00457343 0.00360519 0.00318892 0.000278595 35.4358 10.4739
371 0.00473736 0.00392236 0.00318892 0.000278595 35.4358 10.4739
372 0.0047854 0.00396716 0.00318892 0.000278595 35.4358 10.4739
373 0.00394809 0.00657336 0.00318892 0.000278595 35.4358 10.4739
374 0.00522313 0.00350459 0.00318892 0.000278595 35.4358 10.4739
375 0.00428186 0.00435718 0.00318892 0.000278595 35.4358 10.4739
376 0.00478244 0.0042758 0.00318892 0.000278595 35.4358 10.4739
377 0.004276 0.00407814 0.00318892 0.000278595 35.4358 10.4739
378 0.0046789 0.0050264 0.00318892 0.000278595 35.4358 10.4739
379 0.00477542 0.00465041 0.00318892 0.000278595 35.4358 10.4739
380 0.00456049 0.00425724 0.00318892 0.000278595 35.4358 10.4739
381 0.00478232 0.00693811 0.00318892 0.000278595 35.4358 10.4739
382 0.00518384 0.0145637 0.00318892 0.000278595 35.4358 10.4739
383 0.00515481 0.0104744 0.00318892 0.000278595 35.4358 10.4739
384 0.00520568 0.00433848 0.00318892 0.000278595 35.4358 10.4739
385 0.00625714 0.00637636 0.00318892 0.000278595 35.4358 10.4739
386 0.00388726 0.00499518 0.00318892 0.000278595 35.4358 10.4739
387 0.0044377 0.00353446 0.00318892 0.000278595 35.4358 10.4739
388 0.00452682 0.00618011 0.00318892 0.000278595 35.4358 10.4739
389 0.00459254 0.00835004 0.00318892 0.000278595 35.4358 10.4739
390 0.00457426 0.00868235 0.00318892 0.000278595 35.4358 10.4739
391 0.00459671 0.00455955 0.00318892 0.000278595 35.4358 10.4739
392 0.00496324 0.00671946 0.00318892 0.000278595 35.4358 10.4739
393 0.00543155 0.00454426 0.00318892 0.000278595 35.4358 10.4739
394 0.00478975 0.00775119 0.00318892 0.000278595 35.4358 10.4739
395 0.00503443 0.00649622 0.00318892 0.000278595 35.4358 10.4739
396 0.00489574 0.00465032 0.00318892 0.000278595 35.4358 10.4739
397 0.00525251 0.00812014 0.00318892 0.000278595 35.4358 10.4739
398 0.00536943 0.00466119 0.00318892 0.000278595 35.4358 10.4739
399 0.00429344 0.00559799 0.00318892 0.000278595 35.4358 10.4739
400 0.00447884 0.00425037 0.00318892 0.000278595 35.4358 10.4739
401 0.00470048 0.00486387 0.00318892 0.000278595 35.4358 10.4739
402 0.00457233 0.00464345 0.00318892 0.000278595 35.4358 10.4739
403 0.00457454 0.00464451 0.00318892 0.000278595 35.4358 10.4739
404 0.00431908 0.00467818 0.00318892 0.000278595 35.4358 10.4739
405 0.00556795 0.00525928 0.00318892 0.000278595 35.4358 10.4739
406 0.00492709 0.00358555 0.00318892 0.000278595 35.4358 10.4739
407 0.00442558 0.00548558 0.00318892 0.000278595 35.4358 10.4739
408 0.00437807 0.00791965 0.00318892 0.000278595 35.4358 10.4739
409 0.00549172 0.00445412 0.00318892 0.000278595 35.4358 10.4739
410 0.00514454 0.00395574 0.00318892 0.000278595 35.4358 10.4739
411 0.00468311 0.00420601 0.00318892 0.000278595 35.4358 10.4739
412 0.00566791 0.00452189 0.00318892 0.000278595 35.4358 10.4739
413 0.0046276 0.00533276 0.00318892 0.000278595 35.4358 10.4739
414 0.0049262 0.0038902 0.00318892 0.000278595 35.4358 10.4739
415 0.0070061 0.00461562 0.00318892 0.000278595 35.4358 10.4739
416 0.00358317 0.00437634 0.00318892 0.000278595 35.4358 10.4739
417 0.00451067 0.00905347 0.00318892 0.000278595 35.4358 10.4739
418 0.00539689 0.00569322 0.00318892 0.000278595 35.4358 10.4739
419 0.00550426 0.00388586 0.00318892 0.000278595 35.4358 10.4739
420 0.00460623 0.00356192 0.00318892 0.000278595 35.4358 10.4739
421 0.00505713 0.00469912 0.00318892 0.000278595 35.4358 10.4739
422 0.00538288 0.00647886 0.00318892 0.000278595 35.4358 10.4739
423 0.00523452 0.0051765 0.00318892 0.000278595 35.4358 10.4739
424 0.00543484 0.0179149 0.00318892 0.000278595 35.4358 10.4739
425 0.00473019 0.00667947 0.00318892 0.000278595 35.4358 10.4739
426 0.00551121 0.0131505 0.00318892 0.000278595 35.4358 10.4739
427 0.00484541 0.00460349 0.00318892 0.000278595 35.4358 10.4739
428 0.00495203 0.0115733 0.00318892 0.000278595 35.4358 10.4739
429 0.00279257 0.00372344 0.00318892 0.000278595 35.4358 10.4739
430 0.00265986 0.00495388 0.00318892 0.000278595 35.4358 10.4739
431 0.00300424 0.00412331 0.00318892 0.000278595 35.4358 10.4739
432 0.00290963 0.00429266 0.00318892 0.000278595 35.4358 10.4739
433 0.00334361 0.00348484 0.00318892 0.000278595 35.4358 10.4739
434 0.00305047 0.00334946 0.00318892 0.000278595 35.4358 10.4739
435 0.00309463 0.00368931 0.00318892 0.000278595 35.4358 10.4739
436 0.00307376 0.00417 0.00318892 0.000278595 35.4358 10.4739
437 0.00316611 0.00399404 0.00318892 0.000278595 35.4358 10.4739
438 0.00328229 0.00608644 0.00318892 0.000278595 35.4358 10.4739
439 0.00315943 0.0057316 0.00318892 0.000278595 35.4358 10.4739
440 0.00345046 0.00533953 0.00318892 0.000278595 35.4358 10.4739
441 0.00299545 0.00304588 0.00318892 0.000278595 35.4358 10.4739
442 0.00339007 0.00306487 0.00304588 0.000284562 34.6319 10.5854
443 0.0030887 0.00383873 0.00304588 0.000284562 34.6319 10.5854
444 0.00321344 0.00319286 0.00304588 0.000284562 34.6319 10.5854
445 0.00349974 0.00337208 0.00304588 0.000284562 34.6319 10.5854
446 0.0030188 0.00437656 0.00304588 0.000284562 34.6319 10.5854
447 0.00309864 0.00352847 0.00304588 0.000284562 34.6319 10.5854
448 0.00302047 0.0048007 0.00304588 0.000284562 34.6319 10.5854
449 0.00330458 0.00361051 0.00304588 0.000284562 34.6319 10.5854
450 0.00301916 0.0060489 0.00304588 0.000284562 34.6319 10.5854
451 0.00328518 0.00344529 0.00304588 0.000284562 34.6319 10.5854
452 0.00313067 0.0039866 0.00304588 0.000284562 34.6319 10.5854
453 0.00326258 0.00336335 0.00304588 0.000284562 34.6319 10.5854
454 0.00348281 0.00324527 0.00304588 0.000284562 34.6319 10.5854
455 0.00313014 0.00352338 0.00304588 0.000284562 34.6319 10.5854
456 0.00329813 0.00414726 0.00304588 0.000284562 34.6319 10.5854
457 0.0035932 0.00400114 0.00304588 0.000284562 34.6319 10.5854
458 0.00333242 0.00461906 0.00304588 0.000284562 34.6319 10.5854
459 0.00373641 0.0033707 0.00304588 0.000284562 34.6319 10.5854
460 0.00299632 0.00437546 0.00304588 0.000284562 34.6319 10.5854
461 0.00305593 0.00321053 0.00304588 0.000284562 34.6319 10.5854
462 0.00362067 0.00352424 0.00304588 0.000284562 34.6319 10.5854
463 0.00334137 0.00412369 0.00304588 0.000284562 34.6319 10.5854
464 0.00322458 0.00482262 0.00304588 0.000284562 34.6319 10.5854
465 0.00331463 0.00673834 0.00304588 0.000284562 34.6319 10.5854
466 0.00303707 0.00375092 0.00304588 0.000284562 34.6319 10.5854
467 0.00389335 0.0050536 0.00304588 0.000284562 34.6319 10.5854
468 0.00326892 0.00399586 0.00304588 0.000284562 34.6319 10.5854
469 0.0034717 0.00390771 0.00304588 0.000284562 34.6319 10.5854
470 0.00360658 0.0043849 0.00304588 0.000284562 34.6319 10.5854
471 0.00302774 0.00341761 0.00304588 0.000284562 34.6319 10.5854
472 0.00336128 0.00398669 0.00304588 0.000284562 34.6319 10.5854
473 0.00335703 0.00442846 0.00304588 0.000284562 34.6319 10.5854
474 0.00355577 0.00505515 0.00304588 0.000284562 34.6319 10.5854
475 0.00333581 0.00332301 0.00304588 0.000284562 34.6319 10.5854
476 0.00311005 0.00345861 0.00304588 0.000284562 34.6319 10.5854
477 0.00331169 0.0042515 0.00304588 0.000284562 34.6319 10.5854
478 0.00359041 0.00468998 0.00304588 0.000284562 34.6319 10.5854
479 0.00318729 0.00425779 0.00304588 0.000284562 34.6319 10.5854
480 0.00361628 0.0033905 0.00304588 0.000284562 34.6319 10.5854
481 0.00351139 0.00430215 0.00304588 0.000284562 34.6319 10.5854
482 0.00356706 0.00626398 0.00304588 0.000284562 34.6319 10.5854
483 0.00337309 0.00546074 0.00304588 0.000284562 34.6319 10.5854
484 0.00339851 0.00400497 0.00304588 0.000284562 34.6319 10.5854
485 0.00327191 0.00342016 0.00304588 0.000284562 34.6319 10.5854
486 0.0036051 0.00506932 0.00304588 0.000284562 34.6319 10.5854
487 0.00329474 0.00344892 0.00304588 0.000284562 34.6319 10.5854
488 0.00353486 0.00413888 0.00304588 0.000284562 34.6319 10.5854
489 0.00360601 0.00503614 0.00304588 0.000284562 34.6319 10.5854
490 0.00350716 0.00426235 0.00304588 0.000284562 34.6319 10.5854
491 0.00338478 0.00297432 0.00304588 0.000284562 34.6319 10.5854
492 0.00354351 0.00480147 0.00297432 0.000278193 34.2227 10.4663
493 0.00340362 0.00381139 0.00297432 0.000278193 34.2227 10.4663
494 0.00389453 0.00484375 0.00297432 0.000278193 34.2227 10.4663
495 0.00318462 0.00420396 0.00297432 0.000278193 34.2227 10.4663
496 0.00331426 0.00336433 0.00297432 0.000278193 34.2227 10.4663
497 0.00345985 0.00468121 0.00297432 0.000278193 34.2227 10.4663
498 0.00361182 0.00429768 0.00297432 0.000278193 34.2227 10.4663
499 0.00385152 0.0047507 0.00297432 0.000278193 34.2227 10.4663
500 0.00366895 0.00517196 0.00297432 0.000278193 34.2227 10.4663
501 0.00373102 0.00446902 0.00297432 0.000278193 34.2227 10.4663
502 0.00316866 0.00354534 0.00297432 0.000278193 34.2227 10.4663
503 0.00375498 0.00440159 0.00297432 0.000278193 34.2227 10.4663
504 0.00386587 0.00338301 0.00297432 0.000278193 34.2227 10.4663
505 0.00353896 0.00895253 0.00297432 0.000278193 34.2227 10.4663
506 0.00355513 0.00503915 0.00297432 0.000278193 34.2227 10.4663
507 0.0036596 0.00526143 0.00297432 0.000278193 34.2227 10.4663
508 0.00340973 0.00395016 0.00297432 0.000278193 34.2227 10.4663
509 0.00347621 0.0033444 0.00297432 0.000278193 34.2227 10.4663
510 0.00359216 0.00572701 0.00297432 0.000278193 34.2227 10.4663
511 0.00384697 0.00557797 0.00297432 0.000278193 34.2227 10.4663
512 0.00381885 0.00407197 0.00297432 0.000278193 34.2227 10.4663
513 0.00327589 0.00676824 0.00297432 0.000278193 34.2227 10.4663
514 0.00395255 0.00371892 0.00297432 0.000278193 34.2227 10.4663
515 0.00353882 0.0050981 0.00297432 0.000278193 34.2227 10.4663
516 0.00354085 0.00383722 0.00297432 0.000278193 34.2227 10.4663
517 0.00343872 0.00396122 0.00297432 0.000278193 34.2227 10.4663
518 0.00379689 0.00333133 0.00297432 0.000278193 34.2227 10.4663
519 0.00355428 0.00361527 0.00297432 0.000278193 34.2227 10.4663
520 0.00351926 0.00502688 0.00297432 0.000278193 34.2227 10.4663
521 0.00371932 0.00855669 0.00297432 0.000278193 34.2227 10.4663
522 0.00406983 0.00465373 0.00297432 0.000278193 34.2227 10.4663
523 0.0036349 0.00386511 0.00297432 0.000278193 34.2227 10.4663
524 0.0046832 0.0041828 0.00297432 0.000278193 34.2227 10.4663
525 0.00373006 0.00389983 0.00297432 0.000278193 34.2227 10.4663
526 0.00353672 0.00448499 0.00297432 0.000278193 34.2227 10.4663
527 0.00342969 0.00385487 0.00297432 0.000278193 34.2227 10.4663
528 0.00347757 0.00395601 0.00297432 0.000278193 34.2227 10.4663
529 0.00387042 0.00395928 0.00297432 0.000278193 34.2227 10.4663
530 0.00413914 0.00465376 0.00297432 0.000278193 34.2227 10.4663
531 0.00372415 0.0054811 0.00297432 0.000278193 34.2227 10.4663
532 0.00364362 0.00568918 0.00297432 0.000278193 34.2227 10.4663
533 0.00361919 0.00328492 0.00297432 0.000278193 34.2227 10.4663
534 0.00391481 0.00467843 0.00297432 0.000278193 34.2227 10.4663
535 0.00385098 0.00320021 0.00297432 0.000278193 34.2227 10.4663
536 0.00343301 0.00576 0.00297432 0.000278193 34.2227 10.4663
537 0.00418775 0.00356426 0.00297432 0.000278193 34.2227 10.4663
538 0.00390801 0.00320568 0.00297432 0.000278193 34.2227 10.4663
539 0.00340786 0.00349204 0.00297432 0.000278193 34.2227 10.4663
540 0.003521 0.00431656 0.00297432 0.000278193 34.2227 10.4663
541 0.00366854 0.00920028 0.00297432 0.000278193 34.2227 10.4663
542 0.0039193 0.00470617 0.00297432 0.000278193 34.2227 10.4663
543 0.00356753 0.00329513 0.00297432 0.000278193 34.2227 10.4663
544 0.00338196 0.00365504 0.00297432 0.000278193 34.2227 10.4663
545 0.00425073 0.00614199 0.00297432 0.000278193 34.2227 10.4663
546 0.00386036 0.00376895 0.00297432 0.000278193 34.2227 10.4663
547 0.00434489 0.00584862 0.00297432 0.000278193 34.2227 10.4663
548 0.00346583 0.00459946 0.00297432 0.000278193 34.2227 10.4663
549 0.003841 0.00326882 0.00297432 0.000278193 34.2227 10.4663
550 0.00410523 0.00489291 0.00297432 0.000278193 34.2227 10.4663
551 0.00352924 0.00635563 0.00297432 0.000278193 34.2227 10.4663
552 0.00408554 0.00467673 0.00297432 0.000278193 34.2227 10.4663
553 0.00419306 0.00528843 0.00297432 0.000278193 34.2227 10.4663
554 0.00391088 0.0039488 0.00297432 0.000278193 34.2227 10.4663
555 0.00410077 0.00340915 0.00297432 0.000278193 34.2227 10.4663
556 0.00369429 0.00339784 0.00297432 0.000278193 34.2227 10.4663
557 0.00400877 0.00481129 0.00297432 0.000278193 34.2227 10.4663
558 0.00354553 0.00755767 0.00297432 0.000278193 34.2227 10.4663
559 0.00400317 0.0223113 0.00297432 0.000278193 34.2227 10.4663
560 0.00442102 0.00350907 0.00297432 0.000278193 34.2227 10.4663
561 0.0035093 0.0041986 0.00297432 0.000278193 34.2227 10.4663
562 0.00402898 0.00395672 0.00297432 0.000278193 34.2227 10.4663
563 0.00375822 0.00375451 0.00297432 0.000278193 34.2227 10.4663
564 0.00422747 0.00422165 0.00297432 0.000278193 34.2227 10.4663
565 0.00402511 0.00587752 0.00297432 0.000278193 34.2227 10.4663
566 0.00407197 0.00816753 0.00297432 0.000278193 34.2227 10.4663
567 0.00381248 0.00716834 0.00297432 0.000278193 34.2227 10.4663
568 0.00396311 0.00418043 0.00297432 0.000278193 34.2227 10.4663
569 0.00394102 0.00362396 0.00297432 0.000278193 34.2227 10.4663
570 0.00409405 0.00407419 0.00297432 0.000278193 34.2227 10.4663
571 0.00384615 0.0050036 0.00297432 0.000278193 34.2227 10.4663
572 0.00361676 0.00470121 0.00297432 0.000278193 34.2227 10.4663
573 0.00433484 0.00607571 0.00297432 0.000278193 34.2227 10.4663
574 0.00402154 0.00543991 0.00297432 0.000278193 34.2227 10.4663
575 0.00372702 0.00582191 0.00297432 0.000278193 34.2227 10.4663
576 0.00440885 0.00399096 0.00297432 0.000278193 34.2227 10.4663
577 0.0038196 0.00451319 0.00297432 0.000278193 34.2227 10.4663
578 0.0049215 0.00447573 0.00297432 0.000278193 34.2227 10.4663
579 0.00370236 0.00803548 0.00297432 0.000278193 34.2227 10.4663
580 0.00381587 0.00400496 0.00297432 0.000278193 34.2227 10.4663
581 0.00435836 0.00484559 0.00297432 0.000278193 34.2227 10.4663
582 0.00407856 0.00441958 0.00297432 0.000278193 34.2227 10.4663
583 0.00408113 0.00531134 0.00297432 0.000278193 34.2227 10.4663
584 0.003908 0.0046537 0.00297432 0.000278193 34.2227 10.4663
585 0.00416035 0.00365677 0.00297432 0.000278193 34.2227 10.4663
586 0.00398939 0.00634947 0.00297432 0.000278193 34.2227 10.4663
587 0.00412292 0.00444052 0.00297432 0.000278193 34.2227 10.4663
588 0.00382831 0.00690904 0.00297432 0.000278193 34.2227 10.4663
589 0.0042625 0.00394992 0.00297432 0.000278193 34.2227 10.4663
590 0.00434627 0.00409253 0.00297432 0.000278193 34.2227 10.4663
591 0.00364459 0.00362269 0.00297432 0.000278193 34.2227 10.4663
592 0.0023976 0.00325625 0.00297432 0.000278193 34.2227 10.4663
593 0.00249739 0.00318402 0.00297432 0.000278193 34.2227 10.4663
594 0.00283993 0.00412437 0.00297432 0.000278193 34.2227 10.4663
595 0.00300763 0.00318232 0.00297432 0.000278193 34.2227 10.4663
596 0.00255373 0.00323674 0.00297432 0.000278193 34.2227 10.4663
597 0.00267398 0.00400224 0.00297432 0.000278193 34.2227 10.4663
598 0.00270617 0.00409065 0.00297432 0.000278193 34.2227 10.4663
599 0.00262689 0.0037792 0.00297432 0.000278193 34.2227 10.4663
600 0.00273004 0.00355779 0.00297432 0.000278193 34.2227 10.4663
601 0.00282821 0.00327114 0.00297432 0.000278193 34.2227 10.4663
602 0.00271366 0.00446308 0.00297432 0.000278193 34.2227 10.4663
603 0.00277106 0.00306932 0.00297432 0.000278193 34.2227 10.4663
604 0.00275539 0.00330458 0.00297432 0.000278193 34.2227 10.4663
605 0.00280522 0.00406127 0.00297432 0.000278193 34.2227 10.4663
606 0.00287136 0.00434171 0.00297432 0.000278193 34.2227 10.4663
607 0.00269613 0.00438151 0.00297432 0.000278193 34.2227 10.4663
608 0.0026911 0.00489312 0.00297432 0.000278193 34.2227 10.4663
609 0.00269775 0.00303894 0.00297432 0.000278193 34.2227 10.4663
610 0.00279269 0.00336702 0.00297432 0.000278193 34.2227 10.4663
611 0.0028816 0.00749907 0.00297432 0.000278193 34.2227 10.4663
612 0.00297339 0.0034701 0.00297432 0.000278193 34.2227 10.4663
613 0.00297003 0.00412149 0.00297432 0.000278193 34.2227 10.4663
614 0.00279012 0.00484413 0.00297432 0.000278193 34.2227 10.4663
615 0.00301056 0.00372713 0.00297432 0.000278193 34.2227 10.4663
616 0.00290327 0.00439093 0.00297432 0.000278193 34.2227 10.4663
617 0.00304315 0.00402608 0.00297432 0.000278193 34.2227 10.4663
618 0.00263582 0.00346706 0.00297432 0.000278193 34.2227 10.4663
619 0.00292414 0.00308727 0.00297432 0.000278193 34.2227 10.4663
620 0.00282936 0.0035528 0.00297432 0.000278193 34.2227 10.4663
621 0.00290845 0.00467704 0.00297432 0.000278193 34.2227 10.4663
622 0.00291505 0.00422297 0.00297432 0.000278193 34.2227 10.4663
623 0.00281636 0.00368023 0.00297432 0.000278193 34.2227 10.4663
624 0.0027716 0.00447917 0.00297432 0.000278193 34.2227 10.4663
625 0.0028366 0.00337916 0.00297432 0.000278193 34.2227 10.4663
626 0.0030506 0.00321579 0.00297432 0.000278193 34.2227 10.4663
627 0.0027611 0.00329661 0.00297432 0.000278193 34.2227 10.4663
628 0.0027196 0.00298284 0.00297432 0.000278193 34.2227 10.4663
629 0.00327281 0.00315004 0.00297432 0.000278193 34.2227 10.4663
630 0.00292629 0.0034942 0.00297432 0.000278193 34.2227 10.4663
631 0.00314669 0.00307894 0.00297432 0.000278193 34.2227 10.4663
632 0.00290753 0.00312964 0.00297432 0.000278193 34.2227 10.4663
633 0.00272485 0.00300694 0.00297432 0.000278193 34.2227 10.4663
634 0.00270343 0.00331634 0.00297432 0.000278193 34.2227 10.4663
635 0.00288851 0.00345569 0.00297432 0.000278193 34.2227 10.4663
636 0.00296447 0.00350249 0.00297432 0.000278193 34.2227 10.4663
637 0.00334026 0.00429304 0.00297432 0.000278193 34.2227 10.4663
638 0.00278958 0.00378212 0.00297432 0.000278193 34.2227 10.4663
639 0.00298762 0.00546968 0.00297432 0.000278193 34.2227 10.4663
640 0.00319027 0.00495916 0.00297432 0.000278193 34.2227 10.4663
641 0.00290736 0.00408628 0.00297432 0.000278193 34.2227 10.4663
642 0.00288131 0.0034858 0.00297432 0.000278193 34.2227 10.4663
643 0.00292882 0.00404593 0.00297432 0.000278193 34.2227 10.4663
644 0.00290755 0.00441531 0.00297432 0.000278193 34.2227 10.4663
645 0.00313861 0.00333608 0.00297432 0.000278193 34.2227 10.4663
646 0.00321713 0.003482 0.00297432 0.000278193 34.2227 10.4663
647 0.00291622 0.00332271 0.00297432 0.000278193 34.2227 10.4663
648 0.0030285 0.00341615 0.00297432 0.000278193 34.2227 10.4663
649 0.00289362 0.00366772 0.00297432 0.000278193 34.2227 10.4663
650 0.00353585 0.00302659 0.00297432 0.000278193 34.2227 10.4663
651 0.00290511 0.00401971 0.00297432 0.000278193 34.2227 10.4663
652 0.00283528 0.00394636 0.00297432 0.000278193 34.2227 10.4663
653 0.00353918 0.00429821 0.00297432 0.000278193 34.2227 10.4663
654 0.00288923 0.00629744 0.00297432 0.000278193 34.2227 10.4663
655 0.00297792 0.00367365 0.00297432 0.000278193 34.2227 10.4663
656 0.00310978 0.0042039 0.00297432 0.000278193 34.2227 10.4663
657 0.00285449 0.00386118 0.00297432 0.000278193 34.2227 10.4663
658 0.00333929 0.00806538 0.00297432 0.000278193 34.2227 10.4663
659 0.00308874 0.00342458 0.00297432 0.000278193 34.2227 10.4663
660 0.00312528 0.00332626 0.00297432 0.000278193 34.2227 10.4663
661 0.00352909 0.00428836 0.00297432 0.000278193 34.2227 10.4663
662 0.00290107 0.00456365 0.00297432 0.000278193 34.2227 10.4663
663 0.00302383 0.00412682 0.00297432 0.000278193 34.2227 10.4663
664 0.00310585 0.00347183 0.00297432 0.000278193 34.2227 10.4663
665 0.00298303 0.00338824 0.00297432 0.000278193 34.2227 10.4663
666 0.00352302 0.00398177 0.00297432 0.000278193 34.2227 10.4663
667 0.00316 0.0048787 0.00297432 0.000278193 34.2227 10.4663
668 0.00335905 0.00446408 0.00297432 0.000278193 34.2227 10.4663
669 0.00298803 0.00330555 0.00297432 0.000278193 34.2227 10.4663
670 0.00298009 0.00419546 0.00297432 0.000278193 34.2227 10.4663
671 0.00322504 0.00341279 0.00297432 0.000278193 34.2227 10.4663
672 0.00321551 0.00472584 0.00297432 0.000278193 34.2227 10.4663
673 0.00308903 0.00414532 0.00297432 0.000278193 34.2227 10.4663
674 0.00313847 0.00343156 0.00297432 0.000278193 34.2227 10.4663
675 0.00316308 0.00388154 0.00297432 0.000278193 34.2227 10.4663
676 0.00328532 0.00361451 0.00297432 0.000278193 34.2227 10.4663
677 0.0029454 0.00350568 0.00297432 0.000278193 34.2227 10.4663
678 0.00314485 0.00290231 0.00297432 0.000278193 34.2227 10.4663
679 0.00303184 0.00399509 0.00290231 0.000268865 33.8059 10.2893
680 0.00336073 0.00668276 0.00290231 0.000268865 33.8059 10.2893
681 0.00342167 0.0036439 0.00290231 0.000268865 33.8059 10.2893
682 0.00315763 0.00335967 0.00290231 0.000268865 33.8059 10.2893
683 0.00315668 0.00400203 0.00290231 0.000268865 33.8059 10.2893
684 0.00341031 0.00379611 0.00290231 0.000268865 33.8059 10.2893
685 0.00304382 0.00581301 0.00290231 0.000268865 33.8059 10.2893
686 0.00311325 0.00373151 0.00290231 0.000268865 33.8059 10.2893
687 0.00367098 0.00290893 0.00290231 0.000268865 33.8059 10.2893
688 0.00316188 0.00344079 0.00290231 0.000268865 33.8059 10.2893
689 0.00309623 0.00308076 0.00290231 0.000268865 33.8059 10.2893
690 0.00315266 0.00304409 0.00290231 0.000268865 33.8059 10.2893
691 0.00363462 0.0036635 0.00290231 0.000268865 33.8059 10.2893
692 0.00322319 0.00466672 0.00290231 0.000268865 33.8059 10.2893
693 0.00337445 0.00600623 0.00290231 0.000268865 33.8059 10.2893
694 0.00319729 0.00322618 0.00290231 0.000268865 33.8059 10.2893
695 0.00310309 0.00664451 0.00290231 0.000268865 33.8059 10.2893
696 0.00344199 0.00593832 0.00290231 0.000268865 33.8059 10.2893
697 0.00346006 0.00494472 0.00290231 0.000268865 33.8059 10.2893
698 0.00321617 0.00327519 0.00290231 0.000268865 33.8059 10.2893
699 0.00358458 0.00358137 0.00290231 0.000268865 33.8059 10.2893
700 0.00337582 0.00423096 0.00290231 0.000268865 33.8059 10.2893
701 0.00316152 0.00385683 0.00290231 0.000268865 33.8059 10.2893
702 0.00342075 0.00775811 0.00290231 0.000268865 33.8059 10.2893
703 0.00326855 0.00435421 0.00290231 0.000268865 33.8059 10.2893
704 0.00338623 0.00611806 0.00290231 0.000268865 33.8059 10.2893
705 0.00330745 0.00389236 0.00290231 0.000268865 33.8059 10.2893
706 0.00380852 0.00372124 0.00290231 0.000268865 33.8059 10.2893
707 0.00387194 0.00556061 0.00290231 0.000268865 33.8059 10.2893
708 0.00352433 0.00347067 0.00290231 0.000268865 33.8059 10.2893
709 0.00323408 0.00402825 0.00290231 0.000268865 33.8059 10.2893
710 0.00313005 0.00685933 0.00290231 0.000268865 33.8059 10.2893
711 0.0036288 0.00334804 0.00290231 0.000268865 33.8059 10.2893
712 0.0037655 0.00398423 0.00290231 0.000268865 33.8059 10.2893
713 0.00300383 0.00556122 0.00290231 0.000268865 33.8059 10.2893
714 0.00325656 0.00478162 0.00290231 0.000268865 33.8059 10.2893
715 0.00384018 0.00443687 0.00290231 0.000268865 33.8059 10.2893
716 0.00339719 0.00348665 0.00290231 0.000268865 33.8059 10.2893
717 0.00312846 0.00397864 0.00290231 0.000268865 33.8059 10.2893
718 0.00366909 0.00347223 0.00290231 0.000268865 33.8059 10.2893
719 0.00318075 0.00423642 0.00290231 0.000268865 33.8059 10.2893
720 0.00426109 0.0031723 0.00290231 0.000268865 33.8059 10.2893
721 0.00311824 0.00398276 0.00290231 0.000268865 33.8059 10.2893
722 0.0040892 0.00697115 0.00290231 0.000268865 33.8059 10.2893
723 0.00339314 0.00340253 0.00290231 0.000268865 33.8059 10.2893
724 0.00356672 0.00330245 0.00290231 0.000268865 33.8059 10.2893
725 0.00363307 0.00573381 0.00290231 0.000268865 33.8059 10.2893
726 0.00318103 0.00851915 0.00290231 0.000268865 33.8059 10.2893
727 0.00363607 0.00601923 0.00290231 0.000268865 33.8059 10.2893
728 0.00338799 0.00398279 0.00290231 0.000268865 33.8059 10.2893
729 0.00339792 0.00361535 0.00290231 0.000268865 33.8059 10.2893
730 0.00363811 0.00305435 0.00290231 0.000268865 33.8059 10.2893
731 0.00388179 0.00363486 0.00290231 0.000268865 33.8059 10.2893
732 0.00340119 0.00551894 0.00290231 0.000268865 33.8059 10.2893
733 0.00342652 0.00286205 0.00290231 0.000268865 33.8059 10.2893
734 0.00383297 0.00351664 0.00286205 0.000267394 33.5706 10.2612
735 0.00348641 0.00648143 0.00286205 0.000267394 33.5706 10.2612
736 0.0036565 0.0039912 0.00286205 0.000267394 33.5706 10.2612
737 0.00380783 0.00446091 0.00286205 0.000267394 33.5706 10.2612
738 0.00314304 0.00683091 0.00286205 0.000267394 33.5706 10.2612
739 0.00375196 0.00445554 0.00286205 0.000267394 33.5706 10.2612
740 0.00371845 0.00639263 0.00286205 0.000267394 33.5706 10.2612
741 0.00398789 0.00329479 0.00286205 0.000267394 33.5706 10.2612
742 0.00346486 0.00461897 0.00286205 0.000267394 33.5706 10.2612
743 0.00342763 0.00339687 0.00286205 0.000267394 33.5706 10.2612
744 0.00390285 0.00308618 0.00286205 0.000267394 33.5706 10.2612
745 0.00345778 0.00596874 0.00286205 0.000267394 33.5706 10.2612
746 0.00360782 0.00387713 0.00286205 0.000267394 33.5706 10.2612
747 0.00354583 0.00427873 0.00286205 0.000267394 33.5706 10.2612
748 0.00356876 0.00333901 0.00286205 0.000267394 33.5706 10.2612
749 0.00400585 0.00408407 0.00286205 0.000267394 33.5706 10.2612
750 0.00372241 0.00547331 0.00286205 0.000267394 33.5706 10.2612
751 0.00363356 0.0056851 0.00286205 0.000267394 33.5706 10.2612
752 0.00346445 0.00413342 0.00286205 0.000267394 33.5706 10.2612
753 0.00335024 0.0043962 0.00286205 0.000267394 33.5706 10.2612
754 0.00381312 0.00460131 0.00286205 0.000267394 33.5706 10.2612
755 0.00369886 0.00323532 0.00286205 0.000267394 33.5706 10.2612
756 0.00400073 0.00501764 0.00286205 0.000267394 33.5706 10.2612
757 0.00346729 0.00349559 0.00286205 0.000267394 33.5706 10.2612
758 0.00379113 0.00745067 0.00286205 0.000267394 33.5706 10.2612
759 0.00366605 0.00359265 0.00286205 0.000267394 33.5706 10.2612
760 0.00394426 0.00416774 0.00286205 0.000267394 33.5706 10.2612
761 0.00379308 0.00417889 0.00286205 0.000267394 33.5706 10.2612
762 0.00374898 0.00567458 0.00286205 0.000267394 33.5706 10.2612
763 0.00372845 0.00722176 0.00286205 0.000267394 33.5706 10.2612
764 0.0037788 0.00604989 0.00286205 0.000267394 33.5706 10.2612
765 0.00335411 0.00525665 0.00286205 0.000267394 33.5706 10.2612
766 0.004161 0.00370839 0.00286205 0.000267394 33.5706 10.2612
767 0.0036215 0.00456679 0.00286205 0.000267394 33.5706 10.2612
768 0.00419139 0.00382248 0.00286205 0.000267394 33.5706 10.2612
769 0.00415756 0.00571639 0.00286205 0.000267394 33.5706 10.2612
770 0.00352664 0.00500525 0.00286205 0.000267394 33.5706 10.2612
771 0.00455364 0.00370679 0.00286205 0.000267394 33.5706 10.2612
772 0.00330927 0.00448761 0.00286205 0.000267394 33.5706 10.2612
773 0.00405555 0.00626629 0.00286205 0.000267394 33.5706 10.2612
774 0.0041432 0.00443959 0.00286205 0.000267394 33.5706 10.2612
775 0.0034824 0.00526912 0.00286205 0.000267394 33.5706 10.2612
776 0.00346962 0.00612948 0.00286205 0.000267394 33.5706 10.2612
777 0.0034261 0.00501386 0.00286205 0.000267394 33.5706 10.2612
778 0.00397069 0.00373428 0.00286205 0.000267394 33.5706 10.2612
779 0.00364538 0.00392125 0.00286205 0.000267394 33.5706 10.2612
780 0.00405088 0.00430654 0.00286205 0.000267394 33.5706 10.2612
781 0.00374603 0.0079104 0.00286205 0.000267394 33.5706 10.2612
782 0.00417626 0.00628928 0.00286205 0.000267394 33.5706 10.2612
783 0.00392364 0.00538245 0.00286205 0.000267394 33.5706 10.2612
784 0.00385088 0.0116149 0.00286205 0.000267394 33.5706 10.2612
785 0.00398083 0.00382098 0.00286205 0.000267394 33.5706 10.2612
786 0.00357026 0.00437909 0.00286205 0.000267394 33.5706 10.2612
787 0.00361386 0.00568024 0.00286205 0.000267394 33.5706 10.2612
788 0.00376566 0.00407518 0.00286205 0.000267394 33.5706 10.2612
789 0.00413195 0.00398988 0.00286205 0.000267394 33.5706 10.2612
790 0.00394675 0.00543636 0.00286205 0.000267394 33.5706 10.2612
791 0.00376547 0.00359278 0.00286205 0.000267394 33.5706 10.2612
792 0.0034046 0.00396141 0.00286205 0.000267394 33.5706 10.2612
793 0.00417168 0.00404257 0.00286205 0.000267394 33.5706 10.2612
794 0.00390542 0.00398077 0.00286205 0.000267394 33.5706 10.2612
795 0.00402446 0.00346706 0.00286205 0.000267394 33.5706 10.2612
796 0.0035839 0.00355395 0.00286205 0.000267394 33.5706 10.2612
797 0.00431532 0.00387861 0.00286205 0.000267394 33.5706 10.2612
798 0.00393199 0.0039759 0.00286205 0.000267394 33.5706 10.2612
799 0.00371869 0.00529811 0.00286205 0.000267394 33.5706 10.2612
800 0.00380352 0.00442625 0.00286205 0.000267394 33.5706 10.2612
801 0.00421348 0.00672227 0.00286205 0.000267394 33.5706 10.2612
802 0.00357116 0.00364351 0.00286205 0.000267394 33.5706 10.2612
803 0.00409086 0.00389929 0.00286205 0.000267394 33.5706 10.2612
804 0.00384706 0.00388823 0.00286205 0.000267394 33.5706 10.2612
805 0.00406279 0.00354464 0.00286205 0.000267394 33.5706 10.2612
806 0.004072 0.00507186 0.00286205 0.000267394 33.5706 10.2612
807 0.00406156 0.00403734 0.00286205 0.000267394 33.5706 10.2612
808 0.00364479 0.00375907 0.00286205 0.000267394 33.5706 10.2612
809 0.00492851 0.00746855 0.00286205 0.000267394 33.5706 10.2612
810 0.00409487 0.00323647 0.00286205 0.000267394 33.5706 10.2612
811 0.00334415 0.00517007 0.00286205 0.000267394 33.5706 10.2612
812 0.00478278 0.00561501 0.00286205 0.000267394 33.5706 10.2612
813 0.00420991 0.00370418 0.00286205 0.000267394 33.5706 10.2612
814 0.00383305 0.00354135 0.00286205 0.000267394 33.5706 10.2612
815 0.00409077 0.00341597 0.00286205 0.000267394 33.5706 10.2612
816 0.00391118 0.0046698 0.00286205 0.000267394 33.5706 10.2612
817 0.00417018 0.00399607 0.00286205 0.000267394 33.5706 10.2612
818 0.00382842 0.0102343 0.00286205 0.000267394 33.5706 10.2612
819 0.0050486 0.00345569 0.00286205 0.000267394 33.5706 10.2612
820 0.00365673 0.00553759 0.00286205 0.000267394 33.5706 10.2612
821 0.0035716 0.00360117 0.00286205 0.000267394 33.5706 10.2612
822 0.00449803 0.00558213 0.00286205 0.000267394 33.5706 10.2612
823 0.00426888 0.0039159 0.00286205 0.000267394 33.5706 10.2612
824 0.00433166 0.00642723 0.00286205 0.000267394 33.5706 10.2612
825 0.00407593 0.00338059 0.00286205 0.000267394 33.5706 10.2612
826 0.00435006 0.00392629 0.00286205 0.000267394 33.5706 10.2612
827 0.00389252 0.00355386 0.00286205 0.000267394 33.5706 10.2612
828 0.00350269 0.00475548 0.00286205 0.000267394 33.5706 10.2612
829 0.00440267 0.00939373 0.00286205 0.000267394 33.5706 10.2612
830 0.00451344 0.00448437 0.00286205 0.000267394 33.5706 10.2612
831 0.00408743 0.00435149 0.00286205 0.000267394 33.5706 10.2612
832 0.00357792 0.00341354 0.00286205 0.000267394 33.5706 10.2612
833 0.00460766 0.00346623 0.00286205 0.000267394 33.5706 10.2612
834 0.00234817 0.00325141 0.00286205 0.000267394 33.5706 10.2612
835 0.00261159 0.00364652 0.00286205 0.000267394 33.5706 10.2612
836 0.00247884 0.00345407 0.00286205 0.000267394 33.5706 10.2612
837 0.00273104 0.00317106 0.00286205 0.000267394 33.5706 10.2612
838 0.00278887 0.00465803 0.00286205 0.000267394 33.5706 10.2612
839 0.00289146 0.00388216 0.00286205 0.000267394 33.5706 10.2612
840 0.00283075 0.00335418 0.00286205 0.000267394 33.5706 10.2612
841 0.00269373 0.0032132 0.00286205 0.000267394 33.5706 10.2612
842 0.00270575 0.00460505 0.00286205 0.000267394 33.5706 10.2612
843 0.00296275 0.00541642 0.00286205 0.000267394 33.5706 10.2612
844 0.00263695 0.00338044 0.00286205 0.000267394 33.5706 10.2612
845 0.00299685 0.003413 0.00286205 0.000267394 33.5706 10.2612
846 0.00263359 0.00395434 0.00286205 0.000267394 33.5706 10.2612
847 0.00300628 0.00364053 0.00286205 0.000267394 33.5706 10.2612
848 0.00288827 0.00324221 0.00286205 0.000267394 33.5706 10.2612
849 0.00292024 0.0038116 0.00286205 0.000267394 33.5706 10.2612
850 0.00292674 0.00366825 0.00286205 0.000267394 33.5706 10.2612
851 0.00268657 0.00320793 0.00286205 0.000267394 33.5706 10.2612
852 0.00302055 0.00411374 0.00286205 0.000267394 33.5706 10.2612
853 0.00263929 0.00317111 0.00286205 0.000267394 33.5706 10.2612
854 0.00309717 0.00427882 0.00286205 0.000267394 33.5706 10.2612
855 0.00343693 0.00343187 0.00286205 0.000267394 33.5706 10.2612
856 0.00280239 0.00336074 0.00286205 0.000267394 33.5706 10.2612
857 0.00279023 0.00330169 0.00286205 0.000267394 33.5706 10.2612
858 0.00300262 0.00324193 0.00286205 0.000267394 33.5706 10.2612
859 0.00282423 0.00350344 0.00286205 0.000267394 33.5706 10.2612
860 0.00308387 0.00486896 0.00286205 0.000267394 33.5706 10.2612
861 0.00299287 0.00291159 0.00286205 0.000267394 33.5706 10.2612
862 0.00321573 0.00411634 0.00286205 0.000267394 33.5706 10.2612
863 0.00309231 0.00436573 0.00286205 0.000267394 33.5706 10.2612
864 0.00291625 0.00328735 0.00286205 0.000267394 33.5706 10.2612
865 0.00297243 0.0040681 0.00286205 0.000267394 33.5706 10.2612
866 0.00345889 0.00478205 0.00286205 0.000267394 33.5706 10.2612
867 0.00303287 0.00721572 0.00286205 0.000267394 33.5706 10.2612
868 0.00288545 0.00324748 0.00286205 0.000267394 33.5706 10.2612
869 0.00281804 0.00330131 0.00286205 0.000267394 33.5706 10.2612
870 0.00309804 0.00372337 0.00286205 0.000267394 33.5706 10.2612
871 0.00298534 0.00384456 0.00286205 0.000267394 33.5706 10.2612
872 0.00304754 0.00408211 0.00286205 0.000267394 33.5706 10.2612
873 0.00285839 0.00326094 0.00286205 0.000267394 33.5706 10.2612
874 0.00307649 0.00345172 0.00286205 0.000267394 33.5706 10.2612
875 0.00322141 0.00427918 0.00286205 0.000267394 33.5706 10.2612
876 0.00298155 0.00317684 0.00286205 0.000267394 33.5706 10.2612
877 0.00306362 0.00711052 0.00286205 0.000267394 33.5706 10.2612
878 0.00309155 0.00376452 0.00286205 0.000267394 33.5706 10.2612
879 0.00300863 0.00406766 0.00286205 0.000267394 33.5706 10.2612
880 0.00281433 0.00335512 0.00286205 0.000267394 33.5706 10.2612
881 0.00302371 0.00378896 0.00286205 0.000267394 33.5706 10.2612
882 0.00359799 0.00456094 0.00286205 0.000267394 33.5706 10.2612
883 0.00290617 0.00336914 0.00286205 0.000267394 33.5706 10.2612
884 0.00314162 0.00364482 0.00286205 0.000267394 33.5706 10.2612
885 0.00314788 0.00366637 0.00286205 0.000267394 33.5706 10.2612
886 0.00288641 0.00375141 0.00286205 0.000267394 33.5706 10.2612
887 0.00394497 0.00307552 0.00286205 0.000267394 33.5706 10.2612
888 0.00271789 0.00384381 0.00286205 0.000267394 33.5706 10.2612
889 0.00295173 0.00303628 0.00286205 0.000267394 33.5706 10.2612
890 0.00334459 0.00367016 0.00286205 0.000267394 33.5706 10.2612
891 0.00316695 0.00377593 0.00286205 0.000267394 33.5706 10.2612
892 0.00317946 0.00447807 0.00286205 0.000267394 33.5706 10.2612
893 0.00338067 0.00361729 0.00286205 0.000267394 33.5706 10.2612
894 0.00342529 0.00457563 0.00286205 0.000267394 33.5706 10.2612
895 0.00296565 0.00381915 0.00286205 0.000267394 33.5706 10.2612
896 0.00357787 0.00599798 0.00286205 0.000267394 33.5706 10.2612
897 0.00342728 0.00409179 0.00286205 0.000267394 33.5706 10.2612
898 0.00311427 0.00398622 0.00286205 0.000267394 33.5706 10.2612
899 0.00309513 0.00370548 0.00286205 0.000267394 33.5706 10.2612
900 0.00334049 0.00354904 0.00286205 0.000267394 33.5706 10.2612
901 0.00336737 0.00369234 0.00286205 0.000267394 33.5706 10.2612
902 0.00326443 0.00347191 0.00286205 0.000267394 33.5706 10.2612
903 0.00312507 0.00449176 0.00286205 0.000267394 33.5706 10.2612
904 0.00334024 0.00306614 0.00286205 0.000267394 33.5706 10.2612
905 0.00307785 0.00383551 0.00286205 0.000267394 33.5706 10.2612
906 0.00317684 0.00452458 0.00286205 0.000267394 33.5706 10.2612
907 0.00320391 0.00355912 0.00286205 0.000267394 33.5706 10.2612
908 0.00315785 0.00348405 0.00286205 0.000267394 33.5706 10.2612
909 0.00329513 0.00409417 0.00286205 0.000267394 33.5706 10.2612
910 0.00317012 0.00373645 0.00286205 0.000267394 33.5706 10.2612
911 0.00326765 0.00376834 0.00286205 0.000267394 33.5706 10.2612
912 0.00364744 0.00339694 0.00286205 0.000267394 33.5706 10.2612
913 0.00305858 0.0049088 0.00286205 0.000267394 33.5706 10.2612
914 0.00308069 0.00348117 0.00286205 0.000267394 33.5706 10.2612
915 0.00349344 0.00311248 0.00286205 0.000267394 33.5706 10.2612
916 0.0033105 0.00318148 0.00286205 0.000267394 33.5706 10.2612
917 0.00325515 0.00464816 0.00286205 0.000267394 33.5706 10.2612
918 0.00332485 0.00686971 0.00286205 0.000267394 33.5706 10.2612
919 0.00362671 0.00346889 0.00286205 0.000267394 33.5706 10.2612
920 0.00350595 0.00310426 0.00286205 0.000267394 33.5706 10.2612
921 0.00340818 0.00446608 0.00286205 0.000267394 33.5706 10.2612
922 0.0034903 0.00415723 0.00286205 0.000267394 33.5706 10.2612
923 0.00327907 0.00535819 0.00286205 0.000267394 33.5706 10.2612
924 0.00343241 0.00463394 0.00286205 0.000267394 33.5706 10.2612
925 0.00313678 0.00445279 0.00286205 0.000267394 33.5706 10.2612
926 0.00352104 0.00451426 0.00286205 0.000267394 33.5706 10.2612
927 0.0035745 0.00537942 0.00286205 0.000267394 33.5706 10.2612
928 0.00383924 0.00404848 0.00286205 0.000267394 33.5706 10.2612
929 0.00339245 0.00449434 0.00286205 0.000267394 33.5706 10.2612
930 0.00379224 0.00634054 0.00286205 0.000267394 33.5706 10.2612
931 0.00335345 0.00494024 0.00286205 0.000267394 33.5706 10.2612
932 0.00338876 0.00481743 0.00286205 0.000267394 33.5706 10.2612
933 0.00369401 0.00481613 0.00286205 0.000267394 33.5706 10.2612
934 0.00231936 0.00355748 0.00286205 0.000267394 33.5706 10.2612
935 0.00262215 0.00314411 0.00286205 0.000267394 33.5706 10.2612
936 0.00238016 0.00338747 0.00286205 0.000267394 33.5706 10.2612
937 0.00250934 0.00333799 0.00286205 0.000267394 33.5706 10.2612
938 0.00259565 0.00353383 0.00286205 0.000267394 33.5706 10.2612
939 0.00255582 0.00336288 0.00286205 0.000267394 33.5706 10.2612
940 0.00253055 0.00297746 0.00286205 0.000267394 33.5706 10.2612
941 0.00279137 0.00299071 0.00286205 0.000267394 33.5706 10.2612
942 0.00254806 0.00340439 0.00286205 0.000267394 33.5706 10.2612
943 0.00264977 0.0074204 0.00286205 0.000267394 33.5706 10.2612
944 0.00257274 0.00519889 0.00286205 0.000267394 33.5706 10.2612
945 0.00258574 0.00314914 0.00286205 0.000267394 33.5706 10.2612
946 0.0025671 0.00309341 0.00286205 0.000267394 33.5706 10.2612
947 0.00263769 0.00339759 0.00286205 0.000267394 33.5706 10.2612
948 0.00261908 0.00374788 0.00286205 0.000267394 33.5706 10.2612
949 0.00276027 0.003193 0.00286205 0.000267394 33.5706 10.2612
950 0.00263267 0.00332546 0.00286205 0.000267394 33.5706 10.2612
951 0.00276338 0.00578003 0.00286205 0.000267394 33.5706 10.2612
952 0.00268935 0.00384672 0.00286205 0.000267394 33.5706 10.2612
953 0.00261644 0.00384223 0.00286205 0.000267394 33.5706 10.2612
954 0.00267384 0.00328119 0.00286205 0.000267394 33.5706 10.2612
955 0.00291678 0.00474624 0.00286205 0.000267394 33.5706 10.2612
956 0.00267287 0.00292956 0.00286205 0.000267394 33.5706 10.2612
957 0.00269505 0.00323498 0.00286205 0.000267394 33.5706 10.2612
958 0.00274904 0.00337553 0.00286205 0.000267394 33.5706 10.2612
959 0.00274797 0.00327757 0.00286205 0.000267394 33.5706 10.2612
960 0.00271849 0.00336374 0.00286205 0.000267394 33.5706 10.2612
961 0.00284902 0.00497924 0.00286205 0.000267394 33.5706 10.2612
962 0.00275407 0.00338744 0.00286205 0.000267394 33.5706 10.2612
963 0.00259968 0.00344052 0.00286205 0.000267394 33.5706 10.2612
964 0.00284026 0.0042121 0.00286205 0.000267394 33.5706 10.2612
965 0.00278251 0.00348003 0.00286205 0.000267394 33.5706 10.2612
966 0.00278175 0.00354572 0.00286205 0.000267394 33.5706 10.2612
967 0.00264129 0.00350508 0.00286205 0.000267394 33.5706 10.2612
968 0.00271259 0.00316115 0.00286205 0.000267394 33.5706 10.2612
969 0.00290698 0.00443618 0.00286205 0.000267394 33.5706 10.2612
970 0.00298738 0.00386085 0.00286205 0.000267394 33.5706 10.2612
971 0.00292974 0.00350828 0.00286205 0.000267394 33.5706 10.2612
972 0.00281157 0.00448096 0.00286205 0.000267394 33.5706 10.2612
973 0.00289494 0.00358997 0.00286205 0.000267394 33.5706 10.2612
974 0.00297092 0.00358655 0.00286205 0.000267394 33.5706 10.2612
975 0.00272217 0.00344924 0.00286205 0.000267394 33.5706 10.2612
976 0.00301592 0.00442559 0.00286205 0.000267394 33.5706 10.2612
977 0.00270275 0.00344144 0.00286205 0.000267394 33.5706 10.2612
978 0.0030934 0.00358561 0.00286205 0.000267394 33.5706 10.2612
979 0.00289121 0.00376607 0.00286205 0.000267394 33.5706 10.2612
980 0.00297697 0.00372633 0.00286205 0.000267394 33.5706 10.2612
981 0.00268922 0.00357316 0.00286205 0.000267394 33.5706 10.2612
982 0.00302666 0.00327855 0.00286205 0.000267394 33.5706 10.2612
983 0.00287611 0.00389432 0.00286205 0.000267394 33.5706 10.2612
984 0.00286254 0.00334412 0.00286205 0.000267394 33.5706 10.2612
985 0.00285388 0.00455341 0.00286205 0.000267394 33.5706 10.2612
986 0.00307163 0.0038026 0.00286205 0.000267394 33.5706 10.2612
987 0.00309844 0.00435684 0.00286205 0.000267394 33.5706 10.2612
988 0.00287962 0.0041634 0.00286205 0.000267394 33.5706 10.2612
989 0.00297801 0.00474493 0.00286205 0.000267394 33.5706 10.2612
990 0.00286972 0.00370853 0.00286205 0.000267394 33.5706 10.2612
991 0.00292563 0.00433783 0.00286205 0.000267394 33.5706 10.2612
992 0.00307144 0.00310478 0.00286205 0.000267394 33.5706 10.2612
993 0.00296024 0.00386212 0.00286205 0.000267394 33.5706 10.2612
994 0.0030059 0.00321111 0.00286205 0.000267394 33.5706 10.2612
995 0.00305887 0.00356331 0.00286205 0.000267394 33.5706 10.2612
996 0.00296994 0.00362193 0.00286205 0.000267394 33.5706 10.2612
997 0.00316666 0.00757488 0.00286205 0.000267394 33.5706 10.2612
998 0.00311878 0.00358519 0.00286205 0.000267394 33.5706 10.2612
999 0.00308153 0.00426609 0.00286205 0.000267394 33.5706 10.2612
1000 0.00316917 0.00349915 0.00286205 0.000267394 33.5706 10.2612
1001 0.00293408 0.00336069 0.00286205 0.000267394 33.5706 10.2612
1002 0.00340469 0.00351842 0.00286205 0.000267394 33.5706 10.2612
1003 0.00297907 0.00382479 0.00286205 0.000267394 33.5706 10.2612
1004 0.00310635 0.00334925 0.00286205 0.000267394 33.5706 10.2612
1005 0.00306294 0.00449859 0.00286205 0.000267394 33.5706 10.2612
1006 0.00311381 0.00510046 0.00286205 0.000267394 33.5706 10.2612
1007 0.00344087 0.00419428 0.00286205 0.000267394 33.5706 10.2612
1008 0.00331843 0.0034728 0.00286205 0.000267394 33.5706 10.2612
1009 0.00307337 0.00500226 0.00286205 0.000267394 33.5706 10.2612
1010 0.00317237 0.00383721 0.00286205 0.000267394 33.5706 10.2612
1011 0.00318041 0.00370254 0.00286205 0.000267394 33.5706 10.2612
1012 0.00329223 0.00638255 0.00286205 0.000267394 33.5706 10.2612
1013 0.00321758 0.00354335 0.00286205 0.000267394 33.5706 10.2612
1014 0.00305025 0.00372627 0.00286205 0.000267394 33.5706 10.2612
1015 0.00337075 0.00563589 0.00286205 0.000267394 33.5706 10.2612
1016 0.00356552 0.00513487 0.00286205 0.000267394 33.5706 10.2612
1017 0.00296409 0.00317224 0.00286205 0.000267394 33.5706 10.2612
1018 0.00304869 0.00418148 0.00286205 0.000267394 33.5706 10.2612
1019 0.00385967 0.00362481 0.00286205 0.000267394 33.5706 10.2612
1020 0.00317278 0.00418878 0.00286205 0.000267394 33.5706 10.2612
1021 0.00343801 0.00538051 0.00286205 0.000267394 33.5706 10.2612
1022 0.00323483 0.00441828 0.00286205 0.000267394 33.5706 10.2612
1023 0.00364599 0.00391502 0.00286205 0.000267394 33.5706 10.2612
1024 0.00319279 0.0100416 0.00286205 0.000267394 33.5706 10.2612
1025 0.00324897 0.00441415 0.00286205 0.000267394 33.5706 10.2612
1026 0.00308792 0.00358969 0.00286205 0.000267394 33.5706 10.2612
1027 0.00364529 0.00346486 0.00286205 0.000267394 33.5706 10.2612
1028 0.00332433 0.00365846 0.00286205 0.000267394 33.5706 10.2612
1029 0.00342286 0.00374814 0.00286205 0.000267394 33.5706 10.2612
1030 0.00335732 0.0044974 0.00286205 0.000267394 33.5706 10.2612
1031 0.00344908 0.0045915 0.00286205 0.000267394 33.5706 10.2612
1032 0.00359509 0.00364145 0.00286205 0.000267394 33.5706 10.2612
1033 0.00361558 0.00393318 0.00286205 0.000267394 33.5706 10.2612
